#Insert size (bp)	insert size
1.0	40.0
2.0	55.0
3.0	58.0
4.0	47.0
5.0	56.0
6.0	68.0
7.0	65.0
8.0	44.0
9.0	50.0
10.0	54.0
11.0	68.0
12.0	59.0
13.0	69.0
14.0	66.0
15.0	64.0
16.0	72.0
17.0	76.0
18.0	55.0
19.0	80.0
20.0	80.0
21.0	79.0
22.0	64.0
23.0	68.0
24.0	94.0
25.0	104.0
26.0	89.0
27.0	98.0
28.0	89.0
29.0	109.0
30.0	109.0
31.0	34.0
32.0	46.0
33.0	53.0
34.0	53.0
35.0	49.0
36.0	49.0
37.0	48.0
38.0	59.0
39.0	103.0
40.0	2615.0
41.0	2537.0
42.0	2711.0
43.0	2666.0
44.0	2695.0
45.0	2683.0
46.0	2915.0
47.0	2907.0
48.0	2903.0
49.0	2747.0
50.0	3130.0
51.0	2998.0
52.0	2997.0
53.0	3141.0
54.0	3195.0
55.0	3158.0
56.0	3356.0
57.0	3214.0
58.0	3212.0
59.0	3416.0
60.0	3346.0
61.0	3464.0
62.0	3387.0
63.0	3272.0
64.0	3290.0
65.0	3293.0
66.0	3603.0
67.0	3424.0
68.0	3250.0
69.0	3497.0
70.0	3324.0
71.0	3268.0
72.0	3375.0
73.0	3532.0
74.0	3496.0
75.0	3591.0
76.0	3610.0
77.0	3355.0
78.0	3259.0
79.0	3506.0
80.0	3364.0
81.0	3516.0
82.0	3399.0
83.0	3390.0
84.0	3304.0
85.0	3295.0
86.0	3264.0
87.0	3384.0
88.0	3330.0
89.0	3307.0
90.0	3091.0
91.0	3109.0
92.0	2837.0
93.0	3236.0
94.0	3223.0
95.0	3113.0
96.0	3041.0
97.0	2849.0
98.0	2593.0
99.0	2991.0
100.0	2961.0
101.0	2912.0
102.0	2750.0
103.0	2652.0
104.0	2620.0
105.0	2590.0
106.0	2656.0
107.0	2768.0
108.0	2661.0
109.0	2659.0
110.0	2564.0
111.0	2359.0
112.0	2525.0
113.0	2583.0
114.0	2586.0
115.0	2431.0
116.0	2397.0
117.0	2396.0
118.0	2305.0
119.0	2439.0
120.0	2524.0
121.0	2409.0
122.0	2359.0
123.0	2311.0
124.0	2359.0
125.0	2125.0
126.0	2336.0
127.0	2410.0
128.0	2345.0
129.0	2231.0
130.0	2232.0
131.0	2132.0
132.0	1895.0
133.0	2256.0
134.0	2211.0
135.0	2172.0
136.0	2157.0
137.0	2011.0
138.0	2012.0
139.0	1899.0
140.0	1915.0
141.0	2064.0
142.0	2001.0
143.0	1947.0
144.0	2014.0
145.0	1891.0
146.0	1994.0
147.0	1881.0
148.0	1743.0
149.0	1878.0
150.0	1993.0
151.0	2018.0
152.0	1943.0
153.0	1978.0
154.0	1877.0
155.0	1799.0
156.0	1656.0
157.0	1832.0
158.0	1803.0
159.0	1798.0
160.0	1782.0
161.0	1862.0
162.0	1701.0
163.0	1691.0
164.0	1594.0
165.0	1720.0
166.0	1676.0
167.0	1643.0
168.0	1652.0
169.0	1709.0
170.0	1582.0
171.0	1615.0
172.0	1508.0
173.0	1580.0
174.0	1593.0
175.0	1648.0
176.0	1618.0
177.0	1630.0
178.0	1566.0
179.0	1596.0
180.0	1571.0
181.0	1595.0
182.0	1709.0
183.0	1656.0
184.0	1723.0
185.0	1798.0
186.0	1652.0
187.0	1698.0
188.0	1672.0
189.0	1870.0
190.0	1933.0
191.0	1936.0
192.0	1959.0
193.0	2084.0
194.0	2136.0
195.0	2146.0
196.0	2169.0
197.0	2296.0
198.0	2370.0
199.0	2382.0
200.0	2535.0
201.0	2563.0
202.0	2633.0
203.0	2671.0
204.0	2766.0
205.0	2941.0
206.0	3117.0
207.0	3156.0
208.0	3243.0
209.0	3495.0
210.0	3484.0
211.0	3644.0
212.0	3774.0
213.0	3911.0
214.0	4086.0
215.0	4212.0
216.0	4390.0
217.0	4753.0
218.0	4975.0
219.0	5043.0
220.0	5463.0
221.0	5755.0
222.0	5965.0
223.0	6205.0
224.0	6651.0
225.0	6645.0
226.0	7046.0
227.0	7328.0
228.0	7882.0
229.0	8048.0
230.0	8505.0
231.0	8611.0
232.0	8943.0
233.0	9353.0
234.0	9848.0
235.0	10177.0
236.0	10571.0
237.0	11114.0
238.0	11484.0
239.0	11908.0
240.0	12486.0
241.0	12787.0
242.0	13430.0
243.0	13831.0
244.0	14189.0
245.0	15177.0
246.0	15669.0
247.0	16248.0
248.0	16946.0
249.0	17454.0
250.0	18184.0
251.0	18676.0
252.0	19381.0
253.0	20065.0
254.0	20746.0
255.0	21703.0
256.0	22477.0
257.0	23261.0
258.0	23796.0
259.0	25049.0
260.0	25694.0
261.0	26903.0
262.0	27873.0
263.0	28605.0
264.0	29524.0
265.0	30054.0
266.0	31418.0
267.0	32034.0
268.0	33603.0
269.0	34242.0
270.0	35776.0
271.0	37070.0
272.0	37921.0
273.0	39167.0
274.0	40450.0
275.0	41537.0
276.0	43009.0
277.0	44267.0
278.0	45549.0
279.0	46719.0
280.0	47806.0
281.0	49776.0
282.0	50592.0
283.0	52221.0
284.0	53777.0
285.0	55234.0
286.0	56766.0
287.0	58689.0
288.0	59249.0
289.0	61726.0
290.0	62643.0
291.0	64505.0
292.0	66803.0
293.0	68206.0
294.0	70046.0
295.0	70994.0
296.0	73391.0
297.0	75557.0
298.0	77399.0
299.0	79017.0
300.0	80864.0
301.0	83018.0
302.0	84992.0
303.0	86768.0
304.0	88577.0
305.0	90318.0
306.0	92695.0
307.0	94476.0
308.0	96187.0
309.0	97689.0
310.0	100284.0
311.0	102381.0
312.0	105165.0
313.0	107208.0
314.0	109316.0
315.0	111235.0
316.0	113255.0
317.0	115378.0
318.0	117027.0
319.0	119012.0
320.0	121563.0
321.0	123916.0
322.0	125688.0
323.0	127670.0
324.0	130731.0
325.0	132393.0
326.0	134894.0
327.0	138426.0
328.0	139229.0
329.0	141176.0
330.0	143915.0
331.0	145207.0
332.0	148159.0
333.0	150143.0
334.0	152055.0
335.0	154793.0
336.0	157227.0
337.0	159351.0
338.0	160829.0
339.0	162945.0
340.0	164559.0
341.0	166295.0
342.0	169401.0
343.0	172037.0
344.0	173717.0
345.0	175309.0
346.0	178368.0
347.0	179808.0
348.0	181333.0
349.0	183653.0
350.0	184764.0
351.0	186625.0
352.0	188450.0
353.0	189768.0
354.0	192206.0
355.0	194392.0
356.0	195779.0
357.0	197848.0
358.0	199257.0
359.0	200269.0
360.0	201481.0
361.0	202791.0
362.0	205081.0
363.0	206836.0
364.0	208201.0
365.0	210261.0
366.0	211275.0
367.0	212395.0
368.0	214082.0
369.0	213898.0
370.0	216506.0
371.0	216757.0
372.0	217707.0
373.0	219598.0
374.0	219331.0
375.0	221125.0
376.0	222180.0
377.0	222085.0
378.0	223105.0
379.0	223661.0
380.0	225275.0
381.0	226007.0
382.0	226198.0
383.0	227336.0
384.0	228419.0
385.0	228591.0
386.0	228881.0
387.0	229918.0
388.0	231251.0
389.0	230428.0
390.0	231708.0
391.0	231131.0
392.0	230685.0
393.0	231602.0
394.0	231695.0
395.0	232326.0
396.0	232604.0
397.0	233200.0
398.0	233042.0
399.0	233031.0
400.0	232722.0
401.0	232933.0
402.0	233317.0
403.0	232332.0
404.0	231888.0
405.0	231884.0
406.0	231497.0
407.0	231491.0
408.0	231134.0
409.0	230769.0
410.0	230204.0
411.0	230734.0
412.0	227621.0
413.0	228258.0
414.0	228716.0
415.0	228306.0
416.0	228104.0
417.0	228212.0
418.0	228136.0
419.0	227006.0
420.0	225765.0
421.0	224440.0
422.0	224680.0
423.0	223210.0
424.0	222589.0
425.0	221146.0
426.0	221138.0
427.0	219908.0
428.0	220048.0
429.0	219019.0
430.0	217429.0
431.0	216737.0
432.0	214589.0
433.0	214630.0
434.0	214090.0
435.0	214052.0
436.0	211931.0
437.0	212056.0
438.0	211038.0
439.0	210130.0
440.0	208686.0
441.0	207075.0
442.0	206541.0
443.0	205006.0
444.0	204421.0
445.0	202963.0
446.0	201826.0
447.0	201446.0
448.0	200189.0
449.0	198792.0
450.0	198276.0
451.0	196910.0
452.0	195824.0
453.0	194729.0
454.0	193185.0
455.0	192442.0
456.0	190978.0
457.0	190361.0
458.0	188538.0
459.0	187308.0
460.0	185935.0
461.0	185645.0
462.0	183632.0
463.0	183144.0
464.0	182136.0
465.0	180387.0
466.0	179240.0
467.0	177434.0
468.0	177689.0
469.0	175603.0
470.0	175450.0
471.0	172812.0
472.0	172491.0
473.0	171116.0
474.0	170229.0
475.0	167764.0
476.0	167376.0
477.0	166177.0
478.0	165727.0
479.0	164461.0
480.0	162993.0
481.0	161743.0
482.0	159919.0
483.0	158960.0
484.0	157649.0
485.0	156565.0
486.0	155597.0
487.0	154390.0
488.0	152861.0
489.0	151308.0
490.0	151589.0
491.0	150322.0
492.0	148743.0
493.0	147483.0
494.0	146477.0
495.0	145808.0
496.0	144273.0
497.0	143222.0
498.0	142187.0
499.0	141592.0
500.0	142328.0
501.0	127848.0
502.0	127311.0
503.0	125841.0
504.0	124913.0
505.0	123965.0
506.0	122135.0
507.0	121656.0
508.0	120570.0
509.0	119897.0
510.0	118442.0
511.0	117160.0
512.0	116091.0
513.0	114364.0
514.0	116315.0
515.0	117258.0
516.0	111313.0
517.0	110656.0
518.0	109591.0
519.0	109046.0
520.0	108084.0
521.0	106391.0
522.0	106716.0
523.0	106214.0
524.0	107006.0
525.0	115375.0
526.0	153081.0
527.0	248589.0
528.0	436571.0
529.0	51974.0
530.0	51975.0
531.0	51582.0
532.0	52172.0
533.0	52267.0
534.0	52435.0
535.0	52656.0
536.0	53302.0
537.0	53859.0
538.0	54655.0
539.0	56559.0
540.0	58024.0
541.0	59129.0
542.0	61267.0
543.0	64008.0
544.0	66867.0
545.0	69142.0
546.0	70603.0
547.0	73019.0
548.0	74017.0
549.0	75230.0
550.0	75400.0
551.0	75182.0
552.0	74484.0
553.0	73469.0
554.0	73604.0
555.0	72072.0
556.0	71231.0
557.0	70436.0
558.0	70099.0
559.0	69274.0
560.0	67850.0
561.0	66279.0
562.0	66339.0
563.0	65146.0
564.0	64451.0
565.0	63818.0
566.0	63016.0
567.0	62330.0
568.0	61384.0
569.0	60863.0
570.0	60004.0
571.0	59300.0
572.0	58142.0
573.0	57465.0
574.0	56778.0
575.0	56820.0
576.0	55679.0
577.0	54801.0
578.0	53825.0
579.0	53693.0
580.0	52543.0
581.0	51944.0
582.0	51219.0
583.0	50778.0
584.0	49745.0
585.0	49023.0
586.0	48859.0
587.0	48346.0
588.0	47270.0
589.0	46609.0
590.0	46256.0
591.0	45304.0
592.0	44862.0
593.0	44196.0
594.0	43921.0
595.0	43065.0
596.0	42651.0
597.0	42068.0
598.0	41817.0
599.0	40926.0
600.0	40000.0
601.0	39819.0
602.0	39091.0
603.0	38316.0
604.0	37872.0
605.0	36971.0
606.0	36674.0
607.0	36137.0
608.0	36051.0
609.0	35269.0
610.0	34363.0
611.0	34014.0
612.0	33425.0
613.0	32828.0
614.0	32684.0
615.0	31923.0
616.0	31726.0
617.0	30773.0
618.0	30763.0
619.0	30300.0
620.0	29853.0
621.0	29557.0
622.0	28611.0
623.0	28337.0
624.0	27805.0
625.0	27600.0
626.0	27190.0
627.0	26749.0
628.0	26616.0
629.0	25990.0
630.0	25491.0
631.0	25103.0
632.0	24400.0
633.0	24284.0
634.0	23666.0
635.0	23525.0
636.0	22954.0
637.0	22608.0
638.0	22167.0
639.0	21916.0
640.0	21283.0
641.0	21290.0
642.0	21336.0
643.0	20513.0
644.0	20261.0
645.0	19923.0
646.0	19523.0
647.0	18867.0
648.0	18971.0
649.0	18739.0
650.0	18292.0
651.0	17912.0
652.0	17461.0
653.0	17311.0
654.0	17031.0
655.0	16811.0
656.0	16467.0
657.0	16031.0
658.0	15867.0
659.0	15732.0
660.0	15172.0
661.0	15025.0
662.0	14851.0
663.0	14511.0
664.0	14103.0
665.0	13957.0
666.0	13811.0
667.0	13617.0
668.0	13379.0
669.0	13138.0
670.0	12752.0
671.0	12676.0
672.0	12385.0
673.0	12293.0
674.0	12069.0
675.0	11705.0
676.0	11665.0
677.0	11208.0
678.0	11352.0
679.0	10986.0
680.0	10749.0
681.0	10532.0
682.0	10268.0
683.0	10278.0
684.0	9850.0
685.0	9642.0
686.0	9537.0
687.0	9431.0
688.0	9258.0
689.0	8973.0
690.0	8950.0
691.0	8714.0
692.0	8552.0
693.0	8565.0
694.0	8228.0
695.0	8162.0
696.0	7945.0
697.0	7923.0
698.0	7611.0
699.0	7734.0
700.0	7450.0
701.0	7388.0
702.0	7192.0
703.0	6999.0
704.0	7040.0
705.0	6701.0
706.0	6862.0
707.0	6638.0
708.0	6410.0
709.0	6280.0
710.0	6200.0
711.0	6036.0
712.0	5902.0
713.0	5842.0
714.0	5789.0
715.0	5673.0
716.0	5405.0
717.0	5473.0
718.0	5272.0
719.0	5254.0
720.0	5229.0
721.0	5126.0
722.0	4883.0
723.0	4882.0
724.0	4803.0
725.0	4744.0
726.0	4729.0
727.0	4463.0
728.0	4354.0
729.0	4307.0
730.0	4193.0
731.0	4224.0
732.0	4069.0
733.0	4027.0
734.0	4021.0
735.0	3837.0
736.0	3761.0
737.0	3875.0
738.0	3733.0
739.0	3577.0
740.0	3528.0
741.0	3466.0
742.0	3446.0
743.0	3299.0
744.0	3370.0
745.0	3180.0
746.0	3200.0
747.0	3020.0
748.0	3057.0
749.0	2931.0
750.0	3004.0
751.0	2842.0
752.0	2704.0
753.0	2726.0
754.0	2635.0
755.0	2621.0
756.0	2607.0
757.0	2626.0
758.0	2432.0
759.0	2459.0
760.0	2486.0
761.0	2381.0
762.0	2363.0
763.0	2308.0
764.0	2272.0
765.0	2180.0
766.0	2291.0
767.0	2174.0
768.0	2152.0
769.0	2045.0
770.0	1946.0
771.0	1906.0
772.0	1871.0
773.0	1974.0
774.0	1802.0
775.0	1807.0
776.0	1838.0
777.0	1740.0
778.0	1778.0
779.0	1769.0
780.0	1651.0
781.0	1660.0
782.0	1560.0
783.0	1634.0
784.0	1562.0
785.0	1527.0
786.0	1465.0
787.0	1458.0
788.0	1539.0
789.0	1514.0
790.0	1416.0
791.0	1371.0
792.0	1371.0
793.0	1322.0
794.0	1312.0
795.0	1337.0
796.0	1297.0
797.0	1270.0
798.0	1199.0
799.0	1218.0
800.0	1200.0
801.0	1122.0
802.0	1098.0
803.0	1118.0
804.0	1115.0
805.0	1170.0
806.0	1113.0
807.0	1083.0
808.0	1030.0
809.0	1036.0
810.0	962.0
811.0	973.0
812.0	991.0
813.0	969.0
814.0	938.0
815.0	923.0
816.0	903.0
817.0	890.0
818.0	895.0
819.0	868.0
820.0	892.0
821.0	889.0
822.0	826.0
823.0	780.0
824.0	785.0
825.0	774.0
826.0	748.0
827.0	797.0
828.0	764.0
829.0	707.0
830.0	750.0
831.0	676.0
832.0	724.0
833.0	753.0
834.0	658.0
835.0	668.0
836.0	646.0
837.0	653.0
838.0	646.0
839.0	634.0
840.0	608.0
841.0	632.0
842.0	669.0
843.0	616.0
844.0	608.0
845.0	657.0
846.0	577.0
847.0	604.0
848.0	584.0
849.0	615.0
850.0	566.0
851.0	524.0
852.0	495.0
853.0	503.0
854.0	531.0
855.0	530.0
856.0	545.0
857.0	522.0
858.0	508.0
859.0	513.0
860.0	519.0
861.0	527.0
862.0	442.0
863.0	444.0
864.0	454.0
865.0	481.0
866.0	458.0
867.0	425.0
868.0	408.0
869.0	447.0
870.0	391.0
871.0	464.0
872.0	461.0
873.0	391.0
874.0	425.0
875.0	460.0
876.0	416.0
877.0	389.0
878.0	413.0
879.0	412.0
880.0	355.0
881.0	404.0
882.0	398.0
883.0	400.0
884.0	371.0
885.0	375.0
886.0	386.0
887.0	347.0
888.0	364.0
889.0	336.0
890.0	403.0
891.0	361.0
892.0	357.0
893.0	330.0
894.0	374.0
895.0	367.0
896.0	328.0
897.0	361.0
898.0	316.0
899.0	338.0
900.0	323.0
901.0	316.0
902.0	304.0
903.0	342.0
904.0	312.0
905.0	283.0
906.0	298.0
907.0	304.0
908.0	285.0
909.0	318.0
910.0	278.0
911.0	316.0
912.0	267.0
913.0	273.0
914.0	289.0
915.0	290.0
916.0	294.0
917.0	290.0
918.0	268.0
919.0	274.0
920.0	291.0
921.0	290.0
922.0	277.0
923.0	286.0
924.0	301.0
925.0	259.0
926.0	277.0
927.0	253.0
928.0	250.0
929.0	252.0
930.0	276.0
931.0	250.0
932.0	259.0
933.0	302.0
934.0	270.0
935.0	278.0
936.0	279.0
937.0	246.0
938.0	249.0
939.0	267.0
940.0	252.0
941.0	255.0
942.0	233.0
943.0	243.0
944.0	253.0
945.0	219.0
946.0	232.0
947.0	202.0
948.0	256.0
949.0	236.0
950.0	215.0
951.0	228.0
952.0	211.0
953.0	223.0
954.0	263.0
955.0	223.0
956.0	220.0
957.0	205.0
958.0	192.0
959.0	241.0
960.0	227.0
961.0	234.0
962.0	205.0
963.0	239.0
964.0	206.0
965.0	209.0
966.0	244.0
967.0	262.0
968.0	209.0
969.0	223.0
970.0	232.0
971.0	219.0
972.0	231.0
973.0	199.0
974.0	227.0
