#Position (bp)	insert size	chromosomes
1473116.5	250.95921297552124	0.0
4419348.5	251.39120595520626	259.60094198244485
7365580.5	251.9612303171435	0.0
1.03118125E7	252.17767185148017	0.0
1.32580445E7	252.60003483713638	259.60094198244485
1.62042765E7	252.51715448861674	0.0
1.91505085E7	251.2122369466588	0.0
2.20967405E7	252.4821919142718	259.60094198244485
2.50429725E7	252.17268441271196	0.0
2.79892045E7	252.35837506460177	0.0
3.09354365E7	252.30056437717317	259.60094198244485
3.38816685E7	252.7181790208162	0.0
3.68279005E7	252.0385298723199	0.0
3.97741325E7	252.32946465396353	259.60094198244485
4.27203645E7	252.35180643961863	0.0
4.56665965E7	251.8611493339764	0.0
4.86128285E7	252.80799391707433	259.60094198244485
5.15590605E7	251.9163605002156	0.0
5.45052925E7	252.14888599340853	0.0
5.74515245E7	252.7956968511529	259.60094198244485
6.03977565E7	252.55430937539563	0.0
6.33439885E7	252.26716531553726	0.0
6.62902205E7	252.2583044637138	259.60094198244485
6.92364525E7	251.77451532527817	0.0
7.21826845E7	252.57821336359007	0.0
7.51289165E7	247.82969876850058	259.60094198244485
7.80751485E7	251.71409804973223	0.0
8.10213805E7	252.11476818404995	0.0
8.39676125E7	251.63397233282706	259.60094198244485
8.69138445E7	252.20250724471168	0.0
8.98600765E7	252.74847843177034	0.0
9.28063085E7	251.5149071064564	259.60094198244485
9.57525405E7	252.3740125474949	0.0
9.86987725E7	252.26347567901482	0.0
1.016450045E8	252.53151504195478	259.60094198244485
1.045912365E8	252.13183276072638	0.0
1.075374685E8	252.39824187011766	0.0
1.104837005E8	251.71905542800917	259.60094198244485
1.134299325E8	252.4795734013053	0.0
1.163761645E8	252.85214211436087	0.0
1.193223965E8	252.08232368116518	259.60094198244485
1.222686285E8	252.77009802714218	0.0
1.252148605E8	252.36950693914585	0.0
1.281610925E8	252.41215963144688	259.60094198244485
1.311073245E8	252.4159496523168	0.0
1.340535565E8	252.738467428061	0.0
1.369997885E8	252.81234581337978	259.60094198244485
1.399460205E8	252.25472341919004	0.0
1.428922525E8	252.42342718163857	0.0
1.458384845E8	252.50827920919278	259.60094198244485
1.487847165E8	252.56744026719193	0.0
1.517309485E8	252.60945655261983	0.0
1.546771805E8	252.46921872572338	259.60094198244485
1.576234125E8	251.63667538960277	0.0
1.605696445E8	252.6279299677903	0.0
1.635158765E8	251.26652023678784	259.60094198244485
1.664621085E8	250.11809142642736	0.0
1.694083405E8	252.61139527355132	0.0
1.723545725E8	251.19245016296026	259.60094198244485
1.753008045E8	251.1342286598228	0.0
1.782470365E8	251.27705172297524	0.0
1.811932685E8	252.3649427344309	259.60094198244485
1.841395005E8	251.96001078488413	0.0
1.870857325E8	252.24472662627434	0.0
1.900319645E8	251.95147582929727	259.60094198244485
1.929781965E8	252.55678747050214	0.0
1.959244285E8	250.27654915545418	0.0
1.988706605E8	250.1699944823781	259.60094198244485
2.018168925E8	251.185962192884	0.0
2.047631245E8	250.05083810866302	0.0
2.077093565E8	251.62957429400495	259.60094198244485
2.106555885E8	251.4086274509804	0.0
2.136018205E8	251.01501045166907	0.0
2.154737165E8	246.8596067101035	259.60094198244485
2.169468325E8	251.01152681765933	0.0
2.194942845E8	251.99393784223523	0.0
2.224405165E8	252.8205486522894	259.60094198244485
2.253867485E8	252.19527353870578	0.0
2.283329805E8	252.5997327491387	0.0
2.312792125E8	252.74010677656534	259.60094198244485
2.342254445E8	252.5518744427619	0.0
2.371716765E8	252.2033436407513	0.0
2.401179085E8	252.12414580588495	259.60094198244485
2.430641405E8	252.5589818971991	0.0
2.460103725E8	252.0173591577594	0.0
2.489566045E8	252.4741812908437	259.60094198244485
2.519028365E8	252.74104514322474	0.0
2.548490685E8	252.3491934265523	0.0
2.577953005E8	252.57196998092573	259.60094198244485
2.607415325E8	252.3670923271961	0.0
2.636877645E8	252.37350717358197	0.0
2.666339965E8	251.9906465817652	259.60094198244485
2.695802285E8	252.4055463303893	0.0
2.725264605E8	251.87359385246592	0.0
2.754726925E8	251.67281730825914	259.60094198244485
2.784189245E8	248.8378544935806	0.0
2.813651565E8	252.32376584898262	0.0
2.843113885E8	252.53638995623865	259.60094198244485
2.872576205E8	252.83549081593722	0.0
2.902038525E8	252.03542228074474	0.0
2.931500845E8	252.6566648624711	259.60094198244485
2.960963165E8	251.5999698545482	0.0
2.990425485E8	251.27031844983807	0.0
3.019887805E8	252.0001406540413	259.60094198244485
3.049350125E8	251.9745354829559	0.0
3.078812445E8	252.07840982546864	0.0
3.108274765E8	251.90113488372094	259.60094198244485
3.137737085E8	251.74260401370535	0.0
3.167199405E8	252.92433814789467	0.0
3.196661725E8	251.79992333139296	259.60094198244485
3.226124045E8	252.1771537604641	0.0
3.255586365E8	252.090461967852	0.0
3.285048685E8	252.02681968243988	259.60094198244485
3.314511005E8	252.19140036670814	0.0
3.343973325E8	252.4634802815253	0.0
3.373435645E8	252.41965471447543	259.60094198244485
3.402897965E8	252.50302682832233	0.0
3.432360285E8	252.51482249502322	0.0
3.461822605E8	252.64898815683569	259.60094198244485
3.491284925E8	252.22946817624896	0.0
3.520747245E8	251.74664415453668	0.0
3.550209565E8	252.51504739719823	259.60094198244485
3.579671885E8	252.17950897506586	0.0
3.609134205E8	252.24297481760414	0.0
3.638596525E8	251.77972667265797	259.60094198244485
3.668058845E8	251.96419166332262	0.0
3.697521165E8	253.03909761184386	0.0
3.726983485E8	252.13657191984188	259.60094198244485
3.756445805E8	250.3224269225243	0.0
3.785908125E8	251.3751246481023	0.0
3.804938555E8	249.3322625916108	259.60094198244485
3.819669715E8	249.1972485918335	0.0
3.844832765E8	251.9744792782675	0.0
3.874295085E8	251.92518611096017	259.60094198244485
3.903757405E8	252.40825664794642	0.0
3.933219725E8	251.7174328716982	0.0
3.962682045E8	252.03442110798355	259.60094198244485
3.992144365E8	251.8927258446693	0.0
4.021606685E8	245.17445504724483	0.0
4.051069005E8	252.32658544258058	259.60094198244485
4.080531325E8	252.48099783784707	0.0
4.109993645E8	252.5289785219009	0.0
4.139455965E8	252.43445305906758	259.60094198244485
4.168918285E8	252.94066557876582	0.0
4.198380605E8	250.53510088034804	0.0
4.227842925E8	251.99369576258087	259.60094198244485
4.257305245E8	252.62485242634966	0.0
4.286767565E8	252.5999123918587	0.0
4.316229885E8	252.23544987939133	259.60094198244485
4.345692205E8	252.4047637467014	0.0
4.375154525E8	252.12448479080493	0.0
4.404616845E8	252.2944274952765	259.60094198244485
4.434079165E8	252.61326025761323	0.0
4.463541485E8	252.30908278293688	0.0
4.493003805E8	252.2210802900286	259.60094198244485
4.522466125E8	252.32856696502418	0.0
4.551928445E8	251.8462060441558	0.0
4.581390765E8	252.66207627118644	259.60094198244485
4.610853085E8	251.92147015066948	0.0
4.640315405E8	250.9202193102954	0.0
4.669777725E8	252.47415822766857	259.60094198244485
4.699240045E8	252.69998110032128	0.0
4.728702365E8	252.9160031881251	0.0
4.758164685E8	252.12065027183715	259.60094198244485
4.787627005E8	251.1758252055028	0.0
4.817089325E8	251.98081900692867	0.0
4.846551645E8	252.44968127561984	259.60094198244485
4.876013965E8	252.23402772119468	0.0
4.905476285E8	252.9575145120329	0.0
4.934938605E8	252.26867672045336	259.60094198244485
4.964400925E8	251.964026937175	0.0
4.993863245E8	251.77545262002434	0.0
5.023325565E8	251.38659147869674	259.60094198244485
5.05119797E8	251.29330554397666	0.0
5.06592913E8	251.0811766986527	0.0
5.082250205E8	250.59742942258012	259.60094198244485
5.111712525E8	251.34930582798313	0.0
5.141174845E8	251.88215468698243	0.0
5.170637165E8	251.78712012111814	259.60094198244485
5.200099485E8	252.234526682993	0.0
5.229561805E8	252.20429324746837	0.0
5.259024125E8	244.53026107741758	259.60094198244485
5.288486445E8	251.83265642348053	0.0
5.317948765E8	252.0394297029703	0.0
5.347411085E8	252.11899497129	259.60094198244485
5.376873405E8	252.201205860403	0.0
5.406335725E8	252.6816145604912	0.0
5.435798045E8	252.09647454270677	259.60094198244485
5.465260365E8	252.63428035473055	0.0
5.494722685E8	251.60979816314594	0.0
5.524185005E8	252.08683694996986	259.60094198244485
5.553647325E8	252.27517864868494	0.0
5.583109645E8	252.4581023068423	0.0
5.612571965E8	252.38993088945008	259.60094198244485
5.642034285E8	252.68780187846508	0.0
5.671496605E8	252.40243025876137	0.0
5.700958925E8	251.90780290048897	259.60094198244485
5.730421245E8	252.1283395399954	0.0
5.759883565E8	252.05022061375243	0.0
5.789345885E8	251.99322514888684	259.60094198244485
5.818808205E8	251.1850620567376	0.0
5.848270525E8	251.34839957791067	0.0
5.875864595E8	250.80139722706375	259.60094198244485
5.890595755E8	250.9938297151887	0.0
5.907195165E8	252.55790565615047	0.0
5.936657485E8	252.137093573154	259.60094198244485
5.966119805E8	252.1984279622042	0.0
5.995582125E8	252.01794366048026	0.0
6.025044445E8	252.78602960764167	259.60094198244485
6.054506765E8	252.37219512520602	0.0
6.083969085E8	240.04390913814862	0.0
6.113431405E8	252.36492138701715	259.60094198244485
6.142893725E8	253.04219844974048	0.0
6.172356045E8	253.32401821693412	0.0
6.201818365E8	252.75634307528856	259.60094198244485
6.231280685E8	252.4006891891892	0.0
6.260743005E8	252.26907939321273	0.0
6.290205325E8	252.1843983901222	259.60094198244485
6.319667645E8	252.6895685395125	0.0
6.349129965E8	252.17792951099509	0.0
6.378592285E8	252.59593825109286	259.60094198244485
6.408054605E8	251.53396417462503	0.0
6.437516925E8	251.94293148668402	0.0
6.466979245E8	252.81825239776933	259.60094198244485
6.496441565E8	252.1762877402265	0.0
6.525903885E8	251.67518868106626	0.0
6.555366205E8	252.27180685358255	259.60094198244485
6.58437679E8	251.3127610741336	0.0
6.59910795E8	252.25744431418522	0.0
6.614290845E8	252.07042612640367	259.60094198244485
6.643753165E8	252.18258334421176	0.0
6.673215485E8	252.27789246736043	0.0
6.702677805E8	253.04129494678824	259.60094198244485
6.732140125E8	253.00871411073513	0.0
6.761602445E8	252.8802609765228	0.0
6.791064765E8	251.75558846068918	259.60094198244485
6.820527085E8	252.49721813453746	0.0
6.849989405E8	251.26549705986	0.0
6.879451725E8	251.78670027728762	259.60094198244485
6.908914045E8	239.43206038105484	0.0
6.938376365E8	252.2322132039369	0.0
6.967838685E8	251.7775695595041	259.60094198244485
6.997301005E8	252.68877781439573	0.0
7.026763325E8	252.25744905081916	0.0
7.056225645E8	252.36086125233564	259.60094198244485
7.085687965E8	252.06306199364928	0.0
7.112236495E8	252.5438322631	0.0
7.126967655E8	252.25570561308965	259.60094198244485
7.144612605E8	252.01384606734203	0.0
7.174074925E8	252.72193695621166	0.0
7.203537245E8	252.3561279427653	259.60094198244485
7.232999565E8	252.8274610829236	0.0
7.262461885E8	252.29842052201187	0.0
7.291924205E8	253.0308027224502	259.60094198244485
7.321386525E8	252.17202734752436	0.0
7.350848845E8	252.05825229532243	0.0
7.380311165E8	209.0542947639108	259.60094198244485
7.409773485E8	252.53370360816433	0.0
7.439235805E8	252.63181885483428	0.0
7.468698125E8	252.39107598901364	259.60094198244485
7.498160445E8	252.46246782761077	0.0
7.527622765E8	252.76121875802923	0.0
7.557085085E8	251.9125930290468	259.60094198244485
7.586547405E8	252.43233145720487	0.0
7.601416665E8	253.9909872434831	0.0
7.616147825E8	252.04434619830994	259.60094198244485
7.645472045E8	252.0625401259526	0.0
7.674934365E8	252.89469057890312	0.0
7.704396685E8	252.40100550377244	259.60094198244485
7.733859005E8	251.78404184888524	0.0
7.763321325E8	252.44396806341584	0.0
7.792783645E8	244.74901342711516	259.60094198244485
7.822245965E8	252.81533186510381	0.0
7.851708285E8	252.03965792371835	0.0
7.881170605E8	252.7623040426788	259.60094198244485
7.910632925E8	252.73546932596102	0.0
7.940095245E8	252.54435617245713	0.0
7.969557565E8	252.54747582847443	259.60094198244485
7.999019885E8	252.85330508078047	0.0
8.026961355E8	252.42837652821166	0.0
8.041692515E8	251.64753611715813	259.60094198244485
8.057944525E8	251.909192027955	0.0
8.087406845E8	252.29571793895207	0.0
8.116869165E8	252.39036356483302	259.60094198244485
8.146331485E8	252.74965868189153	0.0
8.175793805E8	252.31566204287515
8.205256125E8	252.83729932276805
8.234718445E8	253.23598333233767
8.264180765E8	251.058439766955
8.293643085E8	250.43358923520734
8.323105405E8	252.19503747866312
8.352567725E8	252.4073127548609
8.382030045E8	252.6025038990981
8.411492365E8	252.43807360547973
8.440954685E8	251.9518908273275
8.466781495E8	252.77510009716835
8.481512655E8	251.13466118207404
8.499879325E8	252.1002886274746
8.529341645E8	251.61849056603774
8.558803965E8	252.6282505862861
8.588266285E8	252.4071729028564
8.617728605E8	251.97416602349713
8.647190925E8	251.87543772960663
8.676653245E8	252.49762598802312
8.706115565E8	252.99751823338735
8.735577885E8	253.34488772304056
8.765040205E8	251.70763017700637
8.794502525E8	252.34891370352878
8.823964845E8	252.2722630025339
8.853427165E8	252.00302204082544
8.88046739E8	252.1092571416582
8.89519855E8	252.17515536341529
8.912351805E8	251.83535079885633
8.941814125E8	252.26204081632653
8.971276445E8	252.45649388204075
9.000738765E8	252.61893539072577
9.030201085E8	252.84433607308068
9.059663405E8	252.50968045067256
9.089125725E8	252.22725876519374
9.118588045E8	252.6042924959326
9.148050365E8	221.96431359959413
9.177512685E8	252.14165312294014
9.206975005E8	252.82210426520535
9.236437325E8	253.05209432132636
9.265899645E8	251.7506319841825
9.281577005E8	251.92608825580237
9.296308165E8	252.6166403115048
9.324824285E8	251.84361178525256
9.354286605E8	252.28180617903354
9.383748925E8	252.29906957928802
9.413211245E8	252.29562143646652
9.442673565E8	252.60740649807676
9.472135885E8	252.12377457898202
9.501598205E8	252.74402107663875
9.531060525E8	252.75588619684328
9.560522845E8	252.60403334778064
9.589985165E8	252.21316684693974
9.619447485E8	251.8698995335849
9.63608251E8	250.06319180087849
9.65081367E8	252.48325654500516
9.678372125E8	252.85689023241474
9.707834445E8	252.7796954477968
9.737296765E8	253.04572827085246
9.766759085E8	251.395395779837
9.796221405E8	239.93090646768155
9.825683725E8	250.9579446661804
9.855146045E8	252.34726400618604
9.884608365E8	252.25677122470557
9.914070685E8	252.42797997986645
9.943533005E8	252.43606994171523
9.96973979E8	251.55965590709246
9.98447095E8	208.9648331902172
1.0002457645E9	252.47324934430952
1.0031919965E9	252.8092466314947
1.0061382285E9	252.6365431506992
1.0090844605E9	252.05803279040552
1.0109513325E9	251.98007243112735
1.0124244485E9	251.69282554453298
1.0149769245E9	252.90715989780966
1.0179231565E9	252.97844006142802
1.0208693885E9	252.17392954560407
1.023418539E9	252.30620377193702
1.024891655E9	252.3191129628791
1.0267618525E9	252.03829698965436
1.0297080845E9	252.32530947449544
1.0326543165E9	252.11384819565174
1.034194805E9	246.93101782668418
1.035667921E9	252.89403182917968
1.0385467805E9	252.10869731764075
1.0414841345E9	243.66395777907894
1.0429572505E9	259.60094198244485
1.0444392445E9	251.47779835456646
1.0473854765E9	252.8158312084956
1.0500931455E9	252.57253716712955
1.0515662615E9	251.8486975256251
1.0532779405E9	251.80804844576636
1.0562241725E9	251.04765157109745
1.0585794415E9	251.46490791438526
1.0600525575E9	252.82474295633597
1.0621166365E9	252.34038985250305
1.0650628685E9	252.382912649406
1.0668876105E9	252.8268588864088
1.0683607265E9	250.45188800545802
1.0709553325E9	251.68193051063497
1.0733928775E9	252.32673736880812
1.0748659935E9	228.49204400510203
1.0768477965E9	251.7174069315281
1.0794745915E9	251.66096713077454
1.0809477075E9	247.76631618387466
1.082564658E9	251.71689767739267
1.084037774E9	249.79948505400654
1.085319423E9	251.21833007796104
1.086792539E9	248.13572087304027
1.087255665E9	247.36670095750574
1.088728781E9	249.96064244170535
1.0915789565E9	250.80300649520018
1.0945251885E9	248.561147843296
1.0974714205E9	250.98590651783724
1.1004176525E9	250.61404139951432
1.1033638845E9	250.40628144695725
1.1063101165E9	251.34956117980195
1.1092563485E9	251.16200538636835
1.1122025805E9	251.38202919990843
1.1151488125E9	251.42874118310203
1.1180950445E9	251.54496012934993
1.1210412765E9	250.68165066654535
1.1239875085E9	251.0610608292991
1.1269337405E9	251.17741475715383
1.1298799725E9	251.38434966370676
1.1328262045E9	249.79869466856192
1.1357724365E9	249.8316755438619
1.1387186685E9	251.69001976982278
1.1416649005E9	249.65724728417206
1.1446111325E9	249.98657856700393
1.1475573645E9	250.77324834704848
1.1505035965E9	251.370350316747
1.1534498285E9	251.06147502132904
1.1563960605E9	251.6003280653607
1.1593422925E9	251.12414453315952
1.1622885245E9	250.51169740774387
1.1652347565E9	251.57291079720986
1.1681809885E9	251.0984327534874
1.1707663265E9	251.59724584631712
1.1718881035E9	231.52773617450188
1.171912573E9	244.30619865571322
1.1719423915E9	206.42604856512142
1.1719716865E9	246.73315905891815
1.1719998695E9	251.30777422790203
1.1720271865E9	237.50059880239522
1.172053963E9	248.64638447971782
1.172080324E9	241.64350797266516
1.172105473E9	247.77681660899654
1.1721293445E9	250.21199671322924
1.1721530725E9	244.87615283267456
1.1721767445E9	237.49253731343285
1.1722002915E9	235.53932584269663
1.1722236575E9	221.38746438746438
1.172246207E9	228.98093725178714
1.1722677735E9	228.4642126789366
1.1722889615E9	218.5879120879121
1.1723099925E9	229.10270270270271
1.1723290745E9	246.32267477203646
1.172344497E9	241.9515306122449
1.1724758145E9	247.07182524990745
1.172785965E9	251.43265712154047
1.173312376E9	248.21786634863233
1.173847659E9	249.88771612677493
1.1742281915E9	234.64528264528263
1.1745383545E9	243.95126271802326
1.1747839385E9	245.22541662899678
1.175021832E9	190.13061015429926
1.1752406195E9	247.362608978303
1.1754447675E9	251.22088167053363
1.1756302895E9	231.00365887981988
1.1758017095E9	252.53159224936815
1.1759743985E9	246.4325020489404
1.1761449175E9	247.48525576308262
1.1763080145E9	246.86484649371246
1.176454614E9	245.8548785807765
1.1765908095E9	221.10107705053852
1.1767148905E9	246.56428703191293
1.176828827E9	246.73111342351717
1.1769415455E9	251.2739465518967
1.1770466005E9	235.99369482976041
1.1771437885E9	100.43662891986062
1.177227665E9	242.64403829416884
1.1772982075E9	251.06857433118861
1.1773658055E9	247.37898657800764
1.1774300485E9	215.0114195787265
1.1774925145E9	246.69580869118025
1.17755326E9	248.78530259365994
1.1776102095E9	132.78158618964224
1.177664105E9	244.3227870600782
1.177715901E9	246.96487294469358
1.1777667665E9	222.21138211382114
1.177815724E9	241.57602443369814
1.1778623185E9	247.03506143242433
1.177908416E9	253.38501628664494
1.1779522895E9	165.86569064290262
1.1779928755E9	237.56754221388368
1.178031512E9	229.94569732937686
1.178069269E9	243.69586233565352
1.1781066915E9	67.0
1.178143855E9	250.6410016286645
1.178180591E9	242.34342258440046
1.178216752E9	247.67882632831086
1.178252379E9	237.35070628348757
1.178286871E9	251.02745664739885
1.1783202805E9	241.92010092514718
1.1783530415E9	247.57794361525706
1.1783849895E9	226.46749521988528
1.1784162885E9	231.32394366197184
1.178447326E9	211.94177215189873
1.1784776715E9	251.4565391232704
