#Insert size (bp)	insert size
1.0	11838.0
2.0	590.0
3.0	187.0
4.0	160.0
5.0	129.0
6.0	115.0
7.0	128.0
8.0	112.0
9.0	116.0
10.0	114.0
11.0	123.0
12.0	114.0
13.0	110.0
14.0	115.0
15.0	106.0
16.0	131.0
17.0	110.0
18.0	98.0
19.0	125.0
20.0	87.0
21.0	97.0
22.0	103.0
23.0	108.0
24.0	107.0
25.0	106.0
26.0	101.0
27.0	95.0
28.0	116.0
29.0	104.0
30.0	105.0
31.0	59.0
32.0	54.0
33.0	65.0
34.0	68.0
35.0	72.0
36.0	76.0
37.0	90.0
38.0	104.0
39.0	208.0
40.0	6451.0
41.0	6597.0
42.0	6479.0
43.0	6348.0
44.0	6277.0
45.0	6209.0
46.0	6667.0
47.0	6434.0
48.0	6401.0
49.0	6629.0
50.0	6449.0
51.0	6398.0
52.0	6347.0
53.0	6246.0
54.0	6414.0
55.0	6458.0
56.0	6668.0
57.0	6501.0
58.0	6699.0
59.0	6709.0
60.0	6400.0
61.0	6669.0
62.0	6518.0
63.0	6737.0
64.0	6811.0
65.0	6738.0
66.0	7008.0
67.0	6877.0
68.0	6978.0
69.0	7301.0
70.0	7332.0
71.0	7446.0
72.0	7560.0
73.0	7909.0
74.0	8079.0
75.0	8360.0
76.0	8604.0
77.0	8675.0
78.0	9029.0
79.0	9447.0
80.0	9584.0
81.0	10273.0
82.0	10371.0
83.0	10743.0
84.0	11431.0
85.0	11999.0
86.0	12350.0
87.0	13186.0
88.0	13808.0
89.0	14557.0
90.0	15480.0
91.0	16347.0
92.0	16918.0
93.0	18316.0
94.0	19269.0
95.0	19935.0
96.0	21433.0
97.0	22652.0
98.0	24010.0
99.0	25574.0
100.0	26987.0
101.0	28612.0
102.0	30053.0
103.0	31886.0
104.0	33643.0
105.0	35539.0
106.0	37954.0
107.0	39930.0
108.0	42416.0
109.0	45371.0
110.0	47169.0
111.0	49717.0
112.0	52443.0
113.0	55038.0
114.0	58004.0
115.0	61464.0
116.0	64628.0
117.0	67548.0
118.0	70561.0
119.0	74129.0
120.0	76874.0
121.0	80361.0
122.0	83876.0
123.0	87565.0
124.0	91085.0
125.0	94283.0
126.0	97747.0
127.0	100993.0
128.0	105445.0
129.0	109453.0
130.0	112825.0
131.0	117085.0
132.0	120587.0
133.0	124534.0
134.0	128460.0
135.0	131123.0
136.0	136846.0
137.0	140037.0
138.0	143427.0
139.0	146694.0
140.0	151435.0
141.0	155222.0
142.0	158696.0
143.0	163013.0
144.0	165343.0
145.0	169362.0
146.0	172846.0
147.0	175722.0
148.0	179366.0
149.0	182630.0
150.0	186185.0
151.0	190154.0
152.0	194394.0
153.0	197956.0
154.0	200746.0
155.0	204088.0
156.0	206685.0
157.0	210915.0
158.0	213380.0
159.0	215991.0
160.0	219046.0
161.0	222268.0
162.0	225393.0
163.0	228389.0
164.0	230407.0
165.0	233051.0
166.0	236932.0
167.0	238487.0
168.0	241063.0
169.0	243496.0
170.0	245561.0
171.0	247757.0
172.0	248745.0
173.0	252120.0
174.0	252965.0
175.0	256111.0
176.0	258528.0
177.0	259235.0
178.0	262139.0
179.0	263330.0
180.0	265304.0
181.0	267018.0
182.0	268313.0
183.0	270304.0
184.0	271018.0
185.0	271834.0
186.0	272794.0
187.0	274127.0
188.0	276435.0
189.0	277736.0
190.0	279149.0
191.0	279277.0
192.0	279340.0
193.0	280410.0
194.0	281409.0
195.0	282319.0
196.0	282064.0
197.0	284061.0
198.0	284735.0
199.0	284206.0
200.0	285391.0
201.0	285348.0
202.0	285093.0
203.0	285371.0
204.0	286292.0
205.0	286643.0
206.0	285326.0
207.0	286609.0
208.0	286750.0
209.0	286234.0
210.0	285792.0
211.0	285938.0
212.0	285757.0
213.0	284635.0
214.0	284731.0
215.0	283757.0
216.0	283305.0
217.0	282937.0
218.0	283426.0
219.0	283157.0
220.0	283201.0
221.0	280510.0
222.0	280889.0
223.0	280094.0
224.0	279588.0
225.0	278136.0
226.0	278010.0
227.0	275467.0
228.0	275932.0
229.0	274019.0
230.0	273161.0
231.0	271897.0
232.0	271924.0
233.0	270756.0
234.0	268422.0
235.0	266420.0
236.0	266285.0
237.0	265093.0
238.0	264371.0
239.0	262985.0
240.0	261321.0
241.0	260448.0
242.0	259182.0
243.0	255761.0
244.0	256339.0
245.0	254655.0
246.0	253719.0
247.0	252366.0
248.0	250085.0
249.0	249084.0
250.0	247011.0
251.0	245826.0
252.0	244273.0
253.0	242312.0
254.0	241864.0
255.0	239615.0
256.0	238507.0
257.0	236024.0
258.0	235676.0
259.0	233279.0
260.0	231599.0
261.0	230009.0
262.0	228635.0
263.0	227247.0
264.0	225248.0
265.0	223598.0
266.0	222184.0
267.0	221192.0
268.0	218625.0
269.0	218953.0
270.0	216828.0
271.0	214646.0
272.0	212896.0
273.0	211492.0
274.0	209737.0
275.0	207857.0
276.0	206524.0
277.0	204654.0
278.0	203683.0
279.0	201536.0
280.0	200609.0
281.0	198893.0
282.0	196443.0
283.0	195682.0
284.0	193943.0
285.0	192172.0
286.0	191262.0
287.0	189797.0
288.0	187989.0
289.0	186657.0
290.0	185041.0
291.0	183287.0
292.0	181642.0
293.0	180501.0
294.0	178735.0
295.0	177597.0
296.0	175077.0
297.0	174191.0
298.0	172583.0
299.0	171786.0
300.0	169773.0
301.0	168734.0
302.0	167168.0
303.0	165923.0
304.0	163483.0
305.0	162473.0
306.0	160903.0
307.0	159539.0
308.0	158749.0
309.0	157798.0
310.0	155681.0
311.0	154294.0
312.0	152904.0
313.0	152109.0
314.0	150269.0
315.0	148806.0
316.0	147781.0
317.0	145601.0
318.0	144469.0
319.0	143321.0
320.0	142061.0
321.0	140747.0
322.0	139399.0
323.0	138016.0
324.0	137374.0
325.0	135392.0
326.0	134137.0
327.0	132529.0
328.0	131940.0
329.0	130257.0
330.0	129411.0
331.0	128029.0
332.0	127098.0
333.0	125619.0
334.0	124097.0
335.0	123809.0
336.0	121829.0
337.0	120431.0
338.0	119544.0
339.0	118949.0
340.0	117278.0
341.0	117156.0
342.0	115086.0
343.0	114336.0
344.0	112944.0
345.0	111492.0
346.0	110371.0
347.0	109409.0
348.0	108564.0
349.0	107921.0
350.0	105653.0
351.0	105357.0
352.0	104192.0
353.0	103468.0
354.0	102123.0
355.0	101226.0
356.0	100213.0
357.0	99452.0
358.0	97511.0
359.0	97529.0
360.0	96073.0
361.0	94530.0
362.0	93999.0
363.0	93017.0
364.0	92031.0
365.0	91271.0
366.0	90046.0
367.0	89389.0
368.0	88001.0
369.0	87924.0
370.0	87375.0
371.0	86531.0
372.0	85360.0
373.0	84388.0
374.0	83158.0
375.0	82523.0
376.0	81612.0
377.0	81076.0
378.0	79834.0
379.0	78813.0
380.0	78156.0
381.0	77329.0
382.0	76437.0
383.0	75522.0
384.0	74612.0
385.0	73756.0
386.0	73174.0
387.0	72022.0
388.0	72010.0
389.0	70728.0
390.0	70184.0
391.0	69492.0
392.0	68548.0
393.0	67871.0
394.0	67065.0
395.0	66171.0
396.0	65912.0
397.0	65154.0
398.0	64704.0
399.0	64064.0
400.0	63191.0
401.0	62753.0
402.0	61999.0
403.0	61386.0
404.0	60956.0
405.0	59922.0
406.0	59670.0
407.0	58575.0
408.0	57824.0
409.0	57066.0
410.0	56458.0
411.0	56307.0
412.0	55024.0
413.0	54676.0
414.0	53999.0
415.0	53517.0
416.0	53357.0
417.0	52730.0
418.0	51818.0
419.0	51073.0
420.0	50564.0
421.0	49437.0
422.0	49432.0
423.0	48702.0
424.0	48112.0
425.0	47790.0
426.0	47063.0
427.0	46547.0
428.0	45990.0
429.0	45229.0
430.0	44518.0
431.0	44627.0
432.0	43330.0
433.0	43818.0
434.0	42992.0
435.0	42300.0
436.0	41916.0
437.0	41355.0
438.0	40901.0
439.0	40525.0
440.0	40140.0
441.0	39556.0
442.0	38857.0
443.0	38354.0
444.0	38220.0
445.0	37729.0
446.0	37128.0
447.0	36815.0
448.0	36883.0
449.0	36023.0
450.0	35582.0
451.0	35181.0
452.0	34773.0
453.0	34321.0
454.0	33777.0
455.0	33641.0
456.0	33220.0
457.0	32542.0
458.0	32334.0
459.0	31659.0
460.0	31681.0
461.0	30930.0
462.0	30823.0
463.0	30473.0
464.0	30227.0
465.0	29841.0
466.0	29480.0
467.0	28852.0
468.0	28917.0
469.0	28291.0
470.0	27988.0
471.0	27819.0
472.0	27571.0
473.0	27113.0
474.0	26743.0
475.0	26657.0
476.0	26000.0
477.0	25731.0
478.0	25381.0
479.0	25011.0
480.0	24718.0
481.0	24798.0
482.0	24548.0
483.0	23747.0
484.0	23791.0
485.0	23238.0
486.0	23055.0
487.0	22985.0
488.0	22902.0
489.0	22485.0
490.0	22168.0
491.0	21801.0
492.0	21523.0
493.0	21499.0
494.0	21184.0
495.0	20948.0
496.0	20819.0
497.0	20592.0
498.0	20283.0
499.0	20415.0
500.0	19814.0
501.0	17100.0
502.0	16732.0
503.0	16367.0
504.0	16024.0
505.0	16146.0
506.0	15960.0
507.0	15617.0
508.0	15571.0
509.0	15398.0
510.0	15009.0
511.0	14699.0
512.0	14780.0
513.0	14944.0
514.0	15348.0
515.0	17434.0
516.0	13261.0
517.0	13148.0
518.0	13081.0
519.0	13140.0
520.0	13160.0
521.0	13047.0
522.0	13006.0
523.0	12895.0
524.0	12997.0
525.0	13248.0
526.0	15217.0
527.0	20566.0
528.0	31382.0
529.0	7451.0
530.0	7590.0
531.0	7496.0
532.0	7471.0
533.0	7542.0
534.0	7563.0
535.0	7686.0
536.0	7570.0
537.0	7883.0
538.0	7889.0
539.0	8074.0
540.0	8156.0
541.0	8237.0
542.0	8286.0
543.0	8457.0
544.0	8538.0
545.0	8711.0
546.0	8635.0
547.0	8617.0
548.0	8541.0
549.0	8321.0
550.0	8468.0
551.0	8242.0
552.0	8450.0
553.0	8344.0
554.0	8105.0
555.0	8086.0
556.0	8054.0
557.0	7809.0
558.0	7773.0
559.0	7554.0
560.0	7376.0
561.0	7505.0
562.0	7514.0
563.0	7248.0
564.0	7077.0
565.0	7086.0
566.0	6903.0
567.0	6661.0
568.0	6658.0
569.0	6725.0
570.0	6640.0
571.0	6426.0
572.0	6463.0
573.0	6354.0
574.0	6306.0
575.0	6154.0
576.0	6119.0
577.0	6106.0
578.0	5974.0
579.0	5918.0
580.0	5557.0
581.0	5632.0
582.0	5584.0
583.0	5546.0
584.0	5464.0
585.0	5542.0
586.0	5187.0
587.0	5164.0
588.0	5187.0
589.0	5129.0
590.0	5126.0
591.0	5116.0
592.0	4866.0
593.0	4840.0
594.0	4837.0
595.0	4673.0
596.0	4608.0
597.0	4498.0
598.0	4598.0
599.0	4546.0
600.0	4346.0
601.0	4394.0
602.0	4268.0
603.0	4303.0
604.0	4173.0
605.0	4154.0
606.0	4094.0
607.0	3864.0
608.0	3992.0
609.0	3988.0
610.0	3953.0
611.0	3881.0
612.0	3700.0
613.0	3648.0
614.0	3628.0
615.0	3669.0
616.0	3566.0
617.0	3579.0
618.0	3416.0
619.0	3310.0
620.0	3322.0
