#Insert size (bp)	insert size
1.0	187.0
2.0	211.0
3.0	199.0
4.0	172.0
5.0	178.0
6.0	210.0
7.0	221.0
8.0	214.0
9.0	192.0
10.0	203.0
11.0	195.0
12.0	218.0
13.0	208.0
14.0	214.0
15.0	184.0
16.0	192.0
17.0	179.0
18.0	195.0
19.0	203.0
20.0	185.0
21.0	207.0
22.0	178.0
23.0	211.0
24.0	229.0
25.0	248.0
26.0	268.0
27.0	252.0
28.0	245.0
29.0	277.0
30.0	263.0
31.0	171.0
32.0	148.0
33.0	143.0
34.0	174.0
35.0	158.0
36.0	165.0
37.0	171.0
38.0	176.0
39.0	256.0
40.0	2231.0
41.0	2249.0
42.0	2268.0
43.0	2234.0
44.0	2297.0
45.0	2274.0
46.0	2295.0
47.0	2300.0
48.0	2501.0
49.0	2473.0
50.0	2534.0
51.0	2711.0
52.0	2755.0
53.0	2795.0
54.0	2921.0
55.0	2972.0
56.0	3096.0
57.0	3114.0
58.0	3298.0
59.0	3346.0
60.0	3298.0
61.0	3084.0
62.0	2858.0
63.0	2814.0
64.0	2822.0
65.0	2922.0
66.0	2960.0
67.0	3049.0
68.0	3338.0
69.0	3484.0
70.0	3565.0
71.0	3640.0
72.0	3720.0
73.0	3901.0
74.0	3825.0
75.0	3731.0
76.0	4071.0
77.0	4011.0
78.0	4078.0
79.0	4180.0
80.0	4495.0
81.0	4706.0
82.0	4895.0
83.0	5258.0
84.0	5644.0
85.0	5784.0
86.0	6242.0
87.0	6619.0
88.0	6893.0
89.0	7393.0
90.0	7560.0
91.0	8324.0
92.0	8852.0
93.0	9556.0
94.0	10139.0
95.0	10541.0
96.0	11322.0
97.0	12016.0
98.0	12836.0
99.0	13091.0
100.0	14338.0
101.0	15553.0
102.0	16283.0
103.0	16610.0
104.0	16772.0
105.0	17052.0
106.0	17515.0
107.0	17598.0
108.0	18108.0
109.0	18591.0
110.0	18953.0
111.0	19310.0
112.0	19761.0
113.0	20424.0
114.0	21258.0
115.0	21677.0
116.0	22186.0
117.0	23003.0
118.0	23443.0
119.0	24308.0
120.0	24575.0
121.0	25112.0
122.0	25491.0
123.0	26193.0
124.0	27114.0
125.0	27576.0
126.0	28168.0
127.0	29117.0
128.0	29688.0
129.0	29948.0
130.0	30942.0
131.0	31350.0
132.0	31918.0
133.0	32289.0
134.0	32671.0
135.0	33293.0
136.0	33779.0
137.0	33977.0
138.0	34717.0
139.0	34868.0
140.0	35200.0
141.0	35733.0
142.0	35680.0
143.0	35620.0
144.0	36478.0
145.0	36378.0
146.0	35978.0
147.0	36339.0
148.0	36731.0
149.0	37028.0
150.0	37383.0
151.0	37514.0
152.0	37430.0
153.0	37921.0
154.0	38471.0
155.0	38687.0
156.0	38249.0
157.0	39041.0
158.0	39509.0
159.0	39700.0
160.0	40161.0
161.0	40513.0
162.0	40499.0
163.0	41041.0
164.0	41415.0
165.0	42117.0
166.0	42196.0
167.0	42747.0
168.0	42959.0
169.0	43357.0
170.0	44288.0
171.0	44703.0
172.0	44696.0
173.0	45571.0
174.0	45670.0
175.0	46122.0
176.0	46426.0
177.0	47139.0
178.0	47482.0
179.0	48028.0
180.0	47795.0
181.0	48627.0
182.0	48935.0
183.0	49462.0
184.0	49780.0
185.0	50281.0
186.0	50546.0
187.0	51405.0
188.0	51601.0
189.0	51940.0
190.0	51963.0
191.0	52279.0
192.0	52729.0
193.0	53156.0
194.0	53288.0
195.0	54486.0
196.0	54102.0
197.0	54597.0
198.0	54501.0
199.0	54771.0
200.0	55097.0
201.0	55853.0
202.0	56089.0
203.0	56552.0
204.0	56331.0
205.0	57002.0
206.0	57260.0
207.0	57281.0
208.0	57461.0
209.0	57605.0
210.0	57539.0
211.0	57640.0
212.0	58140.0
213.0	58207.0
214.0	58364.0
215.0	58335.0
216.0	58773.0
217.0	59030.0
218.0	58929.0
219.0	59277.0
220.0	58757.0
221.0	59486.0
222.0	59428.0
223.0	59605.0
224.0	59932.0
225.0	60693.0
226.0	60319.0
227.0	61023.0
228.0	61110.0
229.0	61113.0
230.0	61960.0
231.0	62097.0
232.0	61936.0
233.0	62714.0
234.0	63061.0
235.0	63331.0
236.0	63838.0
237.0	64591.0
238.0	64704.0
239.0	65380.0
240.0	65751.0
241.0	66113.0
242.0	67131.0
243.0	67878.0
244.0	68480.0
245.0	68704.0
246.0	69830.0
247.0	71010.0
248.0	70827.0
249.0	72634.0
250.0	73087.0
251.0	74561.0
252.0	75591.0
253.0	77376.0
254.0	78566.0
255.0	80478.0
256.0	81904.0
257.0	84283.0
258.0	86380.0
259.0	89020.0
260.0	90472.0
261.0	93623.0
262.0	96689.0
263.0	100610.0
264.0	103536.0
265.0	107823.0
266.0	112348.0
267.0	116498.0
268.0	121260.0
269.0	126811.0
270.0	131972.0
271.0	138547.0
272.0	144809.0
273.0	151221.0
274.0	159623.0
275.0	168000.0
276.0	176149.0
277.0	185719.0
278.0	195569.0
279.0	206442.0
280.0	217254.0
281.0	229444.0
282.0	241279.0
283.0	254995.0
284.0	269105.0
285.0	284721.0
286.0	301789.0
287.0	321273.0
288.0	339015.0
289.0	361025.0
290.0	384868.0
291.0	410249.0
292.0	439138.0
293.0	472522.0
294.0	509896.0
295.0	551191.0
296.0	597513.0
297.0	646563.0
298.0	707028.0
299.0	773296.0
300.0	847684.0
301.0	928290.0
302.0	1023470.0
303.0	1124163.0
304.0	1233131.0
305.0	1352542.0
306.0	1479118.0
307.0	1620806.0
308.0	1768065.0
309.0	1926265.0
310.0	2095462.0
311.0	2270007.0
312.0	2458908.0
313.0	2654740.0
314.0	2856897.0
315.0	3070050.0
316.0	3287336.0
317.0	3512707.0
318.0	3735377.0
319.0	3957537.0
320.0	4169142.0
321.0	4368537.0
322.0	4559418.0
323.0	4721793.0
324.0	4858753.0
325.0	4970286.0
326.0	5053955.0
327.0	5115508.0
328.0	5143176.0
329.0	5141405.0
330.0	5116534.0
331.0	5067576.0
332.0	4994845.0
333.0	4897893.0
334.0	4787424.0
335.0	4659521.0
336.0	4512506.0
337.0	4353346.0
338.0	4180465.0
339.0	3989701.0
340.0	3791444.0
341.0	3576581.0
342.0	3358012.0
343.0	3129054.0
344.0	2897143.0
345.0	2660565.0
346.0	2425011.0
347.0	2201394.0
348.0	1984165.0
349.0	1779164.0
350.0	1589891.0
351.0	1415755.0
352.0	1258491.0
353.0	1121797.0
354.0	1001526.0
355.0	898309.0
356.0	809302.0
357.0	734469.0
358.0	672146.0
359.0	616673.0
360.0	572180.0
361.0	532223.0
362.0	499073.0
363.0	468387.0
364.0	440627.0
365.0	414360.0
366.0	390735.0
367.0	368314.0
368.0	346300.0
369.0	325360.0
370.0	304540.0
371.0	285527.0
372.0	264838.0
373.0	244606.0
374.0	225105.0
375.0	207241.0
376.0	187919.0
377.0	169421.0
378.0	151591.0
379.0	135568.0
380.0	120288.0
381.0	105982.0
382.0	92587.0
383.0	79891.0
384.0	70188.0
385.0	60924.0
386.0	52624.0
387.0	46200.0
388.0	40696.0
389.0	35348.0
390.0	31513.0
391.0	27849.0
392.0	25393.0
393.0	22772.0
394.0	21081.0
395.0	19070.0
396.0	17437.0
397.0	16607.0
398.0	15467.0
399.0	14515.0
400.0	13366.0
401.0	12882.0
402.0	11849.0
403.0	11067.0
404.0	10567.0
405.0	10007.0
406.0	9304.0
407.0	8736.0
408.0	8146.0
409.0	7810.0
410.0	7441.0
411.0	6954.0
412.0	6618.0
413.0	6176.0
414.0	6083.0
415.0	5751.0
416.0	5522.0
417.0	5298.0
418.0	5105.0
419.0	4845.0
420.0	4745.0
421.0	4566.0
422.0	4464.0
423.0	4350.0
424.0	4245.0
425.0	4157.0
426.0	3992.0
427.0	3944.0
428.0	3924.0
429.0	3858.0
430.0	3845.0
431.0	3765.0
432.0	3747.0
433.0	3646.0
434.0	3604.0
435.0	3617.0
436.0	3460.0
437.0	3616.0
438.0	3405.0
439.0	3418.0
440.0	3313.0
441.0	3208.0
442.0	3232.0
443.0	3296.0
444.0	3270.0
445.0	3272.0
446.0	3168.0
447.0	3078.0
448.0	3132.0
449.0	3203.0
450.0	2973.0
451.0	3029.0
452.0	2964.0
453.0	2934.0
454.0	2944.0
455.0	2828.0
456.0	2872.0
457.0	2940.0
458.0	2801.0
459.0	2817.0
460.0	2749.0
461.0	2786.0
462.0	2738.0
463.0	2704.0
464.0	2792.0
465.0	2732.0
466.0	2753.0
467.0	2736.0
468.0	2665.0
469.0	2666.0
470.0	2832.0
471.0	2630.0
472.0	2657.0
473.0	2665.0
474.0	2699.0
475.0	2663.0
476.0	2563.0
477.0	2714.0
478.0	2480.0
479.0	2507.0
480.0	2541.0
481.0	2454.0
482.0	2622.0
483.0	2554.0
484.0	2582.0
485.0	2649.0
486.0	2537.0
487.0	2565.0
488.0	2531.0
489.0	2545.0
490.0	2611.0
491.0	2532.0
492.0	2582.0
493.0	2529.0
494.0	2586.0
495.0	2588.0
496.0	2432.0
497.0	2425.0
498.0	2475.0
499.0	2498.0
500.0	2470.0
501.0	1316.0
502.0	1262.0
503.0	1251.0
504.0	1247.0
505.0	1312.0
506.0	1258.0
507.0	1252.0
508.0	1232.0
509.0	1240.0
510.0	1184.0
511.0	1184.0
512.0	1204.0
513.0	1156.0
514.0	1218.0
515.0	1314.0
516.0	1284.0
517.0	1607.0
518.0	2319.0
519.0	561.0
520.0	616.0
521.0	605.0
522.0	623.0
523.0	632.0
524.0	714.0
525.0	737.0
526.0	797.0
527.0	819.0
528.0	829.0
529.0	840.0
530.0	841.0
531.0	870.0
532.0	853.0
533.0	817.0
534.0	858.0
535.0	849.0
536.0	809.0
537.0	825.0
538.0	795.0
539.0	816.0
540.0	847.0
541.0	828.0
542.0	808.0
543.0	844.0
544.0	850.0
545.0	796.0
546.0	830.0
547.0	818.0
548.0	789.0
549.0	808.0
550.0	803.0
551.0	810.0
552.0	789.0
553.0	836.0
554.0	825.0
555.0	809.0
556.0	821.0
557.0	800.0
558.0	815.0
559.0	810.0
560.0	772.0
561.0	810.0
562.0	786.0
563.0	744.0
564.0	813.0
565.0	837.0
566.0	778.0
567.0	790.0
568.0	754.0
569.0	763.0
570.0	721.0
571.0	777.0
572.0	768.0
573.0	737.0
574.0	714.0
575.0	739.0
576.0	728.0
577.0	697.0
578.0	725.0
579.0	734.0
580.0	690.0
581.0	674.0
582.0	663.0
583.0	646.0
584.0	665.0
585.0	691.0
586.0	666.0
587.0	695.0
588.0	658.0
589.0	638.0
590.0	668.0
591.0	645.0
592.0	642.0
593.0	596.0
594.0	636.0
595.0	633.0
596.0	586.0
597.0	600.0
598.0	644.0
599.0	638.0
600.0	579.0
601.0	615.0
602.0	591.0
603.0	576.0
604.0	621.0
605.0	556.0
606.0	641.0
607.0	641.0
608.0	579.0
609.0	642.0
610.0	616.0
611.0	564.0
612.0	588.0
613.0	630.0
614.0	575.0
615.0	620.0
616.0	533.0
617.0	586.0
618.0	584.0
619.0	586.0
620.0	630.0
621.0	586.0
622.0	552.0
623.0	546.0
624.0	592.0
625.0	539.0
626.0	568.0
627.0	491.0
628.0	530.0
629.0	488.0
630.0	525.0
631.0	519.0
632.0	515.0
633.0	548.0
634.0	537.0
635.0	517.0
636.0	493.0
637.0	514.0
638.0	511.0
639.0	497.0
640.0	484.0
641.0	540.0
642.0	525.0
643.0	465.0
644.0	524.0
645.0	520.0
646.0	498.0
647.0	512.0
648.0	554.0
649.0	468.0
650.0	517.0
651.0	528.0
652.0	476.0
653.0	459.0
654.0	501.0
655.0	531.0
656.0	505.0
657.0	523.0
658.0	501.0
659.0	498.0
660.0	505.0
661.0	493.0
662.0	504.0
663.0	503.0
664.0	499.0
665.0	485.0
666.0	546.0
667.0	532.0
668.0	479.0
669.0	540.0
670.0	510.0
671.0	487.0
672.0	484.0
673.0	503.0
674.0	498.0
675.0	496.0
676.0	480.0
