#Insert size (bp)	insert size
1.0	17184.0
2.0	1422.0
3.0	856.0
4.0	831.0
5.0	829.0
6.0	874.0
7.0	832.0
8.0	840.0
9.0	785.0
10.0	787.0
11.0	712.0
12.0	720.0
13.0	652.0
14.0	693.0
15.0	652.0
16.0	664.0
17.0	631.0
18.0	571.0
19.0	600.0
20.0	591.0
21.0	580.0
22.0	573.0
23.0	573.0
24.0	599.0
25.0	546.0
26.0	571.0
27.0	544.0
28.0	592.0
29.0	547.0
30.0	564.0
31.0	301.0
32.0	271.0
33.0	262.0
34.0	284.0
35.0	269.0
36.0	288.0
37.0	369.0
38.0	394.0
39.0	484.0
40.0	11746.0
41.0	11968.0
42.0	11883.0
43.0	11675.0
44.0	11739.0
45.0	11593.0
46.0	11925.0
47.0	11987.0
48.0	12303.0
49.0	12333.0
50.0	12045.0
51.0	12445.0
52.0	12303.0
53.0	12318.0
54.0	12544.0
55.0	12838.0
56.0	12784.0
57.0	12864.0
58.0	13146.0
59.0	13382.0
60.0	13242.0
61.0	13541.0
62.0	13657.0
63.0	13693.0
64.0	13687.0
65.0	13775.0
66.0	14184.0
67.0	14058.0
68.0	14135.0
69.0	14707.0
70.0	14898.0
71.0	14826.0
72.0	15369.0
73.0	15615.0
74.0	15696.0
75.0	16097.0
76.0	16340.0
77.0	16805.0
78.0	17086.0
79.0	17652.0
80.0	18225.0
81.0	18428.0
82.0	19022.0
83.0	19685.0
84.0	20242.0
85.0	21131.0
86.0	21548.0
87.0	22164.0
88.0	22798.0
89.0	23797.0
90.0	24742.0
91.0	25891.0
92.0	26712.0
93.0	28258.0
94.0	29012.0
95.0	30160.0
96.0	31392.0
97.0	32889.0
98.0	34341.0
99.0	35752.0
100.0	37405.0
101.0	39566.0
102.0	40983.0
103.0	42815.0
104.0	44990.0
105.0	47072.0
106.0	49156.0
107.0	51442.0
108.0	54342.0
109.0	57476.0
110.0	59180.0
111.0	62159.0
112.0	64735.0
113.0	67623.0
114.0	70846.0
115.0	74581.0
116.0	77916.0
117.0	81302.0
118.0	84309.0
119.0	87724.0
120.0	91058.0
121.0	94795.0
122.0	98901.0
123.0	102465.0
124.0	106239.0
125.0	109945.0
126.0	113574.0
127.0	116805.0
128.0	122012.0
129.0	126389.0
130.0	129691.0
131.0	134048.0
132.0	137635.0
133.0	142541.0
134.0	146400.0
135.0	150196.0
136.0	154758.0
137.0	158811.0
138.0	162835.0
139.0	166534.0
140.0	170994.0
141.0	175095.0
142.0	178728.0
143.0	183220.0
144.0	187216.0
145.0	190722.0
146.0	194497.0
147.0	197392.0
148.0	200758.0
149.0	205681.0
150.0	209331.0
151.0	214845.0
152.0	218340.0
153.0	222410.0
154.0	226106.0
155.0	229507.0
156.0	233028.0
157.0	236838.0
158.0	239505.0
159.0	242664.0
160.0	245643.0
161.0	249012.0
162.0	251675.0
163.0	255420.0
164.0	258091.0
165.0	260721.0
166.0	264456.0
167.0	266499.0
168.0	268574.0
169.0	272454.0
170.0	273998.0
171.0	275753.0
172.0	278783.0
173.0	281161.0
174.0	282824.0
175.0	286040.0
176.0	288188.0
177.0	290365.0
178.0	292269.0
179.0	294436.0
180.0	295148.0
181.0	297163.0
182.0	298272.0
183.0	300576.0
184.0	302278.0
185.0	302692.0
186.0	304093.0
187.0	304267.0
188.0	306745.0
189.0	307781.0
190.0	308761.0
191.0	307940.0
192.0	308104.0
193.0	309271.0
194.0	309995.0
195.0	310786.0
196.0	310894.0
197.0	311732.0
198.0	312127.0
199.0	311778.0
200.0	312503.0
201.0	312227.0
202.0	311368.0
203.0	310870.0
204.0	313091.0
205.0	311223.0
206.0	311281.0
207.0	312041.0
208.0	312591.0
209.0	311487.0
210.0	309135.0
211.0	310347.0
212.0	308575.0
213.0	307785.0
214.0	306766.0
215.0	307048.0
216.0	305514.0
217.0	305829.0
218.0	306314.0
219.0	305477.0
220.0	307241.0
221.0	304541.0
222.0	304322.0
223.0	304029.0
224.0	303501.0
225.0	301220.0
226.0	300938.0
227.0	298972.0
228.0	299313.0
229.0	297498.0
230.0	295747.0
231.0	295948.0
232.0	294040.0
233.0	293333.0
234.0	290985.0
235.0	289819.0
236.0	288251.0
237.0	287250.0
238.0	287192.0
239.0	285540.0
240.0	284430.0
241.0	283179.0
242.0	281338.0
243.0	278760.0
244.0	278357.0
245.0	276272.0
246.0	275571.0
247.0	274505.0
248.0	271911.0
249.0	270461.0
250.0	269117.0
251.0	266910.0
252.0	265282.0
253.0	264986.0
254.0	262234.0
255.0	259924.0
256.0	258482.0
257.0	258566.0
258.0	256111.0
259.0	253458.0
260.0	251816.0
261.0	250394.0
262.0	247949.0
263.0	246636.0
264.0	245587.0
265.0	243319.0
266.0	241727.0
267.0	240097.0
268.0	237670.0
269.0	236158.0
270.0	235106.0
271.0	233191.0
272.0	231123.0
273.0	229644.0
274.0	227562.0
275.0	225638.0
276.0	224561.0
277.0	222317.0
278.0	220251.0
279.0	219484.0
280.0	216368.0
281.0	215941.0
282.0	213249.0
283.0	212402.0
284.0	210679.0
285.0	208050.0
286.0	207273.0
287.0	205117.0
288.0	203571.0
289.0	202389.0
290.0	200234.0
291.0	198586.0
292.0	197706.0
293.0	195451.0
294.0	193534.0
295.0	192293.0
296.0	189724.0
297.0	188273.0
298.0	187112.0
299.0	185317.0
300.0	183704.0
301.0	183151.0
302.0	180548.0
303.0	179440.0
304.0	176615.0
305.0	175794.0
306.0	173888.0
307.0	172897.0
308.0	171619.0
309.0	169874.0
310.0	168106.0
311.0	166995.0
312.0	164817.0
313.0	163758.0
314.0	162882.0
315.0	160272.0
316.0	158889.0
317.0	157621.0
318.0	156290.0
319.0	154681.0
320.0	153223.0
321.0	151445.0
322.0	150515.0
323.0	148345.0
324.0	148064.0
325.0	145881.0
326.0	144010.0
327.0	143354.0
328.0	142503.0
329.0	141123.0
330.0	138646.0
331.0	137148.0
332.0	136440.0
333.0	135638.0
334.0	132459.0
335.0	132520.0
336.0	131162.0
337.0	129479.0
338.0	128094.0
339.0	126885.0
340.0	125920.0
341.0	124872.0
342.0	122839.0
343.0	122233.0
344.0	121090.0
345.0	119320.0
346.0	118648.0
347.0	116578.0
348.0	116139.0
349.0	115117.0
350.0	113089.0
351.0	112184.0
352.0	111075.0
353.0	110293.0
354.0	108504.0
355.0	107882.0
356.0	106729.0
357.0	105748.0
358.0	103883.0
359.0	103614.0
360.0	102420.0
361.0	101770.0
362.0	100334.0
363.0	99395.0
364.0	98213.0
365.0	97427.0
366.0	96280.0
367.0	94588.0
368.0	94421.0
369.0	93838.0
370.0	93116.0
371.0	91687.0
372.0	90722.0
373.0	89927.0
374.0	88366.0
375.0	87313.0
376.0	86689.0
377.0	85991.0
378.0	84876.0
379.0	84204.0
380.0	83321.0
381.0	82072.0
382.0	81649.0
383.0	80522.0
384.0	79331.0
385.0	78354.0
386.0	78100.0
387.0	76675.0
388.0	76158.0
389.0	74945.0
390.0	74536.0
391.0	73679.0
392.0	73307.0
393.0	71798.0
394.0	71465.0
395.0	71092.0
396.0	70126.0
397.0	68671.0
398.0	68784.0
399.0	67353.0
400.0	66562.0
401.0	66737.0
402.0	65532.0
403.0	65094.0
404.0	64273.0
405.0	63481.0
406.0	62866.0
407.0	62297.0
408.0	60710.0
409.0	60540.0
410.0	59712.0
411.0	59225.0
412.0	58513.0
413.0	57485.0
414.0	57025.0
415.0	56890.0
416.0	56146.0
417.0	55416.0
418.0	54557.0
419.0	53973.0
420.0	53655.0
421.0	53208.0
422.0	52275.0
423.0	51872.0
424.0	51254.0
425.0	51176.0
426.0	50088.0
427.0	49893.0
428.0	48764.0
429.0	48386.0
430.0	47795.0
431.0	47177.0
432.0	46406.0
433.0	46382.0
434.0	45570.0
435.0	45196.0
436.0	44382.0
437.0	44441.0
438.0	43762.0
439.0	43094.0
440.0	42878.0
441.0	42571.0
442.0	41511.0
443.0	41066.0
444.0	40393.0
445.0	40153.0
446.0	39846.0
447.0	39388.0
448.0	38843.0
449.0	37988.0
450.0	37967.0
451.0	37741.0
452.0	37198.0
453.0	36693.0
454.0	35905.0
455.0	35519.0
456.0	35167.0
457.0	34712.0
458.0	34166.0
459.0	33693.0
460.0	33043.0
461.0	33214.0
462.0	32643.0
463.0	32177.0
464.0	32079.0
465.0	31529.0
466.0	30896.0
467.0	30527.0
468.0	30224.0
469.0	30018.0
470.0	29725.0
471.0	29543.0
472.0	29115.0
473.0	28627.0
474.0	28260.0
475.0	28064.0
476.0	27568.0
477.0	27396.0
478.0	26902.0
479.0	26618.0
480.0	26115.0
481.0	25965.0
482.0	25680.0
483.0	25293.0
484.0	25116.0
485.0	24760.0
486.0	24462.0
487.0	24165.0
488.0	24049.0
489.0	23584.0
490.0	23216.0
491.0	22990.0
492.0	22919.0
493.0	22415.0
494.0	22301.0
495.0	21787.0
496.0	21656.0
497.0	21459.0
498.0	21367.0
499.0	20945.0
500.0	20646.0
501.0	19326.0
502.0	19224.0
503.0	18486.0
504.0	18563.0
505.0	18411.0
506.0	18382.0
507.0	18036.0
508.0	17902.0
509.0	17736.0
510.0	17328.0
511.0	17057.0
512.0	16875.0
513.0	17413.0
514.0	19326.0
515.0	24616.0
516.0	15700.0
517.0	15691.0
518.0	15489.0
519.0	15707.0
520.0	15871.0
521.0	15778.0
522.0	16058.0
523.0	16276.0
524.0	16460.0
525.0	17634.0
526.0	21124.0
527.0	30919.0
528.0	52248.0
529.0	8508.0
530.0	8628.0
531.0	8421.0
532.0	8595.0
533.0	8510.0
534.0	8335.0
535.0	8359.0
536.0	8310.0
537.0	8206.0
538.0	8226.0
539.0	8118.0
540.0	8233.0
541.0	8245.0
542.0	8267.0
543.0	7993.0
544.0	8072.0
545.0	8229.0
546.0	8005.0
547.0	8188.0
548.0	8090.0
549.0	8011.0
550.0	8111.0
551.0	8362.0
552.0	8778.0
553.0	9255.0
554.0	9381.0
555.0	9879.0
556.0	9614.0
557.0	9479.0
558.0	9319.0
559.0	9089.0
560.0	9223.0
561.0	8948.0
562.0	8979.0
563.0	8791.0
564.0	8698.0
565.0	8551.0
566.0	8514.0
567.0	8299.0
568.0	8160.0
569.0	8003.0
570.0	7917.0
571.0	7879.0
572.0	7694.0
573.0	7710.0
574.0	7559.0
575.0	7448.0
576.0	7378.0
577.0	7244.0
578.0	7129.0
579.0	7156.0
580.0	7017.0
581.0	6991.0
582.0	6942.0
583.0	6737.0
584.0	6642.0
585.0	6593.0
586.0	6464.0
587.0	6409.0
588.0	6432.0
589.0	6269.0
590.0	6193.0
591.0	6036.0
592.0	5920.0
593.0	6009.0
594.0	5736.0
595.0	5771.0
596.0	5662.0
597.0	5493.0
598.0	5498.0
599.0	5549.0
600.0	5347.0
601.0	5366.0
602.0	5143.0
603.0	5132.0
604.0	5138.0
605.0	4926.0
606.0	4929.0
607.0	4900.0
608.0	4854.0
609.0	4882.0
610.0	4656.0
611.0	4652.0
612.0	4589.0
613.0	4421.0
614.0	4483.0
