chr	windowStart	windowEnd	D	f_d	f_dM	d_f
chrZ	450598	709833	0.303330	0.130902	0.086806	0.263593
chrZ	740256	1018965	0.004167	0.001845	0.001127	0.017361
chrZ	1018967	1150282	-0.222255	-0.183574	-0.079404	-0.221146
chrZ	1151501	1287934	0.359220	0.229678	0.155726	0.321187
chrZ	1296107	1650241	-0.315326	-0.373338	-0.135170	-0.263108
chrZ	1656404	2332766	-0.177876	-0.146445	-0.063609	-0.146185
chrZ	2336467	2675308	-0.227533	-0.179668	-0.082277	-0.187402
chrZ	2695867	3022715	0.012300	0.009803	0.005326	0.000941
chrZ	3024990	3346098	-0.236278	-0.204282	-0.091629	-0.183758
chrZ	3359145	3561323	-0.026533	-0.018703	-0.010494	-0.023747
chrZ	3565141	3799874	-0.060554	-0.033676	-0.019026	-0.047137
chrZ	3801133	3972766	0.073909	0.047146	0.026011	0.048502
chrZ	3985204	4188507	-0.261931	-0.249011	-0.104517	-0.224122
chrZ	4189847	4284840	0.072434	0.070202	0.032621	0.048687
chrZ	4285735	4317762	-0.097048	-0.089681	-0.052648	-0.059691
chrZ	4317796	4352589	-0.096491	-0.105988	-0.059911	-0.068529
chrZ	4352590	4371772	0.020716	0.024664	0.014966	0.011375
chrZ	4371801	4397689	0.202013	0.201743	0.136076	0.111275
chrZ	4401780	4421626	0.094924	0.102345	0.062636	0.049519
chrZ	4422534	4469190	0.003492	0.003940	0.002269	0.002209
chrZ	4469835	4492482	-0.192687	-0.265706	-0.113311	-0.127407
chrZ	4492531	4511842	0.178549	0.151906	0.109818	0.088080
chrZ	4511889	4539854	-0.006378	-0.007107	-0.004978	-0.003307
chrZ	4540330	4552793	0.150327	0.135738	0.084010	0.082833
chrZ	4552825	4573011	0.052428	0.042986	0.027465	0.038928
chrZ	4573539	4600302	0.046345	0.060426	0.032287	0.026925
chrZ	4600391	4625143	0.161141	0.126437	0.097255	0.080602
chrZ	4625182	4634267	0.027261	0.057895	0.031206	0.015965
chrZ	4634312	4664611	0.013527	0.013579	0.008097	0.018068
chrZ	4665433	4791201	0.036064	0.029953	0.016702	0.022801
chrZ	4792432	5041256	0.125100	0.055424	0.035104	0.084538
chrZ	5042431	5203150	-0.095308	-0.073989	-0.046534	-0.064388
chrZ	5203222	5294059	-0.025532	-0.022776	-0.013540	-0.019461
chrZ	5295151	5351919	-0.139561	-0.154177	-0.081973	-0.080192
chrZ	5352030	5488336	-0.033739	-0.022374	-0.012947	-0.022333
chrZ	5488364	5569788	-0.092317	-0.090247	-0.045250	-0.059829
chrZ	5570090	5795768	0.161638	0.119465	0.077704	0.119541
chrZ	5799681	6257158	-0.453571	-0.321388	-0.200357	-0.344076
chrZ	6292160	6789070	-0.076060	-0.040136	-0.023768	-0.059745
chrZ	6789151	6871513	-0.108050	-0.079952	-0.048385	-0.072321
chrZ	6871543	7010188	-0.258167	-0.285643	-0.134072	-0.164975
chrZ	7010215	7149975	-0.260355	-0.414157	-0.147256	-0.169910
chrZ	7149976	7286923	0.240452	0.165066	0.120129	0.149548
chrZ	7286987	7615119	-0.182996	-0.096540	-0.054333	-0.138991
chrZ	7627033	7985411	-0.243891	-0.156096	-0.084298	-0.168596
chrZ	7990819	8286095	0.070280	0.047649	0.029065	0.046689
chrZ	8286124	8808804	-0.608209	-0.367025	-0.175689	-0.406484
chrZ	8808946	8847118	-0.025112	-0.032847	-0.016459	-0.014856
chrZ	8849204	8911271	-0.121606	-0.116450	-0.064658	-0.073310
chrZ	8912413	8983670	0.027381	0.023398	0.012965	0.016289
chrZ	8983768	9091407	-0.283282	-0.356204	-0.143727	-0.219170
chrZ	9091409	9192063	-0.153913	-0.108323	-0.057189	-0.099887
chrZ	9201613	9278094	0.326772	0.292254	0.202131	0.206854
chrZ	9278127	9351248	-0.439633	-0.431069	-0.229095	-0.307665
chrZ	9351315	9422100	-0.317840	-0.392009	-0.172352	-0.190222
chrZ	9423111	9544362	-0.201587	-0.158420	-0.096996	-0.111351
chrZ	9544384	9640724	-0.260340	-0.124846	-0.083129	-0.182801
chrZ	9645527	9970292	0.154605	0.086305	0.055132	0.137427
chrZ	9977305	10427120	-0.089064	-0.038783	-0.029281	-0.075598
chrZ	10450103	10959438	-0.280672	-0.081492	-0.057094	-0.264660
chrZ	10959464	11387629	-0.045957	-0.018625	-0.012297	-0.043158
chrZ	11393108	11942882	0.106265	0.033953	0.024177	0.091782
chrZ	11956319	12323340	0.105858	0.036904	0.027415	0.098517
chrZ	12323346	12639443	-0.443754	-0.287739	-0.171330	-0.416181
chrZ	12643263	13091808	0.033818	0.016393	0.011609	0.045144
chrZ	13108177	14127498	-0.193960	-0.057896	-0.041412	-0.192795
chrZ	14233465	14484593	0.235418	0.115728	0.080225	0.166219
chrZ	14484719	14912883	-0.289546	-0.139906	-0.088669	-0.229281
chrZ	14913959	15314334	0.037916	0.018466	0.012089	0.032906
chrZ	15325300	16147878	-0.234060	-0.073344	-0.044621	-0.208676
chrZ	16182287	16730939	-0.065622	-0.023575	-0.014999	-0.057511
chrZ	16744743	17223702	-0.231696	-0.081742	-0.060073	-0.198035
chrZ	17263768	18006240	-0.071265	-0.015665	-0.011690	-0.053979
chrZ	18009193	18327783	0.352544	0.192219	0.107382	0.261264
chrZ	18327793	18969445	-0.383838	-0.130128	-0.076871	-0.300686
chrZ	18969471	19130685	-0.193229	-0.155378	-0.086603	-0.134328
chrZ	19131842	19240814	0.098131	0.114199	0.069205	0.064220
chrZ	19240848	19525348	-0.098485	-0.041211	-0.027083	-0.079559
chrZ	19530319	19915337	-0.276243	-0.156272	-0.085676	-0.252525
chrZ	19933062	20460386	-0.347433	-0.130440	-0.075908	-0.329657
chrZ	20462957	20926157	0.392780	0.129607	0.085225	0.376287
chrZ	20929175	21790705	0.032167	0.009220	0.006204	0.030143
chrZ	21790951	22458835	0.078957	0.029736	0.022818	0.066077
chrZ	22458943	22742891	-0.161387	-0.119626	-0.069143	-0.123728
chrZ	22742893	23850132	-0.211127	-0.051371	-0.037675	-0.151020
chrZ	23851023	24690896	-0.185774	-0.061011	-0.045263	-0.164688
chrZ	24692326	25337973	-0.102090	-0.037574	-0.024819	-0.093865
chrZ	25338260	26143116	-0.440454	-0.163978	-0.115233	-0.419739
chrZ	26159880	26701815	-0.393661	-0.147866	-0.104225	-0.337317
chrZ	26730014	27962649	0.108405	0.025727	0.020015	0.092246
chrZ	27962853	28528442	0.055701	0.021919	0.015164	0.026358
chrZ	28528502	28852473	0.126221	0.076373	0.044394	0.102853
chrZ	28856870	29528299	-0.481761	-0.215350	-0.126952	-0.381398
chrZ	29561448	30634657	-0.290824	-0.116985	-0.070539	-0.256516
chrZ	30769187	32107718	-0.368060	-0.118797	-0.071492	-0.350751
chrZ	32108730	34329738	-0.408055	-0.118674	-0.077288	-0.360506
chrZ	34335016	35043219	-0.232402	-0.086826	-0.056219	-0.225468
chrZ	35069872	35989779	-0.252300	-0.076097	-0.051967	-0.243572
chrZ	36000465	36904688	-0.241935	-0.091619	-0.064393	-0.227273
chrZ	36919424	38580816	-0.095023	-0.019433	-0.015411	-0.070932
chrZ	38612427	40352696	-0.169785	-0.043875	-0.032561	-0.153029
chrZ	40357160	41559804	-0.003437	-0.000866	-0.000708	-0.003155
chrZ	41576461	42956982	0.129713	0.029148	0.024248	0.120937
chrZ	42958597	44016836	-0.474957	-0.143037	-0.106990	-0.439402
chrZ	44029718	45075977	-0.016012	-0.004105	-0.003297	-0.012948
chrZ	45084415	45878136	0.175084	0.050686	0.040435	0.161491
chrZ	45878140	48549698	0.093541	0.031717	0.024284	0.090909
chrZ	48550098	50488552	-0.463187	-0.131743	-0.100293	-0.456801
chrZ	50545821	52166830	-0.472031	-0.127679	-0.086340	-0.454202
chrZ	52184396	53277159	-0.179941	-0.054254	-0.042205	-0.170868
chrZ	53282866	54017369	0.061815	0.017349	0.014109	0.058389
chrZ	54028172	55769527	-0.107143	-0.027430	-0.020233	-0.101538
chrZ	55771216	56925181	-0.460819	-0.141625	-0.104221	-0.420341
chrZ	56932626	60095595	0.056604	0.013128	0.010229	0.046875
chrZ	60110632	61658665	0.205788	0.048034	0.036419	0.190123
chrZ	61776532	62605544	-0.168937	-0.054227	-0.040360	-0.164894
chrZ	62617792	63591346	0.175038	0.053133	0.038237	0.168000
chrZ	63591348	64947692	-0.155096	-0.031697	-0.021308	-0.149360
chrZ	64978926	66612654	-0.283731	-0.067994	-0.045960	-0.280924
chrZ	66633659	68139176	-0.266593	-0.056105	-0.042497	-0.255009
chrZ	68141385	68902088	0.153197	0.054861	0.034999	0.149520
chrZ	68917122	69655618	-0.035294	-0.010288	-0.008113	-0.034483
chrZ	69685270	71415488	-0.005319	-0.001717	-0.001091	-0.005319
chrZ	71481369	72906675	-0.150498	-0.044887	-0.029332	-0.148831
chrZ	72961606	73415912	-0.217966	-0.087302	-0.053948	-0.209657
chrZ	73424231	73735297	0.376975	0.156616	0.093589	0.371607
chrZ	73746902	74543505	-0.268315	-0.107507	-0.060542	-0.248595
chrZ	74564420	75161719	-0.477032	-0.185101	-0.111149	-0.378151
chrZ	75161980	76505601	0.099159	0.029742	0.022628	0.085893
chrZ	76509194	77346035	-0.396779	-0.113778	-0.080162	-0.375867
chrZ	77360002	79167448	-0.043937	-0.009526	-0.006519	-0.040519
chrZ	79179443	80140705	0.080978	0.030895	0.018943	0.092461
chrZ	80144155	80798713	-0.132503	-0.045632	-0.027676	-0.120494
chrZ	80801352	81545069	-0.385671	-0.176397	-0.091836	-0.325156
chrZ	81545088	82214752	-0.002812	-0.000984	-0.000475	-0.010101
chrZ	82224717	82762170	-0.032492	-0.013283	-0.007382	-0.029721
chrZ	82771171	83670204	-0.163109	-0.076222	-0.046135	-0.158711
chrZ	83699962	84445595	0.092988	0.047162	0.024056	0.088921
