chr	windowStart	windowEnd	D	f_d	f_dM	d_f
chr1	1993658	3389129	-0.021565	-0.000712	-0.000586	-0.027484
chr1	3413567	5066434	0.173321	0.003901	0.003367	0.167563
chr1	5077823	6824875	0.109563	0.002388	0.002029	0.059016
chr1	6831629	8099640	0.026298	0.000732	0.000616	0.010824
chr1	8103064	9571515	-0.248933	-0.006598	-0.005546	-0.177754
chr1	9571516	12581131	-0.100996	-0.002094	-0.001784	-0.064687
chr1	12608916	14671624	-0.039208	-0.000756	-0.000678	-0.039971
chr1	14699033	15789068	0.114973	0.002616	0.002318	0.121363
chr1	15864746	17211134	0.091946	0.002648	0.002294	0.063139
chr1	17263024	20144748	0.236495	0.006210	0.005295	0.214800
chr1	20201556	22780043	0.107517	0.001949	0.001688	0.093822
chr1	22788568	25534417	0.316885	0.007240	0.006018	0.284211
chr1	25606340	28310522	0.185492	0.003889	0.003335	0.168323
chr1	28321924	30421474	0.010770	0.000247	0.000214	0.001049
chr1	30702188	32702427	0.040050	0.001028	0.000862	0.037714
chr1	32733488	33960469	0.034132	0.001115	0.000959	0.030905
chr1	33960483	36488093	0.148279	0.003144	0.002705	0.121374
chr1	36493721	37776578	-0.147812	-0.003462	-0.003023	-0.126641
chr1	37782159	39575705	0.034439	0.000789	0.000688	0.032334
chr1	39625044	42056426	0.109471	0.002023	0.001781	0.125882
chr1	42059673	44641150	-0.068680	-0.001088	-0.000949	-0.053196
chr1	44721707	49140325	-0.123813	-0.002031	-0.001791	-0.093472
chr1	49207825	50849941	0.067181	0.001507	0.001271	0.060543
chr1	50892971	52904210	-0.131210	-0.002910	-0.002508	-0.088838
chr1	52949530	53794899	0.102935	0.002826	0.002451	0.091175
chr1	53805512	54850768	0.098728	0.002466	0.002100	0.090446
chr1	54871036	55572510	-0.004988	-0.000176	-0.000155	-0.008253
chr1	55573188	56386995	-0.216327	-0.005893	-0.005092	-0.175513
chr1	56387133	57186316	0.014037	0.000359	0.000309	0.003279
chr1	57186572	57970273	0.076851	0.001950	0.001708	0.080820
chr1	57984110	59309601	-0.291286	-0.006649	-0.005938	-0.232731
chr1	59310857	60452888	-0.445985	-0.010423	-0.008958	-0.381731
chr1	60490720	62118958	0.014706	0.000329	0.000286	0.035821
chr1	62120042	63327743	-0.214653	-0.005311	-0.004566	-0.153314
chr1	63346030	65665328	0.365728	0.009556	0.008237	0.294048
chr1	65724754	67074575	-0.117816	-0.002164	-0.001920	-0.097212
chr1	67077995	68295873	-0.175896	-0.005009	-0.004449	-0.167674
chr1	68316398	69733315	0.241994	0.006534	0.005676	0.209076
chr1	69754896	71869847	0.056277	0.001277	0.001095	0.033457
chr1	71942801	73146921	0.300279	0.006909	0.005908	0.244596
chr1	73160447	74668878	-0.243080	-0.004613	-0.004081	-0.117669
chr1	74781832	76779888	0.090826	0.002540	0.002207	0.072489
chr1	76798352	78108560	-0.166667	-0.004992	-0.004310	-0.139013
chr1	78119398	80323884	-0.228951	-0.003859	-0.003454	-0.207207
chr1	80325350	81330146	-0.083458	-0.001587	-0.001423	-0.069079
chr1	81348613	83640614	0.150000	0.002273	0.002026	0.139319
chr1	83699582	85703983	0.046320	0.000693	0.000611	0.040395
chr1	85772008	86784098	-0.039818	-0.001271	-0.001090	-0.035879
chr1	86797380	88342111	-0.060317	-0.000991	-0.000850	-0.100452
chr1	88349387	89422843	0.081081	0.001664	0.001395	0.055446
chr1	89432773	90337789	0.001181	0.000032	0.000026	0.022222
chr1	90352636	90861335	-0.028355	-0.001104	-0.000897	-0.025329
chr1	90890230	91768810	-0.229412	-0.005892	-0.004863	-0.224018
chr1	91792927	93346082	0.033635	0.000876	0.000727	0.075226
chr1	93366225	95483992	-0.076112	-0.001834	-0.001521	-0.063102
chr1	95546099	97225936	-0.356838	-0.011479	-0.009508	-0.324578
chr1	97308646	99356546	-0.022204	-0.000593	-0.000494	-0.033507
chr1	99368022	101122294	-0.079263	-0.001929	-0.001589	-0.049748
chr1	101128855	102033182	0.288764	0.009146	0.007664	0.261774
chr1	102081630	105549364	0.134448	0.003764	0.003155	0.145741
chr1	105634881	108169725	0.006906	0.000111	0.000094	-0.016706
chr1	108171768	112639076	-0.109840	-0.002554	-0.002195	-0.091977
chr1	112669226	114626050	0.178773	0.003349	0.002971	0.127056
chr1	114627410	116014460	-0.227464	-0.004472	-0.003850	-0.149596
chr1	116040826	117114958	0.291507	0.009516	0.008121	0.247363
chr1	117140753	118824858	-0.174719	-0.003610	-0.003132	-0.145179
chr1	118858737	120543434	-0.017769	-0.000307	-0.000270	-0.005051
chr1	120548530	122016878	0.010397	0.000239	0.000206	0.008214
chr1	122051180	123103392	0.082452	0.002292	0.002025	0.070678
chr1	123105906	125049447	-0.208147	-0.004710	-0.003995	-0.169646
chr1	125076263	129403159	-0.010018	-0.000175	-0.000147	-0.012199
chr1	129451655	131509085	0.082158	0.001697	0.001508	0.077206
chr1	131750609	133040757	-0.081903	-0.001746	-0.001512	-0.072787
chr1	133054207	135318112	-0.095960	-0.001852	-0.001579	-0.100727
chr1	135445676	136600424	0.195122	0.005141	0.004436	0.146825
chr1	136602840	141167538	-0.110520	-0.002033	-0.001792	-0.075707
chr1	141193287	143331307	0.254762	0.005638	0.004868	0.260215
chr1	143381796	145077749	-0.245810	-0.004852	-0.004050	-0.244565
chr1	145077853	145772307	0.033452	0.001000	0.000841	0.023256
chr1	145785503	147097009	-0.224770	-0.005700	-0.004904	-0.174419
chr1	147192036	148415783	0.237864	0.006402	0.005599	0.233010
chr1	148435841	149321266	-0.228700	-0.007434	-0.006252	-0.216697
chr1	149324861	150983091	0.213942	0.005208	0.004562	0.201629
chr1	150983253	152568851	-0.019213	-0.000430	-0.000364	-0.049567
chr1	152579574	156287707	0.507387	0.011261	0.009567	0.406988
chr1	156298529	158061515	-0.334486	-0.008056	-0.006941	-0.316742
chr1	158073724	159615375	0.133671	0.002696	0.002342	0.090487
chr1	159638130	168011227	-0.239056	-0.006678	-0.005385	-0.222967
chr1	168267516	170923213	-0.144243	-0.002927	-0.002531	-0.132530
chr1	170923411	175318933	0.198464	0.004697	0.003993	0.179543
chr1	176805997	181127053	-0.268473	-0.006728	-0.005608	-0.268692
chr1	181138836	182680821	0.036232	0.001101	0.000933	0.040359
chr1	182778001	184545815	0.427300	0.010068	0.008719	0.371355
chr1	184572013	186166107	0.010723	0.000220	0.000194	0.001114
chr1	186220107	187265473	-0.104564	-0.002677	-0.002311	-0.086803
chr1	187268617	189476491	-0.067493	-0.001383	-0.001214	-0.050619
chr1	189493682	192155795	0.023382	0.000342	0.000300	-0.010098
chr1	192194594	193664097	0.095327	0.002306	0.002003	0.086353
chr1	193839736	195652132	-0.300896	-0.004839	-0.004244	-0.258236
chr1	195660998	198356077	-0.130435	-0.002026	-0.001800	-0.118833
chr1	198356130	200506391	0.345873	0.010934	0.009463	0.330890
chr1	200519953	203130333	0.168697	0.003021	0.002620	0.118859
chr1	203150353	204535643	-0.118269	-0.003000	-0.002537	-0.093893
chr1	204550344	205699709	0.049951	0.002194	0.001738	0.027877
chr1	205702433	205949144	-0.146939	-0.030099	-0.015939	-0.103896
chr1	205950793	206105016	-0.284211	-0.172498	-0.060922	-0.155788
chr1	206115346	206229132	-0.091633	-0.031893	-0.014205	-0.057654
chr1	206232342	206388642	-0.126893	-0.053833	-0.023666	-0.073883
chr1	206388698	207542862	-0.166909	-0.005505	-0.004728	-0.131905
chr1	207553282	209357130	0.148580	0.003636	0.003112	0.104381
chr1	209443625	210787339	0.040767	0.000964	0.000826	0.034860
chr1	210903391	214016292	0.219361	0.005672	0.004880	0.184900
chr2	314927	2491097	-0.245074	-0.006428	-0.005668	-0.216661
chr2	2501680	5005265	0.113037	0.002645	0.002256	0.121985
chr2	5053679	6406925	-0.227357	-0.004809	-0.004178	-0.191142
chr2	6420944	7119299	0.045144	0.001718	0.001453	0.043062
chr2	7131646	8269913	-0.138798	-0.005023	-0.004026	-0.138746
chr2	8270543	9802749	0.127660	0.002633	0.002290	0.078652
chr2	9831207	11512653	0.101887	0.002284	0.001959	0.091554
chr2	11523841	14195501	0.003695	0.000065	0.000056	0.010011
chr2	14228292	15628395	-0.004878	-0.000113	-0.000099	0.014873
chr2	15685955	16958471	0.075850	0.001625	0.001435	0.061321
chr2	16990646	18444555	0.219037	0.003540	0.003152	0.181582
chr2	18487848	20150375	-0.158337	-0.002553	-0.002293	-0.147417
chr2	20194625	22754234	0.163273	0.003254	0.002847	0.124145
chr2	22797508	24194266	-0.141802	-0.004111	-0.003522	-0.140884
chr2	24197093	26112523	-0.022338	-0.000500	-0.000424	-0.003916
chr2	26115422	27670128	0.236339	0.004339	0.003735	0.188885
chr2	27677104	31456742	-0.010736	-0.000218	-0.000190	-0.005302
chr2	31484575	33174925	0.108696	0.002351	0.002029	0.118790
chr2	33182906	34660594	-0.284126	-0.006968	-0.005835	-0.262357
chr2	34692563	35951226	-0.306569	-0.008093	-0.006838	-0.209769
chr2	35951388	36880979	-0.016129	-0.000555	-0.000459	-0.012278
chr2	36880981	37753748	0.086310	0.002138	0.001900	0.069212
chr2	37756639	39078718	-0.087984	-0.002372	-0.002064	-0.069436
chr2	39084821	40450330	-0.032175	-0.000902	-0.000771	-0.007519
chr2	40541136	42064112	0.009934	0.000244	0.000206	0.007212
chr2	42083328	44293065	0.043228	0.000718	0.000606	0.029337
chr2	44315390	46342839	0.008370	0.000182	0.000159	0.028115
chr2	46380554	48330815	0.052980	0.001490	0.001275	0.071550
chr2	48332667	49886240	-0.136007	-0.003526	-0.002948	-0.118768
chr2	49899652	51803791	0.132701	0.002586	0.002262	0.110990
chr2	51819659	53582141	-0.123211	-0.003447	-0.002799	-0.107726
chr2	53707914	56053407	-0.287034	-0.006521	-0.005581	-0.247059
chr2	56145759	56908611	0.196634	0.005651	0.004754	0.141224
chr2	56939970	58117940	0.151100	0.003643	0.003071	0.117517
chr2	58293018	62128548	0.016477	0.000314	0.000275	0.014056
chr2	62424348	63937346	0.144708	0.003279	0.002799	0.113413
chr2	64095964	66574706	-0.034226	-0.000522	-0.000451	-0.019914
chr2	66574708	67620139	-0.134694	-0.003262	-0.002728	-0.109667
chr2	67621763	68561474	-0.118463	-0.002869	-0.002432	-0.082843
chr2	68580381	69200690	0.059922	0.002179	0.001793	0.076142
chr2	69200745	70596440	0.019060	0.000449	0.000397	0.016911
chr2	70612433	71555729	-0.157696	-0.005234	-0.004428	-0.092741
chr2	71600556	72263122	-0.115325	-0.003147	-0.002728	-0.087600
chr2	72302100	73821272	-0.136007	-0.003309	-0.002841	-0.106509
chr2	73830056	74946382	0.007640	0.000139	0.000120	-0.008820
chr2	74947343	76136699	-0.126949	-0.003710	-0.003161	-0.127789
chr2	76138659	80648082	0.330864	0.007000	0.005758	0.279804
chr2	80761018	84689796	-0.204580	-0.003323	-0.002886	-0.118848
chr2	84877728	88022443	-0.033441	-0.000757	-0.000650	-0.040715
chr2	88027562	91308158	0.285826	0.005758	0.004914	0.254128
chr2	91646529	93932473	0.001232	0.000030	0.000026	-0.020933
chr2	94189758	96907297	0.138032	0.002304	0.001961	0.146961
chr2	97082617	98884737	0.037132	0.000911	0.000801	0.032483
chr2	99143045	100956019	0.380249	0.007771	0.006701	0.371468
chr2	100972500	102126496	0.179024	0.004519	0.003804	0.171636
chr2	102370922	107643805	-0.237300	-0.005108	-0.004392	-0.218729
chr2	107698215	109414151	0.033999	0.000571	0.000501	0.028302
chr2	109419123	112443303	-0.209302	-0.002856	-0.002472	-0.181633
chr2	112605373	113934386	-0.305000	-0.005547	-0.004767	-0.206088
chr2	113934395	114937901	0.055285	0.001141	0.000974	0.046075
chr2	114937917	115701117	0.115118	0.003771	0.003210	0.089503
chr2	115768488	117813811	-0.211986	-0.005371	-0.004462	-0.174554
chr2	117827474	119001819	0.050505	0.001723	0.001489	0.047619
chr2	119131621	121449235	-0.199507	-0.004513	-0.003808	-0.189066
chr2	121636255	123846232	0.068027	0.000985	0.000871	0.082742
chr2	123859491	125055464	-0.113646	-0.003224	-0.002766	-0.084287
chr2	125085146	127011513	-0.245597	-0.005018	-0.004296	-0.228176
chr2	127019330	128749782	-0.166031	-0.003455	-0.002979	-0.108783
chr2	128780988	130798592	-0.117255	-0.002018	-0.001790	-0.116049
chr2	130808457	133541089	0.173697	0.003363	0.002928	0.154982
chr2	133546995	137180980	-0.216206	-0.004843	-0.004130	-0.165802
chr2	137196904	138502305	0.075127	0.001701	0.001481	0.057511
chr2	138513291	139858268	0.111641	0.002140	0.001889	0.084067
chr2	139939116	141759038	0.382951	0.006732	0.005821	0.364329
chr2	141929746	143941813	-0.216469	-0.003676	-0.003279	-0.186296
chr2	143961146	148342740	-0.063107	-0.001318	-0.001164	-0.039074
chr2	148359252	149309215	-0.041197	-0.001109	-0.000954	-0.035848
chr2	149311958	150077227	-0.184211	-0.006542	-0.005529	-0.154190
chr2	150086978	151672944	0.001437	0.000026	0.000023	0.001256
chr2	151711226	152856821	-0.205620	-0.005874	-0.004975	-0.181034
chr2	152882860	154363088	0.033199	0.000718	0.000606	0.002577
chr2	154373537	156268620	0.201822	0.006145	0.005189	0.187013
chr2	156372587	160356370	0.179087	0.004094	0.003518	0.161435
chr2	160418157	163477464	0.133866	0.002433	0.002106	0.091999
chr3	844880	2798876	-0.145057	-0.003576	-0.003111	-0.127194
chr3	2801674	3745347	0.006669	0.000231	0.000197	0.009778
chr3	3749129	5200500	-0.188176	-0.006176	-0.005341	-0.163709
chr3	5200996	6328449	-0.241481	-0.006272	-0.005322	-0.218012
chr3	6367503	8076397	0.049737	0.001048	0.000919	0.044722
chr3	8107395	11004238	0.064343	0.001520	0.001279	0.075377
chr3	11006214	12177150	-0.221865	-0.006510	-0.005573	-0.208731
chr3	12177816	13178191	-0.128281	-0.004313	-0.003565	-0.101909
chr3	13224828	15042640	-0.001287	-0.000027	-0.000024	-0.014407
chr3	15046569	16424950	-0.015451	-0.000411	-0.000355	-0.012019
chr3	16542343	17572268	0.294861	0.008174	0.007102	0.270280
chr3	17576845	18363764	0.176904	0.005561	0.004617	0.152882
chr3	18364160	20536482	-0.093960	-0.001638	-0.001466	-0.092050
chr3	20620696	22299149	0.043245	0.001178	0.001057	0.036267
chr3	22414331	24115583	-0.091164	-0.001786	-0.001552	-0.016683
chr3	24115590	25171041	-0.226355	-0.004639	-0.003975	-0.143786
chr3	25174289	26546892	0.092865	0.002225	0.001981	0.084304
chr3	26611853	29159809	-0.132026	-0.002243	-0.001946	-0.124231
chr3	29166499	30924258	0.039233	0.000712	0.000618	0.043611
chr3	30942294	32885788	-0.091093	-0.001585	-0.001375	-0.096511
chr3	32909729	34246509	0.085575	0.002332	0.001965	0.102881
chr3	34302423	35935001	0.051186	0.000784	0.000696	0.042610
chr3	35940903	36497956	-0.065011	-0.003933	-0.003565	-0.042428
chr3	36679052	39402147	0.009571	0.000187	0.000164	0.007229
chr3	39418926	42122329	-0.148846	-0.003260	-0.002824	-0.131622
chr3	42315259	43754639	0.205947	0.004694	0.004061	0.175777
chr3	43754640	45197386	-0.051256	-0.001502	-0.001270	-0.047857
chr3	45208096	46106498	-0.237265	-0.008081	-0.006661	-0.154135
chr3	46169548	47568435	0.095677	0.002856	0.002491	0.032055
chr3	47586855	49226724	-0.178674	-0.003510	-0.003068	-0.150058
chr3	49352395	51534108	-0.216237	-0.005543	-0.004645	-0.162852
chr3	51536555	52899205	-0.080192	-0.003139	-0.002609	-0.048243
chr3	52915754	54910907	-0.091364	-0.001689	-0.001451	-0.071746
chr3	54951887	56820798	0.184211	0.004142	0.003627	0.145005
chr3	56874273	57766603	-0.237890	-0.007203	-0.006235	-0.224822
chr3	57810915	59328696	0.075723	0.001230	0.001080	0.061088
chr3	59408198	61399656	0.390812	0.007775	0.006770	0.355051
chr3	61434577	62669980	0.112743	0.003300	0.002640	0.110041
chr3	62692895	63579861	0.289744	0.011299	0.009255	0.239560
chr3	63592066	64508099	-0.042798	-0.001303	-0.001055	-0.044674
chr3	64513092	66648004	0.461538	0.012376	0.010523	0.437008
chr3	66653420	67685684	-0.008227	-0.000221	-0.000188	-0.006623
chr3	67685751	69435160	0.190355	0.005233	0.004429	0.169320
chr3	69488496	71398520	0.109987	0.002752	0.002347	0.107870
chr3	71398591	74011061	0.031107	0.000579	0.000517	0.013651
chr3	74020872	75291834	0.008031	0.000285	0.000243	-0.003037
chr3	75327665	76150826	0.187420	0.006330	0.005626	0.175037
chr3	76151690	76971268	-0.116659	-0.003624	-0.003066	-0.085146
chr3	76973370	79846092	-0.314931	-0.008114	-0.007053	-0.274043
chr3	79879427	81012290	-0.109091	-0.003583	-0.002961	-0.091512
chr3	81040657	84486151	0.078165	0.001888	0.001589	0.066488
chr3	84507971	85715655	-0.031196	-0.000760	-0.000634	-0.037037
chr3	85719201	87343772	0.178626	0.003123	0.002795	0.163636
chr3	87343774	90018058	0.061134	0.001340	0.001168	0.059740
chr3	90022647	92657413	0.227895	0.004123	0.003686	0.184136
chr3	92674120	97746908	-0.064463	-0.001241	-0.001078	-0.039882
chr3	97807458	98602244	-0.287288	-0.013041	-0.011495	-0.196350
chr3	98630998	102745829	-0.111581	-0.001743	-0.001532	-0.094262
chr3	102892901	106240950	-0.103737	-0.001937	-0.001661	-0.083147
chr3	106310377	108052191	0.006079	0.000103	0.000089	0.007765
chr3	108238893	109933223	-0.169459	-0.003553	-0.002979	-0.155724
chr3	109975133	113466956	0.193585	0.004503	0.003928	0.192971
chr3	113539326	115530310	0.188081	0.004239	0.003617	0.147184
chr3	115607166	117282434	0.013162	0.000417	0.000355	0.012650
chr3	117296393	119279605	-0.177887	-0.003604	-0.003097	-0.130145
chr3	119287419	122015011	-0.059203	-0.001621	-0.001357	-0.059574
chr3	122082252	123503211	0.009056	0.000248	0.000202	-0.001124
chr3	123521703	124931737	0.079724	0.002561	0.002176	0.074460
chr4	3809851	6651706	0.073642	0.001793	0.001520	0.054858
chr4	6709574	8076394	-0.146067	-0.003772	-0.003271	-0.126012
chr4	8104270	11031951	-0.083890	-0.001928	-0.001615	-0.077687
chr4	11041588	13637663	0.014891	0.000394	0.000324	0.021982
chr4	13659185	15874131	0.008072	0.000142	0.000122	-0.002317
chr4	15878230	17541783	-0.017208	-0.000402	-0.000350	-0.013846
chr4	17564533	19516157	0.082171	0.001530	0.001377	0.059973
chr4	19529806	21460978	0.081448	0.003148	0.002655	0.109223
chr4	21465870	22606214	-0.228025	-0.006954	-0.005867	-0.153704
chr4	22619162	23912892	-0.067046	-0.001547	-0.001371	-0.062322
chr4	23976628	25393365	-0.191489	-0.005524	-0.004596	-0.172414
chr4	25402077	27334639	-0.168279	-0.003111	-0.002683	-0.148325
chr4	27402355	29542589	0.246800	0.006096	0.005273	0.206806
chr4	29553616	32094836	-0.062593	-0.001540	-0.001295	-0.051799
chr4	32235609	33482089	0.143415	0.002598	0.002237	0.140549
chr4	33496217	34519765	0.159164	0.005160	0.004511	0.173661
chr4	34526048	36691117	0.146132	0.003347	0.002875	0.117493
chr4	36720397	40778177	-0.015986	-0.000285	-0.000251	-0.023511
chr4	40781997	41974422	-0.141621	-0.003906	-0.003465	-0.121786
chr4	42002819	42939476	0.261042	0.008161	0.007056	0.270846
chr4	42970189	44411464	0.031076	0.000687	0.000608	0.046154
chr4	44449179	47712099	0.100533	0.002103	0.001870	0.110014
chr4	47734267	49328201	0.023564	0.000435	0.000358	0.015748
chr4	49330825	50402691	-0.132819	-0.002604	-0.002311	-0.094576
chr4	50407576	52869550	-0.010748	-0.000206	-0.000177	0.027252
chr4	52886763	55000127	-0.129123	-0.002426	-0.002132	-0.121739
chr4	55003491	56921333	0.008638	0.000178	0.000151	0.039600
chr4	56979165	58680448	-0.055142	-0.001012	-0.000899	-0.054886
chr4	58755566	60554159	0.062060	0.001579	0.001344	0.051335
chr4	60563275	64913162	-0.098531	-0.002035	-0.001715	-0.106576
chr4	64919237	66926325	0.081081	0.001794	0.001558	0.095112
chr4	66970323	69314203	0.024237	0.000516	0.000451	0.031275
chr4	69341708	70610456	-0.133307	-0.004138	-0.003605	-0.119300
chr4	70613050	73597036	-0.126797	-0.002594	-0.002215	-0.118490
chr4	73637863	77134628	0.011914	0.000263	0.000222	0.018256
chr4	77137811	80972106	0.124743	0.003586	0.002973	0.128149
chr5	925271	2544106	-0.255760	-0.009549	-0.007960	-0.217332
chr5	2565621	3648679	-0.094724	-0.003227	-0.002661	-0.052527
chr5	3658105	4897869	-0.229091	-0.005325	-0.004640	-0.210225
chr5	4903840	6451530	-0.111160	-0.002571	-0.002179	-0.082335
chr5	6452200	8208424	-0.143354	-0.003402	-0.002932	-0.172628
chr5	8212068	8806940	-0.159710	-0.007654	-0.006050	-0.124296
chr5	8807090	9536843	-0.029908	-0.001215	-0.001022	-0.026549
chr5	9622041	11069992	-0.250202	-0.005873	-0.004895	-0.237687
chr5	11100098	12239707	-0.052069	-0.001893	-0.001537	-0.042581
chr5	12274758	13544495	0.043231	0.001112	0.000929	0.003447
chr5	13573104	14513916	-0.343400	-0.007728	-0.006653	-0.274854
chr5	14619708	15865781	-0.263441	-0.004854	-0.004239	-0.229268
chr5	15872948	16921405	-0.098901	-0.003155	-0.002740	-0.096280
chr5	16938826	18962394	0.409292	0.008996	0.007754	0.419355
chr5	18962517	22588188	0.265137	0.005008	0.004462	0.242078
chr5	22592033	24348419	-0.028401	-0.000666	-0.000573	-0.027556
chr5	24351525	25538788	-0.002571	-0.000050	-0.000043	0.011304
chr5	25545346	27739702	0.175573	0.003298	0.002858	0.182840
chr5	27744737	29262666	0.015817	0.000314	0.000273	0.013595
chr5	29273708	30511025	-0.385333	-0.007932	-0.006991	-0.331439
chr5	30517862	32227355	0.157131	0.003809	0.003390	0.111411
chr5	32233983	33977361	-0.070146	-0.001969	-0.001674	-0.071635
chr5	34113802	38499003	0.062305	0.001120	0.000970	0.074468
chr5	38511429	40207648	-0.026667	-0.000543	-0.000469	-0.018127
chr5	40217998	41779518	-0.066434	-0.001705	-0.001431	-0.057986
chr5	41784005	42864824	0.017075	0.000339	0.000297	0.006906
chr5	42870254	44032347	0.121360	0.002955	0.002588	0.117850
chr5	44103761	46591010	-0.098692	-0.002581	-0.002215	-0.082648
chr5	46698376	49124566	-0.027285	-0.000498	-0.000442	-0.023359
chr5	49132061	50580048	0.132503	0.004134	0.003566	0.176823
chr5	50594462	52412959	0.298544	0.005057	0.004497	0.253818
chr5	52445867	53528542	0.193786	0.004652	0.004147	0.148435
chr5	53533942	54886020	-0.065355	-0.001734	-0.001447	-0.062711
chr5	54978068	57267288	-0.003727	-0.000068	-0.000059	-0.026681
chr5	57439587	59738254	-0.021951	-0.000411	-0.000355	-0.019327
chr5	59763778	62083681	-0.310148	-0.004310	-0.003703	-0.251872
chr5	62083875	65357870	0.005785	0.000125	0.000111	0.009612
chr5	65358080	67182838	-0.093750	-0.002199	-0.001905	-0.104623
chr5	67189901	68805904	-0.005798	-0.000227	-0.000191	-0.021598
chr5	68840624	70160556	0.157757	0.004860	0.004098	0.137297
chr6	643801	2208390	0.037406	0.001032	0.000910	0.032212
chr6	2228175	4888698	-0.076990	-0.001760	-0.001510	-0.070533
chr6	4898685	5724001	0.206951	0.006274	0.005292	0.161928
chr6	5780318	7794522	0.153359	0.004047	0.003483	0.112887
chr6	7798580	8994200	0.174857	0.003749	0.003248	0.116206
chr6	9007206	10273691	0.099486	0.002088	0.001787	0.079984
chr6	10297066	11479010	-0.037810	-0.001020	-0.000890	-0.033195
chr6	11486568	12442823	0.107590	0.003052	0.002621	0.085357
chr6	12446149	12970111	0.173349	0.004482	0.003819	0.126437
chr6	12987369	14045753	-0.170840	-0.004553	-0.003941	-0.161051
chr6	14045885	15535768	-0.109547	-0.002577	-0.002200	-0.124952
chr6	15539171	16490474	0.253484	0.008110	0.006651	0.212054
chr6	16490526	19108419	-0.445898	-0.009952	-0.008769	-0.407563
chr6	19139819	20667297	0.192220	0.003943	0.003474	0.168103
chr6	20668701	22305500	0.303457	0.007055	0.005963	0.262428
chr6	22557127	24893454	-0.002262	-0.000052	-0.000046	-0.036234
chr6	24907148	25852053	-0.147500	-0.003883	-0.003350	-0.135904
chr6	25855716	27205845	0.005413	0.000132	0.000115	0.001888
chr6	27353004	29124280	-0.051081	-0.001126	-0.000975	-0.042610
chr6	29239950	31952758	0.053238	0.001085	0.000982	0.044490
chr6	32117991	33868436	0.200575	0.005572	0.004908	0.180873
chr6	33877422	36010163	0.031579	0.000660	0.000578	0.023758
chr6	36054280	39246311	-0.177080	-0.004481	-0.003884	-0.181440
chr6	39247358	40433519	0.047326	0.001204	0.001071	0.037261
chr6	40435352	41239415	-0.237086	-0.005369	-0.004727	-0.217530
chr6	41240492	42150521	-0.265152	-0.007475	-0.006194	-0.221329
chr6	42158476	42970029	0.129310	0.004506	0.003878	0.098217
chr6	42973977	43675879	-0.313282	-0.012192	-0.010443	-0.234595
chr6	43710810	44749175	0.042532	0.001468	0.001269	0.040681
chr6	44749353	45485426	-0.099567	-0.003238	-0.002672	-0.079812
chr6	45485428	46827582	0.190835	0.004781	0.003974	0.148644
chr6	46993083	48046848	0.028037	0.000523	0.000456	0.009662
chr6	48053264	48600258	-0.004904	-0.000241	-0.000198	-0.004451
chr6	48627999	50035288	0.243502	0.005778	0.004937	0.235683
chr6	50049706	51264118	0.205696	0.005361	0.004405	0.172571
chr6	51283809	52032642	-0.222581	-0.007559	-0.006048	-0.166607
chr7	925577	2191068	0.030359	0.000848	0.000734	0.015544
chr7	2193352	3565094	0.326057	0.007769	0.006814	0.244127
chr7	3567710	4601156	-0.059603	-0.001779	-0.001423	-0.047099
chr7	4607279	5648642	0.262830	0.007180	0.006245	0.199412
chr7	5650708	8368283	-0.165823	-0.003437	-0.002923	-0.161538
chr7	8382486	9383074	0.085537	0.002041	0.001708	0.052935
chr7	9399388	10600190	0.269888	0.007922	0.006685	0.258659
chr7	10660468	11941830	-0.049458	-0.001119	-0.000962	-0.034505
chr7	11947884	13581531	-0.168293	-0.003707	-0.003165	-0.158455
chr7	13604334	14795774	-0.213454	-0.004937	-0.004266	-0.201672
chr7	14853661	17839586	0.428571	0.007140	0.006217	0.371237
chr7	17895441	19363107	-0.100000	-0.003572	-0.003022	-0.080524
chr7	19379098	21211685	0.120470	0.002796	0.002363	0.104677
chr7	21266518	22111215	0.018405	0.000687	0.000586	0.012281
chr7	22111526	23277063	-0.019894	-0.000551	-0.000493	-0.012476
chr7	23330197	25166909	0.111628	0.002810	0.002560	0.099526
chr7	25167080	27287699	-0.092139	-0.001916	-0.001706	-0.100478
chr7	27289175	28934973	0.040890	0.000981	0.000875	0.041972
chr7	28939243	29709499	-0.068337	-0.001967	-0.001703	-0.065502
chr7	29839780	32097296	0.271394	0.004801	0.004112	0.249438
chr7	32099933	33938834	0.206818	0.005504	0.004788	0.167846
chr7	33965694	34663943	0.100139	0.002744	0.002256	0.076814
chr7	34667562	35776735	0.003140	0.000093	0.000078	0.002389
chr7	35784734	36612369	0.079137	0.002221	0.001875	0.073171
chr7	36655331	37941121	0.023578	0.000448	0.000387	0.020507
chr7	37941131	40043071	0.102317	0.002245	0.001889	0.080521
chr7	40064470	41014443	-0.319251	-0.007800	-0.006509	-0.273796
chr7	41037145	42211772	0.031837	0.000808	0.000713	0.009360
chr7	42221472	44136420	0.275130	0.006589	0.005576	0.223393
chr7	44171918	45518306	0.014618	0.000338	0.000285	0.025077
chr7	45530286	46217925	0.184735	0.007327	0.006140	0.133653
chr7	46217926	46891766	0.123521	0.005687	0.004548	0.114607
chr8	346307	1711479	-0.034188	-0.000817	-0.000702	-0.003654
chr8	1715283	2631399	-0.130568	-0.003699	-0.003219	-0.095089
chr8	2645459	3976612	0.188877	0.004038	0.003472	0.108487
chr8	3976613	4735613	0.015131	0.000475	0.000410	0.003283
chr8	4794169	5614249	-0.240899	-0.006220	-0.005205	-0.115301
chr8	5617438	6449577	-0.001758	-0.000054	-0.000046	-0.005039
chr8	6468358	7050170	-0.239617	-0.007085	-0.005954	-0.188383
chr8	7053399	7774963	-0.034470	-0.001160	-0.001041	-0.031648
chr8	7899513	8414139	-0.048068	-0.001631	-0.001394	-0.011914
chr8	8417985	9665824	-0.129927	-0.002790	-0.002425	-0.117276
chr8	9689621	11220491	0.158282	0.003678	0.003159	0.121364
chr8	11236060	13815958	0.297674	0.005354	0.004707	0.263555
chr8	13822042	16178939	0.009539	0.000214	0.000186	0.005390
chr8	16185585	17384502	-0.247706	-0.006476	-0.005620	-0.213743
chr8	17384641	19631144	0.059814	0.001342	0.001214	0.047203
chr8	19631145	21713638	0.090847	0.001966	0.001785	0.081886
chr8	21714684	22697688	0.155172	0.006110	0.005345	0.108481
chr8	22708674	24955734	-0.109298	-0.002255	-0.001962	-0.108787
chr8	24966961	27015069	-0.097331	-0.002071	-0.001771	-0.093195
chr8	27095661	29074624	-0.064516	-0.001643	-0.001403	-0.063136
chr8	29280077	30343363	-0.143127	-0.002929	-0.002498	-0.117367
chr8	30348370	32378228	-0.174178	-0.002714	-0.002302	-0.127427
chr8	32378318	33764684	-0.185357	-0.005237	-0.004387	-0.176471
chr8	33764824	34821074	-0.193359	-0.003812	-0.003220	-0.141713
chr8	34859495	35746908	-0.136591	-0.004144	-0.003336	-0.118780
chr8	35785798	36697383	-0.138713	-0.003802	-0.003150	-0.108127
chr8	36697386	37752010	-0.195677	-0.006404	-0.005415	-0.166111
chr8	37758030	38384685	-0.056604	-0.002217	-0.001845	-0.046154
chr8	38388750	39265019	0.136297	0.003583	0.002967	0.093354
chr8	39281842	40245334	-0.135970	-0.003652	-0.003036	-0.095853
chr8	40256656	41007619	-0.423651	-0.016594	-0.013742	-0.370407
chr8	41015895	42000368	-0.053122	-0.001543	-0.001320	-0.052456
chr8	42074044	43271676	0.219298	0.006938	0.005692	0.185214
chr9	1011353	2576665	-0.025583	-0.000704	-0.000613	-0.069465
chr9	2576669	4014146	-0.442471	-0.014636	-0.012494	-0.412527
chr9	4053988	4886035	-0.172365	-0.006114	-0.004998	-0.149425
chr9	4892439	6929150	-0.184827	-0.003343	-0.002908	-0.127396
chr9	6945634	8493576	0.255668	0.006603	0.005636	0.221838
chr9	8551741	10567902	-0.110920	-0.002533	-0.002139	-0.084906
chr9	10580490	11732178	-0.296248	-0.006670	-0.005692	-0.252376
chr9	11762223	12784738	0.112013	0.002856	0.002396	0.103916
chr9	12796670	13694931	0.016603	0.000466	0.000406	0.003851
chr9	13700590	14688493	-0.056454	-0.001224	-0.001072	-0.075965
chr9	14791532	16893573	-0.106260	-0.001905	-0.001653	-0.087103
chr9	16934145	18206999	0.093448	0.002074	0.001794	0.081773
chr9	18218981	19924846	0.126724	0.002547	0.002185	0.125858
chr9	19929505	22709749	0.562878	0.010952	0.009447	0.506352
chr9	22773456	26274660	0.206693	0.004881	0.004268	0.209380
chr9	26290085	28798717	0.096217	0.001803	0.001502	0.091650
chr9	28829935	30203446	0.150259	0.004401	0.003713	0.125180
chr9	30209973	30944960	0.038304	0.001294	0.001118	0.033403
chr9	30948236	31614506	0.304000	0.011567	0.009654	0.294574
chr9	31614867	33309466	0.288382	0.007489	0.006306	0.228118
chr9	33435536	35390596	0.190064	0.003984	0.003459	0.166302
chr9	35416057	36753139	-0.110061	-0.003070	-0.002652	-0.083571
chr9	36754466	38382966	0.000000	0.000000	0.000000	-0.000000
chr9	38384108	39247695	0.124031	0.005163	0.004267	0.098415
chr9	39278396	40495418	-0.146209	-0.004996	-0.004149	-0.096626
chr9	40579765	42454828	0.092784	0.002073	0.001811	0.073761
chr9	42471813	43360160	0.078591	0.002457	0.002171	0.076383
chr10	2906523	6873319	-0.059271	-0.001040	-0.000916	-0.059181
chr10	6873367	8514641	-0.209150	-0.004331	-0.003749	-0.190926
chr10	8707925	11890693	0.173145	0.003049	0.002703	0.149206
chr10	11987688	14104455	0.170315	0.003790	0.003419	0.134404
chr10	14181123	16741067	0.267059	0.006407	0.005563	0.225423
chr10	16756240	18591243	-0.013436	-0.000276	-0.000238	-0.016968
chr10	18650981	19406392	0.442664	0.014153	0.012279	0.434389
chr10	19415345	21018981	0.016552	0.000336	0.000291	0.011152
chr10	21027111	22470985	-0.209302	-0.005061	-0.004335	-0.200326
chr10	22474521	24746563	0.258246	0.005345	0.004723	0.236664
chr10	24874467	25990783	-0.371219	-0.006723	-0.005849	-0.333333
chr10	25995909	26688942	-0.028037	-0.000710	-0.000644	-0.023018
chr10	26698808	27474893	-0.262056	-0.006728	-0.005896	-0.236259
chr10	27476142	29367775	0.003349	0.000090	0.000076	-0.019780
chr10	29375296	30733126	-0.003888	-0.000092	-0.000076	0.019166
chr10	30737552	31204579	0.087218	0.003084	0.002626	0.074847
chr10	31230741	33309020	-0.034361	-0.000705	-0.000601	-0.031185
chr10	33404096	34646453	0.001399	0.000024	0.000021	-0.010221
chr10	34646461	36779083	0.122733	0.002796	0.002457	0.130163
chr10	36783141	38243212	-0.058824	-0.001442	-0.001244	-0.084746
chr10	38419459	39420854	0.372692	0.009572	0.008239	0.295567
chr10	39444861	41046509	-0.118130	-0.004005	-0.003408	-0.118003
chr11	2449401	3672907	-0.118156	-0.003014	-0.002581	-0.078014
chr11	3678714	4318269	-0.270396	-0.013091	-0.010562	-0.214144
chr11	4318272	5577004	0.017995	0.000478	0.000408	0.012950
chr11	5588736	6513917	0.161793	0.006130	0.005343	0.156702
chr11	6517269	7522003	0.122962	0.004767	0.003928	0.104455
chr11	7531997	8191629	0.196699	0.005409	0.004537	0.145347
chr11	8202072	8959090	-0.266922	-0.008947	-0.007469	-0.233853
chr11	8967938	9611468	-0.024691	-0.000763	-0.000643	-0.032215
chr11	9616569	10821334	0.095116	0.002331	0.001903	0.084599
chr11	10845753	11346142	-0.054620	-0.001835	-0.001522	-0.037709
chr11	11355555	12241367	0.397709	0.010886	0.009292	0.358548
chr11	12251613	13241695	0.045825	0.001680	0.001402	0.052761
chr11	13255976	14570162	-0.068921	-0.001513	-0.001304	-0.073761
chr11	14580443	15313804	-0.133070	-0.004759	-0.003938	-0.125424
chr11	15328469	16317266	-0.160526	-0.004425	-0.003741	-0.080610
chr11	16331175	17309835	0.011184	0.000287	0.000248	-0.004854
chr11	17318393	18638193	0.089587	0.001927	0.001689	0.120572
chr11	18690593	20838352	0.238095	0.003760	0.003228	0.188525
chr11	20884957	22904666	0.082341	0.002061	0.001797	0.058065
chr11	22928499	24708217	0.194805	0.003966	0.003501	0.184581
chr11	24736035	26493449	0.108309	0.002563	0.002311	0.070601
chr11	26500573	27955386	-0.093354	-0.002878	-0.002477	-0.076721
chr11	27956258	28583218	0.080357	0.002213	0.001923	0.068860
chr11	28597707	29644214	0.123876	0.004129	0.003639	0.120770
chr11	29652215	30512767	0.211191	0.006325	0.005567	0.141286
chr11	30548273	31538232	0.193416	0.003688	0.003186	0.172952
chr11	31548038	33087353	-0.158932	-0.003858	-0.003242	-0.125323
chr11	33112097	34108769	0.133929	0.003477	0.003014	0.119336
chr11	34114151	34793735	0.133032	0.005030	0.004321	0.109728
chr11	34818298	35521409	-0.197139	-0.007867	-0.006554	-0.185471
chr11	35528275	36484177	-0.045582	-0.001337	-0.001162	-0.037904
chr11	36496627	37528045	0.319958	0.007413	0.006432	0.238854
chr12	616564	3331610	0.015394	0.000335	0.000299	-0.007092
chr12	3376797	4975302	-0.052574	-0.001485	-0.001297	-0.060188
chr12	4979222	7606048	-0.047244	-0.001128	-0.000978	-0.060172
chr12	7683361	10369297	0.011842	0.000234	0.000202	0.020470
chr12	10379420	12776676	-0.101333	-0.002044	-0.001787	-0.088993
chr12	12805544	14886029	-0.087815	-0.002221	-0.001922	-0.085174
chr12	14888787	16419771	0.105439	0.002789	0.002376	0.073699
chr12	16420138	17737434	0.083624	0.002197	0.001838	0.074875
chr12	17737623	19451647	-0.210526	-0.003366	-0.002908	-0.121540
chr12	19455384	21137862	0.233766	0.005826	0.004902	0.210084
chr12	21137892	22651797	0.163846	0.004261	0.003523	0.140461
chr12	22652229	23328855	-0.095368	-0.002561	-0.002089	-0.073497
chr12	23329099	23988402	0.403094	0.013180	0.010784	0.322759
chr12	24009865	24966294	-0.122398	-0.003270	-0.002845	-0.112817
chr12	24981845	25775606	0.215979	0.006723	0.005674	0.177508
chr12	25784286	26349382	0.043867	0.001792	0.001518	0.051114
chr12	26349837	28172566	-0.440649	-0.008945	-0.007853	-0.415704
chr12	28186339	29443423	0.137482	0.002717	0.002420	0.129456
chr12	29528169	30122973	-0.013876	-0.000452	-0.000393	-0.011710
chr12	30129449	31188974	-0.317073	-0.008565	-0.006945	-0.253818
chr12	31203147	31742467	-0.051227	-0.001695	-0.001344	-0.042688
chr12	31743259	32850608	0.119584	0.003051	0.002574	0.114329
chr12	32857418	35169096	0.103593	0.002104	0.001798	0.080315
chr13	1097018	2319299	0.401985	0.012098	0.010176	0.331967
chr13	2322495	3401073	0.189662	0.007052	0.006082	0.171523
chr13	3447946	4336150	-0.228354	-0.007413	-0.006249	-0.172786
chr13	4358723	5173843	0.351148	0.012959	0.010486	0.296703
chr13	5176337	5954850	-0.027379	-0.000932	-0.000786	0.020007
chr13	5955471	7022792	0.128616	0.003935	0.003348	0.108411
chr13	7052209	8289192	0.113280	0.002594	0.002191	0.103851
chr13	8296100	9259574	-0.168019	-0.004887	-0.004111	-0.142475
chr13	9259580	10397139	-0.007608	-0.000258	-0.000213	-0.003641
chr13	10526934	11761555	0.156334	0.003336	0.002887	0.155779
chr13	11761798	12619897	0.116321	0.002799	0.002496	0.090301
chr13	12636514	14245137	-0.222492	-0.004147	-0.003549	-0.176879
chr13	14290683	15753124	0.074579	0.001793	0.001554	0.073497
chr13	15852162	17542239	0.100229	0.001605	0.001460	0.082110
chr13	17587880	19215022	0.161303	0.004228	0.003680	0.136681
chr13	19250928	20420225	0.106642	0.002732	0.002433	0.095455
chr13	20425948	21433887	-0.048679	-0.001524	-0.001332	-0.044268
chr13	21451529	22280054	0.011368	0.000341	0.000289	0.021746
chr13	22356161	23595231	0.082051	0.001756	0.001511	0.083333
chr13	23602562	24251174	0.116404	0.003560	0.003078	0.096898
chr13	24260260	25263289	0.339228	0.008015	0.006912	0.334221
chr13	25265423	27507872	0.160277	0.003259	0.002788	0.125219
chr13	27511267	28155232	-0.023569	-0.000998	-0.000828	-0.001044
chr13	28156179	29263905	-0.103738	-0.001906	-0.001716	-0.086381
chr13	29270572	30259289	-0.019897	-0.000664	-0.000569	0.003783
chr13	30293096	31216838	0.023077	0.000846	0.000699	0.005282
chr13	31227906	32547426	-0.195585	-0.006121	-0.005185	-0.162504
chr13	32554328	33394263	0.218644	0.009281	0.007822	0.201610
chr14	1084412	2247841	0.167804	0.004783	0.003863	0.135428
chr14	2303717	3313861	0.105678	0.003063	0.002512	0.128070
chr14	3341343	4797626	0.067549	0.001641	0.001448	0.057525
chr14	4800677	5536090	0.054767	0.001630	0.001332	0.062600
chr14	5575716	6417210	0.089986	0.002618	0.002219	0.051443
chr14	6459466	7547057	-0.112800	-0.002751	-0.002428	-0.102439
chr14	7547999	8636701	0.028049	0.000662	0.000584	0.015116
chr14	8642599	9318337	-0.337901	-0.012456	-0.010104	-0.265646
chr14	9340023	10390476	0.132164	0.005105	0.004332	0.107252
chr14	10445754	11268143	0.083271	0.002970	0.002382	0.071938
chr14	11281228	12919573	-0.136895	-0.002957	-0.002579	-0.123722
chr15	754975	1726091	0.141925	0.004317	0.003700	0.116547
chr15	1740988	2831708	-0.058721	-0.001909	-0.001623	-0.038532
chr15	2838807	3656232	0.120102	0.003801	0.003113	0.103286
chr15	3706639	4364883	0.102732	0.003866	0.003299	0.080460
chr15	4366639	5197034	-0.008633	-0.000256	-0.000210	-0.007895
chr15	5210917	5887575	-0.058777	-0.002280	-0.001855	-0.023228
chr15	5894404	6662333	0.156398	0.005744	0.004753	0.109208
chr15	6723360	7300867	-0.050847	-0.001904	-0.001583	-0.031403
chr15	7321434	8326210	-0.031931	-0.000803	-0.000666	-0.039829
chr15	8326608	9359069	0.037178	0.001128	0.000958	0.030564
chr15	9360801	10566935	-0.003623	-0.000112	-0.000095	-0.003236
chr15	10569691	11832835	-0.070707	-0.001491	-0.001247	-0.049624
chr15	11892861	12673639	0.040772	0.001219	0.001058	0.036881
chr16	694646	2072951	0.017707	0.000559	0.000478	0.014716
chr16	2075836	3699025	0.108642	0.003106	0.002661	0.091837
chr16	3751461	4378880	0.086249	0.002806	0.002319	0.095459
chr16	4379350	5494349	0.251771	0.008082	0.006842	0.244219
chr16	5494351	6797333	0.144799	0.003345	0.002953	0.111196
chr16	6808276	8230818	-0.140888	-0.003409	-0.002845	-0.123232
chr16	8234654	9360882	0.422535	0.013667	0.012147	0.343144
chr17	832230	1920617	-0.247210	-0.007646	-0.006323	-0.206966
chr17	1920867	2701330	0.178754	0.008473	0.007219	0.129933
chr17	2732932	3774425	0.291629	0.008376	0.007160	0.245044
chr17	3792722	4535479	0.260925	0.009168	0.007653	0.253537
chr17	4576206	6389437	-0.046385	-0.001135	-0.000940	-0.023085
chr17	6423048	8218053	-0.006367	-0.000171	-0.000151	-0.005941
chr18	1342493	3132701	0.223092	0.005703	0.005021	0.176752
chr18	3224075	4123085	0.153846	0.006101	0.005002	0.139918
chr18	4141007	5240262	0.068608	0.001547	0.001321	0.077048
chr18	5265249	5989830	-0.170732	-0.005913	-0.005177	-0.140690
chr18	6074535	7342948	0.062566	0.002035	0.001758	0.040275
chr19	305363	2803892	-0.039235	-0.000977	-0.000850	-0.018834
chr19	2805241	4155760	-0.073497	-0.002325	-0.001998	-0.091684
chr19	4175600	5595896	0.125899	0.003367	0.002887	0.116573
chr19	5607130	6560768	0.014504	0.000553	0.000480	-0.012062
chr19	6595053	7696666	0.038402	0.001217	0.000997	0.032127
chr20	635779	2115675	-0.021661	-0.000661	-0.000556	-0.022956
chr20	2123308	3033227	-0.024869	-0.000965	-0.000805	-0.039390
chr20	3101427	3871771	0.054393	0.001767	0.001487	0.044068
chr20	3875604	4709592	0.186047	0.007010	0.005786	0.155056
chr20	4710083	5436316	0.132743	0.004816	0.004193	0.107791
chr20	5436336	6430688	0.080112	0.002789	0.002374	0.081619
chr21	91875	1268810	-0.107417	-0.002800	-0.002484	-0.096774
chr21	1303358	3230506	-0.052464	-0.001497	-0.001263	-0.050491
chr21	3266325	5192867	-0.218841	-0.006808	-0.005644	-0.191653
chr21	5192878	6276090	-0.361772	-0.011730	-0.009792	-0.293413
chr21	6276180	6850915	0.202797	0.011956	0.009208	0.186495
chr22	1133108	2807842	-0.244869	-0.006912	-0.005788	-0.224473
chr22	2815694	4052088	0.040532	0.001429	0.001153	0.034322
chr22	4053599	5327024	-0.071392	-0.001871	-0.001568	-0.045437
chr22	5330965	6197774	0.137638	0.004576	0.003795	0.088943
chr23	1038244	2104810	-0.001330	-0.000051	-0.000041	-0.022467
chr24	669289	1981117	0.001279	0.000053	0.000044	0.004243
chrZ	810580	1212918	0.370909	0.010281	0.008853	0.300226
chrZ	1212919	3571599	-0.273390	-0.009926	-0.008345	-0.276564
chrZ	3671016	4302155	0.194844	0.009232	0.007836	0.156212
chrZ	4302338	4384739	-0.014904	-0.006834	-0.005513	-0.008430
chrZ	4385895	4501511	0.030488	0.014737	0.010994	0.005537
chrZ	4501850	4562903	0.054711	0.029625	0.021256	0.029931
chrZ	4562915	4627283	0.001956	0.000883	0.000705	0.001106
chrZ	4627295	5042552	-0.132353	-0.038182	-0.030933	-0.093794
chrZ	5042612	5351919	0.023643	0.010655	0.007600	0.013704
chrZ	5352030	6769126	-0.023992	-0.006878	-0.005540	-0.015537
chrZ	6775023	7352616	-0.083786	-0.037670	-0.029197	-0.053412
chrZ	7641338	8868655	-0.125070	-0.052260	-0.037136	-0.086247
chrZ	8868660	9206438	-0.030635	-0.014281	-0.009327	-0.023810
chrZ	9217352	9419058	0.062581	0.032485	0.021090	0.052061
chrZ	9419105	9672355	-0.020339	-0.006633	-0.004551	-0.015132
chrZ	9779900	12088484	-0.032099	-0.001794	-0.001504	-0.026298
chrZ	12118243	15220077	0.108696	0.005762	0.005033	0.077519
chrZ	15220112	19179818	0.141337	0.007790	0.006534	0.091626
chrZ	19179919	22442204	0.087227	0.006960	0.006009	0.055925
chrZ	22443872	26282922	0.032162	0.002083	0.001755	0.022463
chrZ	26282928	52347297	-0.112112	-0.002243	-0.001982	-0.090250
chrZ	52546474	77611294	0.037919	0.000997	0.000856	0.033601
