chr	windowStart	windowEnd	D	f_d	f_dM	d_f
chr1	1272788	1841200	-0.101624	-0.056146	-0.025141	-0.063701
chr1	1844635	2137925	-0.078414	-0.047254	-0.024197	-0.061115
chr1	2147321	2887450	0.350263	0.124611	0.080289	0.233412
chr1	2923402	3496754	0.178101	0.057673	0.040872	0.123321
chr1	3497689	4371352	-0.148232	-0.047619	-0.025994	-0.116090
chr1	4372261	5063734	-0.104178	-0.046039	-0.025351	-0.071610
chr1	5065310	5520799	0.047921	0.022162	0.013333	0.016649
chr1	5524446	6572496	0.033800	0.016696	0.008137	0.032496
chr1	6572498	6934413	-0.057130	-0.029984	-0.014619	-0.038266
chr1	6934565	7501330	0.568605	0.251113	0.161974	0.424111
chr1	7514587	7942248	-0.199804	-0.061987	-0.037328	-0.129284
chr1	7945565	8151131	-0.144004	-0.117561	-0.056062	-0.099706
chr1	8189654	8702085	-0.322469	-0.162035	-0.074825	-0.195334
chr1	8702128	10046115	-0.421286	-0.190706	-0.100179	-0.259060
chr1	10050397	12401912	-0.009174	-0.002205	-0.001441	-0.006382
chr1	12405129	14272704	0.270738	0.057839	0.044315	0.189189
chr1	14276881	14795037	0.087108	0.038246	0.021061	0.044563
chr1	14796398	15704210	-0.177604	-0.050548	-0.033523	-0.109188
chr1	15726932	17132834	-0.032151	-0.005976	-0.004781	-0.006671
chr1	17133198	17458557	-0.131313	-0.094067	-0.048964	-0.069565
chr1	17539988	20939646	0.326064	0.081592	0.052537	0.279271
chr1	20952988	22690021	-0.160297	-0.033860	-0.020434	-0.111935
chr1	22701739	24099321	-0.143357	-0.061377	-0.034786	-0.098676
chr1	24099615	24963672	-0.072476	-0.055452	-0.022543	-0.057830
chr1	24967925	25789476	-0.099448	-0.032619	-0.020121	-0.076923
chr1	25803902	27370259	0.021987	0.006451	0.003974	0.015750
chr1	27373890	28719458	-0.142088	-0.030618	-0.020012	-0.111844
chr1	28719719	30370948	-0.269086	-0.071344	-0.045212	-0.217193
chr1	30402242	31955963	-0.310504	-0.121889	-0.073438	-0.223891
chr1	31959586	32792420	0.061667	0.026829	0.012507	0.046893
chr1	32793136	33685704	0.206580	0.093517	0.053388	0.142002
chr1	33686629	34683607	-0.102217	-0.032080	-0.018352	-0.069118
chr1	34793406	36469113	0.128884	0.034988	0.022389	0.078478
chr1	36473420	37274072	0.087711	0.035995	0.020137	0.050236
chr1	37287631	38082507	-0.279795	-0.093205	-0.054377	-0.224546
chr1	38118536	39369981	0.296741	0.075869	0.050640	0.248742
chr1	39380745	40463066	-0.245335	-0.056538	-0.038870	-0.134725
chr1	40481447	41735283	0.009593	0.002850	0.001727	0.016008
chr1	41892376	43380825	0.081475	0.022971	0.014004	0.066975
chr1	43382560	44969494	0.162484	0.051513	0.032968	0.114026
chr1	44991412	48170269	0.143895	0.029516	0.019546	0.119859
chr1	48170364	49485127	-0.074819	-0.016333	-0.010724	-0.044189
chr1	49502354	50651068	0.231627	0.045450	0.029602	0.169699
chr1	50651087	51395481	-0.264290	-0.091731	-0.048509	-0.194886
chr1	51427288	52307934	-0.376505	-0.177103	-0.101249	-0.249681
chr1	52325673	53105918	-0.125376	-0.052731	-0.032587	-0.099443
chr1	53106158	53692052	0.198838	0.074275	0.049417	0.174256
chr1	53692450	54551658	-0.120889	-0.031168	-0.018712	-0.119056
chr1	54554179	55322933	0.087545	0.028986	0.019384	0.054895
chr1	55373557	56093414	0.322093	0.093067	0.072197	0.232116
chr1	56093423	56756602	-0.027876	-0.006750	-0.004061	-0.018392
chr1	56770011	57362909	0.373523	0.137667	0.081729	0.275293
chr1	57385386	58437301	-0.238552	-0.042509	-0.032871	-0.169529
chr1	58536444	59395533	0.342418	0.076646	0.056716	0.231631
chr1	59395591	60371839	-0.232349	-0.074783	-0.044096	-0.171717
chr1	60372368	61043644	0.328862	0.105163	0.071537	0.187898
chr1	61043710	62135595	-0.161730	-0.047619	-0.027677	-0.092148
chr1	62145265	63120672	-0.058098	-0.021993	-0.012099	-0.028173
chr1	63123436	63952797	-0.067770	-0.019775	-0.012749	-0.061680
chr1	63956027	65625438	0.018487	0.006497	0.004083	0.013103
chr1	65625594	66317249	-0.221797	-0.123437	-0.064150	-0.133570
chr1	66317259	66941600	0.204580	0.086174	0.061595	0.153846
chr1	66962661	68307314	-0.232143	-0.076080	-0.047052	-0.178309
chr1	68316398	69376053	-0.082391	-0.018221	-0.013560	-0.065217
chr1	69376151	70106244	-0.243973	-0.123025	-0.063313	-0.150719
chr1	70106246	71723483	-0.122373	-0.036875	-0.023840	-0.103333
chr1	71724829	72501973	0.029843	0.011175	0.006560	0.026361
chr1	72502095	73160447	-0.071851	-0.041182	-0.020076	-0.050565
chr1	73199276	74201832	-0.021372	-0.006572	-0.004064	-0.011721
chr1	74204263	76400194	-0.116770	-0.014737	-0.011245	-0.071023
chr1	76400206	77268784	-0.181290	-0.046672	-0.031795	-0.107946
chr1	77343821	78352013	-0.034716	-0.011790	-0.006719	-0.025844
chr1	78371842	79346417	-0.229052	-0.106335	-0.065878	-0.173077
chr1	79346818	80614170	-0.334924	-0.106833	-0.066591	-0.237310
chr1	80671859	81250288	-0.047972	-0.017965	-0.011803	-0.032282
chr1	81254084	82173424	-0.012464	-0.004173	-0.002808	-0.008684
chr1	82190234	83618741	-0.189280	-0.057201	-0.033082	-0.138922
chr1	83619438	85171230	-0.242555	-0.070217	-0.040841	-0.190726
chr1	85176461	85614963	0.270476	0.103298	0.065629	0.180851
chr1	85617247	86550525	-0.133333	-0.031603	-0.023364	-0.077047
chr1	86550581	87188488	-0.310242	-0.146970	-0.079521	-0.211349
chr1	87190781	88536866	-0.043347	-0.010298	-0.006556	-0.011134
chr1	88546485	89410328	-0.284772	-0.061564	-0.039500	-0.162281
chr1	89414930	89678126	-0.237989	-0.120885	-0.053210	-0.142666
chr1	89684162	90264078	-0.314204	-0.123357	-0.055863	-0.206409
chr1	90274901	90504536	0.213659	0.060375	0.034711	0.133151
chr1	90505717	91133087	0.136419	0.026025	0.016366	0.088300
chr1	91133099	91572163	-0.118269	-0.070911	-0.023425	-0.089388
chr1	91662479	92573260	-0.183191	-0.050360	-0.029512	-0.116071
chr1	92592852	94527304	-0.186354	-0.040053	-0.026922	-0.114824
chr1	94527317	95918632	-0.234664	-0.063404	-0.034751	-0.145972
chr1	95919992	97426203	0.081810	0.022017	0.014524	0.060802
chr1	97441125	98505394	0.002045	0.000718	0.000448	0.007307
chr1	98505422	100360485	-0.168471	-0.050809	-0.030698	-0.112863
chr1	100361317	101419362	-0.020000	-0.004163	-0.002783	-0.015385
chr1	101419373	102901756	-0.204272	-0.048968	-0.030505	-0.153769
chr1	103103969	105742066	-0.040568	-0.010988	-0.006523	-0.026042
chr1	105771290	107502771	-0.344532	-0.079833	-0.050703	-0.214549
chr1	107507036	108789213	0.138570	0.044083	0.024504	0.089053
chr1	108947998	112639076	-0.168375	-0.045835	-0.027153	-0.128635
chr1	112774451	114096615	-0.088069	-0.025033	-0.018122	-0.067022
chr1	114096862	114898542	0.265306	0.057411	0.041411	0.171991
chr1	114899197	116192586	-0.286001	-0.049605	-0.031901	-0.138591
chr1	116210658	117603377	-0.013889	-0.003035	-0.002231	-0.007476
chr1	117605448	118480151	-0.061125	-0.019984	-0.010580	-0.030325
chr1	118513499	119282244	-0.257968	-0.097690	-0.057393	-0.149814
chr1	119310563	120163166	-0.187842	-0.091785	-0.047932	-0.112866
chr1	120163777	121396820	0.226596	0.055425	0.037248	0.120817
chr1	121400141	122714477	-0.312868	-0.082141	-0.049064	-0.202856
chr1	122718175	123013531	-0.050960	-0.024025	-0.014557	-0.041996
chr1	123019913	123441617	-0.040268	-0.022774	-0.012810	-0.024000
chr1	123514029	125088367	-0.003880	-0.000919	-0.000673	-0.002545
chr1	125134698	126557641	-0.054247	-0.019746	-0.011784	-0.036931
chr1	126563085	128649179	0.099146	0.031255	0.018799	0.053460
chr1	128649192	129533554	0.074722	0.018119	0.012305	0.030186
chr1	129558992	130597892	0.021277	0.008822	0.005646	0.014617
chr1	130603446	131875905	0.184059	0.074580	0.040794	0.154570
chr1	131878235	132256156	0.029970	0.011089	0.006540	0.019255
chr1	132261598	133092008	-0.108641	-0.046073	-0.023735	-0.071834
chr1	133112238	133434593	-0.154334	-0.118267	-0.055640	-0.100715
chr1	133454991	134209706	-0.103567	-0.057831	-0.021786	-0.063665
chr1	134210007	134863851	0.072097	0.038869	0.020245	0.048916
chr1	134868367	135647743	0.188348	0.078206	0.035080	0.134328
chr1	135689105	136122150	-0.239271	-0.130386	-0.053736	-0.140479
chr1	136123757	137347876	-0.328423	-0.135273	-0.083333	-0.248547
chr1	137418968	140557542	-0.272807	-0.075886	-0.050379	-0.187078
chr1	140573848	141680880	0.130926	0.033497	0.021269	0.109317
chr1	141686662	142503345	0.043437	0.015532	0.009517	0.026389
chr1	142505738	143493906	-0.016583	-0.007926	-0.004568	-0.014215
chr1	143505393	144268431	-0.144096	-0.056108	-0.031849	-0.086541
chr1	144413753	145278385	0.115546	0.031115	0.021062	0.065356
chr1	145279352	145975448	0.101624	0.035271	0.023255	0.074212
chr1	145976622	146467725	-0.439186	-0.193666	-0.104556	-0.314456
chr1	146473092	147576450	-0.084524	-0.024791	-0.014377	-0.041852
chr1	147717592	148669852	-0.003416	-0.000911	-0.000644	0.009552
chr1	148697381	149360810	0.120972	0.026924	0.018508	0.072537
chr1	149432835	150202942	0.060592	0.029791	0.018057	0.033622
chr1	150209306	151194570	-0.225638	-0.062200	-0.041269	-0.136028
chr1	151195797	151952751	-0.130117	-0.052463	-0.028665	-0.083258
chr1	151954360	152979552	-0.024435	-0.007630	-0.004813	-0.016852
chr1	152980911	155635977	0.134636	0.029677	0.019372	0.074215
chr1	155655285	156504799	-0.230445	-0.141461	-0.080828	-0.154947
chr1	156504882	157085411	-0.195236	-0.089020	-0.056043	-0.123407
chr1	157092546	158112475	-0.214426	-0.085990	-0.048599	-0.120485
chr1	158128905	158987301	-0.204392	-0.068728	-0.047118	-0.102768
chr1	159103628	159782348	0.096697	0.031197	0.020072	0.073188
chr1	159782536	166024600	-0.005062	-0.001889	-0.000990	-0.002720
chr1	166087653	168844629	-0.046169	-0.014065	-0.007951	-0.037966
chr1	168851805	170343296	-0.054709	-0.022761	-0.012780	-0.044872
chr1	170354202	171440775	0.048946	0.012967	0.009006	0.030609
chr1	171458224	173464054	0.360018	0.128207	0.084465	0.279533
chr1	173548634	176242337	-0.108643	-0.043239	-0.023143	-0.081446
chr1	176347659	180626432	-0.120585	-0.039219	-0.019706	-0.078748
chr1	180630011	181379564	0.402159	0.119134	0.081504	0.338412
chr1	181401189	182558183	0.264942	0.101155	0.062716	0.226650
chr1	182561914	183288894	0.189114	0.069076	0.043895	0.142065
chr1	183315873	183843623	0.253237	0.133409	0.064921	0.218261
chr1	183844725	184735207	0.118872	0.050251	0.035046	0.087686
chr1	184739841	185694985	0.008352	0.002547	0.001658	0.001198
chr1	185696347	186316964	-0.270093	-0.103934	-0.047359	-0.182422
chr1	186385934	187279155	-0.119691	-0.032012	-0.019112	-0.110410
chr1	187279156	188201289	-0.210238	-0.136418	-0.067528	-0.124075
chr1	188201482	189854114	0.045333	0.016882	0.010915	0.036269
chr1	189855271	191151460	-0.183175	-0.049742	-0.029831	-0.120995
chr1	191202817	192527129	0.086730	0.023579	0.014254	0.053310
chr1	192549699	193995746	0.004149	0.001124	0.000627	0.003274
chr1	193997024	194785989	-0.203883	-0.073512	-0.047502	-0.152174
chr1	194786006	195692496	0.216227	0.072854	0.042419	0.165567
chr1	195707260	197033446	-0.015926	-0.006311	-0.003749	-0.013498
chr1	197048386	198348269	-0.422023	-0.153016	-0.090147	-0.237797
chr1	198349473	199476171	-0.014798	-0.006530	-0.004237	-0.011757
chr1	199481229	200679434	0.000000	0.000000	0.000000	0.000000
chr1	200687016	202696054	0.025107	0.006218	0.004199	0.016682
chr1	202698790	203489113	-0.128571	-0.039585	-0.023537	-0.069498
chr1	203489473	204500822	-0.390093	-0.180846	-0.096666	-0.199252
chr1	204517524	205025175	-0.024887	-0.010763	-0.005986	-0.015504
chr1	205085248	206129437	-0.113286	-0.023537	-0.017213	-0.062767
chr1	206139622	207065920	-0.170762	-0.039427	-0.027236	-0.087202
chr1	207071521	207857241	0.095770	0.042418	0.026252	0.076433
chr1	207857648	208798802	-0.111546	-0.036242	-0.024964	-0.061356
chr1	208812598	209415418	0.244370	0.101621	0.058992	0.166383
chr1	209428187	209792852	0.203252	0.089986	0.059117	0.127831
chr1	209816071	210360289	0.357040	0.147129	0.092161	0.203506
chr1	210373601	210932347	-0.044530	-0.015342	-0.008536	-0.030464
chr1	210932507	212799670	-0.124060	-0.046340	-0.026867	-0.068091
chr1	212855895	214016292	-0.020096	-0.012583	-0.006934	-0.034877
chr1	214016349	215234160	-0.022327	-0.011446	-0.007557	-0.036059
chr2	420107	1029805	0.520579	0.239439	0.149029	0.437305
chr2	1029808	2036356	0.258093	0.126447	0.077387	0.171811
chr2	2036361	2852831	-0.415784	-0.223631	-0.105669	-0.240275
chr2	2858595	3992553	0.039252	0.016254	0.009209	0.028966
chr2	4028287	5087255	0.130435	0.043024	0.025502	0.077202
chr2	5088291	5711892	-0.024565	-0.013998	-0.006688	-0.017623
chr2	5711898	6422374	-0.161798	-0.083277	-0.044055	-0.130199
chr2	6436907	7172943	0.180926	0.040521	0.030460	0.110204
chr2	7174351	7952258	-0.071320	-0.031530	-0.016335	-0.050160
chr2	7973386	8808245	-0.562212	-0.293128	-0.135963	-0.346199
chr2	8808362	9923549	-0.260892	-0.065442	-0.042179	-0.170831
chr2	9935320	11836977	-0.099560	-0.019169	-0.013554	-0.054273
chr2	11839366	13425199	-0.058257	-0.012783	-0.008230	-0.033276
chr2	13425200	15572996	-0.159413	-0.027519	-0.019811	-0.113602
chr2	15573074	16672581	-0.292980	-0.134790	-0.068582	-0.199647
chr2	16694275	17407221	0.034059	0.019040	0.010674	0.022463
chr2	17413255	18537844	-0.327687	-0.187500	-0.092730	-0.212397
chr2	18689679	19844824	0.246784	0.066144	0.039887	0.153120
chr2	19854945	21575860	-0.153366	-0.058706	-0.032272	-0.093119
chr2	21582213	22706881	-0.102382	-0.028254	-0.017272	-0.064249
chr2	22714346	23947504	-0.059119	-0.015563	-0.009535	-0.044933
chr2	23952988	25072036	0.016869	0.005215	0.002993	0.011793
chr2	25087158	26464323	0.088106	0.030242	0.017860	0.073529
chr2	26464416	27208272	0.131135	0.045230	0.029418	0.113846
chr2	27211415	28025567	0.103126	0.033546	0.017715	0.082370
chr2	28032864	29984237	-0.286881	-0.102015	-0.057588	-0.204758
chr2	30093123	31594309	-0.011827	-0.005717	-0.003372	-0.028004
chr2	31595685	32383261	-0.067755	-0.026978	-0.016423	-0.039598
chr2	32475226	33399895	-0.098189	-0.035456	-0.019106	-0.065025
chr2	33581040	34497338	0.163462	0.059175	0.030768	0.101215
chr2	34514732	35275876	0.114161	0.057058	0.031438	0.070393
chr2	35299609	36098876	0.040369	0.010308	0.006954	0.032060
chr2	36123612	36834307	0.164924	0.059926	0.039189	0.109914
chr2	36835397	37288935	0.014315	0.009463	0.004976	0.009497
chr2	37294777	37764457	-0.007523	-0.003541	-0.002025	-0.005174
chr2	37769696	38344086	-0.175709	-0.130181	-0.062242	-0.122289
chr2	38378902	39176624	0.104406	0.034711	0.020836	0.069632
chr2	39178205	39590569	0.143744	0.062607	0.034477	0.082403
chr2	39592024	40592351	-0.294023	-0.130727	-0.070580	-0.165308
chr2	40592369	41593136	0.076585	0.026508	0.016015	0.055098
chr2	41610428	42286802	0.033844	0.010526	0.006897	0.030130
chr2	42286813	43013965	-0.038496	-0.026180	-0.012226	-0.030475
chr2	43074269	44188229	-0.012441	-0.003353	-0.002300	-0.008690
chr2	44195655	45388247	0.072398	0.031968	0.016672	0.061303
chr2	45402910	46353670	0.342444	0.116965	0.071598	0.293053
chr2	46367911	47427406	0.157484	0.049417	0.031531	0.124193
chr2	47427509	48002923	-0.048510	-0.026341	-0.012604	-0.026324
chr2	48011679	48425854	0.022971	0.015523	0.008088	0.013405
chr2	48432800	49249834	0.263216	0.107911	0.057554	0.199663
chr2	49249943	49794461	0.146089	0.080436	0.033670	0.110163
chr2	49810176	50514938	0.062122	0.022959	0.014439	0.044714
chr2	50537567	51414729	0.064754	0.021777	0.014833	0.040520
chr2	51432260	52344739	-0.218447	-0.072493	-0.043920	-0.155172
chr2	52350510	52837413	-0.165726	-0.058209	-0.033684	-0.100093
chr2	52837416	53852754	-0.241699	-0.092818	-0.046764	-0.142446
chr2	53890017	54773197	0.243171	0.096433	0.061278	0.194252
chr2	54779623	56153843	0.079690	0.019120	0.012219	0.042086
chr2	56300007	56733619	-0.301775	-0.095652	-0.053659	-0.190237
chr2	56733722	57569191	0.037479	0.009982	0.006919	0.029610
chr2	57574010	58134214	0.087780	0.025766	0.017758	0.049467
chr2	58134266	59921380	-0.279387	-0.061050	-0.041677	-0.172996
chr2	59924562	63053776	0.206500	0.046873	0.032603	0.185340
chr2	63053930	64590165	0.227002	0.042402	0.025919	0.148174
chr2	64625897	65765666	-0.099237	-0.028408	-0.018573	-0.058302
chr2	65778748	66808409	0.064972	0.020140	0.011897	0.035814
chr2	66819447	67121782	-0.708920	-0.479365	-0.184597	-0.487313
chr2	67121814	67882393	-0.270859	-0.130443	-0.063801	-0.216136
chr2	67914433	68909712	-0.265128	-0.057464	-0.039292	-0.186837
chr2	68909888	69514458	0.248562	0.077297	0.052385	0.199312
chr2	69567022	70645505	-0.086146	-0.024616	-0.016727	-0.059400
chr2	70651887	71278556	0.192493	0.059349	0.034723	0.142965
chr2	71285237	71893447	-0.480036	-0.272610	-0.129864	-0.307692
chr2	71896711	73384226	-0.108838	-0.021038	-0.013844	-0.077447
chr2	73396021	74361933	0.104575	0.024257	0.017354	0.077320
chr2	74370579	74713982	0.406838	0.160621	0.094764	0.306765
chr2	74714402	75820436	0.019811	0.005719	0.003900	-0.008536
chr2	75820553	76683752	-0.117092	-0.058079	-0.029879	-0.092365
chr2	76758854	78450595	-0.108163	-0.030804	-0.016303	-0.113352
chr2	78452313	83589607	-0.099136	-0.025031	-0.016390	-0.077367
chr2	83597511	85352863	-0.156532	-0.039526	-0.022985	-0.070684
chr2	85377347	86578616	0.191370	0.080599	0.052620	0.145351
chr2	86578691	87595612	-0.225748	-0.071184	-0.039105	-0.161374
chr2	87601272	89378100	0.389882	0.101747	0.073178	0.335516
chr2	89378600	90306829	-0.266272	-0.104999	-0.046975	-0.195065
chr2	90311278	92893397	0.203248	0.063743	0.038640	0.155046
chr2	92900793	94213109	-0.172897	-0.084195	-0.038648	-0.124275
chr2	94232658	95277870	-0.233386	-0.101012	-0.064464	-0.192322
chr2	95281667	96643421	-0.020387	-0.005445	-0.003161	-0.012330
chr2	96657302	98277406	-0.217240	-0.073469	-0.046466	-0.153870
chr2	98280504	99578390	-0.060086	-0.012741	-0.007955	-0.038151
chr2	99586188	100686536	0.149209	0.057447	0.038432	0.108125
chr2	100691385	101339315	-0.418580	-0.099153	-0.062163	-0.244994
chr2	101344788	102040288	-0.032810	-0.010930	-0.006285	-0.031142
chr2	102040304	106483089	-0.246315	-0.076582	-0.040217	-0.166452
chr2	106484268	108115648	-0.260417	-0.084970	-0.050393	-0.191190
chr2	108116530	108734490	-0.316498	-0.212094	-0.087458	-0.252146
chr2	108766977	109504393	0.197757	0.066404	0.041860	0.150263
chr2	109504457	110795100	-0.277946	-0.094221	-0.057823	-0.228219
chr2	110851270	111808864	-0.367062	-0.115049	-0.065603	-0.199439
chr2	111808975	112938191	-0.262474	-0.144533	-0.068679	-0.149718
chr2	112947538	113728832	0.033355	0.011896	0.007354	0.037397
chr2	113732721	114402942	0.049568	0.021329	0.013720	0.029212
chr2	114441749	114931700	0.037650	0.009289	0.006199	0.012628
chr2	114937901	115469831	-0.006151	-0.002209	-0.001420	-0.001053
chr2	115506328	116018808	-0.201608	-0.105723	-0.049653	-0.091366
chr2	116055072	117335402	-0.588183	-0.350775	-0.143718	-0.381997
chr2	117338347	118329061	0.072427	0.024969	0.014839	0.052827
chr2	118391578	119429092	-0.166069	-0.042307	-0.026249	-0.086984
chr2	119429116	121208216	0.146875	0.038710	0.029332	0.085299
chr2	121224823	122567861	-0.020741	-0.009028	-0.005196	-0.010635
chr2	122569099	124245904	-0.315436	-0.058388	-0.042629	-0.158073
chr2	124291750	124979289	0.119745	0.039672	0.023944	0.047491
chr2	125007190	126289804	0.101029	0.036066	0.021913	0.072193
chr2	126308802	127888435	-0.297619	-0.070564	-0.045072	-0.227751
chr2	127889370	128691077	-0.274272	-0.154126	-0.077619	-0.231911
chr2	128709824	129527934	-0.036722	-0.014036	-0.007823	-0.022381
chr2	129628512	130514423	-0.048828	-0.017114	-0.009930	-0.030542
chr2	130515804	131730996	0.164162	0.044731	0.026253	0.096753
chr2	131731291	132434948	-0.295288	-0.135187	-0.079236	-0.222397
chr2	132435987	133615185	-0.376125	-0.130057	-0.082033	-0.288099
chr2	133695719	135089792	-0.378645	-0.143221	-0.079668	-0.261787
chr2	135162788	136957370	0.207854	0.077896	0.042290	0.155501
chr2	136977194	137870956	0.104370	0.038058	0.024018	0.065187
chr2	137873320	138300415	-0.296399	-0.145909	-0.075290	-0.164869
chr2	138301069	138763620	-0.122142	-0.043034	-0.028124	-0.062144
chr2	138834968	139583639	-0.011404	-0.003447	-0.002518	0.001285
chr2	139593797	141456818	-0.040729	-0.006425	-0.004231	-0.023451
chr2	141488059	142706969	-0.349282	-0.102918	-0.052929	-0.240055
chr2	142707454	143940416	-0.473291	-0.186131	-0.096060	-0.274118
chr2	143941813	145159153	0.273929	0.086104	0.053734	0.187410
chr2	145163144	148393113	-0.067797	-0.023927	-0.014319	-0.065225
chr2	148394306	149339081	-0.260370	-0.117237	-0.063067	-0.145898
chr2	149348953	150030558	-0.111199	-0.027314	-0.017497	-0.083969
chr2	150032476	151094622	-0.086667	-0.035122	-0.018901	-0.061148
chr2	151094665	151731456	0.387810	0.159908	0.095067	0.300315
chr2	151735160	152105258	-0.234971	-0.207351	-0.089696	-0.161789
chr2	152105273	152810486	0.270330	0.090375	0.053412	0.220036
chr2	152810658	153519007	0.136736	0.048379	0.028185	0.086601
chr2	153532437	154323887	-0.316148	-0.100433	-0.064962	-0.225395
chr2	154323947	154870253	0.282805	0.115262	0.074625	0.244414
chr2	154870760	155940155	-0.064573	-0.025458	-0.016451	-0.040842
chr2	155940911	156636546	0.136752	0.056338	0.026737	0.066977
chr2	156636598	158283723	-0.239357	-0.102679	-0.054077	-0.183201
chr2	158363655	159586406	0.088889	0.038927	0.023861	0.055710
chr2	159608956	160732064	0.083056	0.025105	0.014693	0.049209
chr2	160733692	162242975	-0.148033	-0.085489	-0.045460	-0.115082
chr2	162266944	163439282	-0.290232	-0.117553	-0.066207	-0.180216
chr2	163439407	164674853	-0.134056	-0.052245	-0.031795	-0.105245
chr3	2651724	4314637	-0.263206	-0.041568	-0.030211	-0.192255
chr3	4383805	6062096	0.042190	0.007562	0.005695	0.042176
chr3	6094280	7332888	-0.248688	-0.074834	-0.046176	-0.167793
chr3	7355817	8938813	-0.218310	-0.068114	-0.044071	-0.162404
chr3	8947586	11227929	-0.155258	-0.037050	-0.025774	-0.104121
chr3	11238233	12519050	-0.105815	-0.021555	-0.015917	-0.086902
chr3	12542553	13176325	0.068063	0.032382	0.015187	0.046263
chr3	13205826	14227808	0.107692	0.034989	0.025171	0.082657
chr3	14228868	15439761	0.220048	0.050659	0.036013	0.148854
chr3	15439777	16714393	-0.241355	-0.079820	-0.046460	-0.195474
chr3	16735921	17902045	0.067633	0.017678	0.012293	0.035885
chr3	17928021	18701857	0.132328	0.038331	0.023012	0.088664
chr3	18713282	21787253	0.007394	0.000628	0.000540	0.005387
chr3	21790992	22908912	0.193330	0.051613	0.032900	0.119832
chr3	22981143	24029068	-0.064171	-0.021769	-0.012586	-0.038730
chr3	24052346	24433824	0.066421	0.021941	0.012250	0.048128
chr3	24433895	25218189	-0.071469	-0.015674	-0.011166	-0.026528
chr3	25247308	25714686	0.266860	0.124301	0.082788	0.239880
chr3	25716573	26338226	0.064538	0.023945	0.012753	0.036909
chr3	26340043	27493022	-0.238140	-0.096793	-0.051666	-0.173913
chr3	27553833	28887997	-0.005613	-0.001788	-0.001087	-0.026061
chr3	29007336	29721301	-0.376664	-0.128151	-0.078720	-0.233721
chr3	29835226	30649250	-0.125880	-0.036230	-0.023921	-0.086093
chr3	30662263	31215867	-0.197991	-0.115366	-0.060018	-0.124245
chr3	31218653	32391262	-0.289451	-0.078324	-0.051883	-0.174067
chr3	32405048	33709765	-0.075647	-0.020297	-0.014895	-0.046389
chr3	33760791	34424302	-0.204172	-0.063714	-0.039043	-0.087482
chr3	34426327	35026438	-0.418605	-0.136632	-0.080178	-0.350649
chr3	35026586	36233191	-0.170956	-0.058532	-0.040177	-0.138290
chr3	36233255	36405627	0.064233	0.080169	0.057471	0.032998
chr3	36436548	38864512	0.127153	0.022854	0.017269	0.098318
chr3	38897147	39962383	-0.013079	-0.003762	-0.002779	-0.006997
chr3	39995231	41623474	0.377464	0.124260	0.070644	0.300991
chr3	41657315	43502761	0.062135	0.018459	0.010428	0.042561
chr3	43523385	43965267	0.401632	0.215736	0.119803	0.261538
chr3	43965297	44792800	0.256677	0.079190	0.043602	0.181789
chr3	44818092	45519516	-0.048640	-0.017919	-0.011381	-0.019398
chr3	45519906	46302746	-0.241542	-0.093583	-0.052726	-0.176546
chr3	46309451	47302476	0.016129	0.004901	0.003537	0.006981
chr3	47307775	47957433	-0.248476	-0.099849	-0.058261	-0.158115
chr3	47963671	48524087	-0.050839	-0.019916	-0.012868	-0.029762
chr3	48534478	49414481	-0.410011	-0.231928	-0.117827	-0.301872
chr3	49414501	50209862	0.071220	0.025129	0.014816	0.049291
chr3	50219151	51450539	0.342323	0.125839	0.078075	0.241782
chr3	51458948	51954741	0.278056	0.144449	0.075505	0.199370
chr3	51956678	52439921	0.015070	0.009123	0.004385	0.017936
chr3	52440978	53116422	-0.248044	-0.107791	-0.068241	-0.178150
chr3	53141616	53954994	0.033696	0.014666	0.008305	0.023773
chr3	53956874	54688787	0.004631	0.001309	0.000872	0.002776
chr3	54690509	55129176	0.545051	0.228509	0.170296	0.377252
chr3	55161112	55867080	0.279740	0.099801	0.070147	0.195579
chr3	55944341	56653075	0.250000	0.155478	0.081245	0.152552
chr3	56658430	57102502	-0.040660	-0.013444	-0.009488	-0.036387
chr3	57111686	57545630	-0.191412	-0.074054	-0.041514	-0.109249
chr3	57559281	57747524	-0.029520	-0.018081	-0.009585	-0.023669
chr3	57748390	57965049	-0.196337	-0.124359	-0.062230	-0.166727
chr3	57977294	58802139	-0.078511	-0.025052	-0.015634	-0.065753
chr3	58819131	60955641	-0.108129	-0.015219	-0.011202	-0.075483
chr3	60994239	62493389	0.030633	0.005661	0.003756	0.028777
chr3	62493392	63197109	0.044099	0.019868	0.011417	0.030479
chr3	63200634	63751839	-0.110025	-0.036152	-0.022721	-0.078956
chr3	63772351	64050074	0.088848	0.048186	0.025373	0.077118
chr3	64050100	65102698	0.207629	0.047440	0.036708	0.154743
chr3	65102707	66575084	0.271100	0.079530	0.054118	0.189753
chr3	66580028	66973403	0.168704	0.066964	0.042259	0.104514
chr3	66974751	67743702	-0.278627	-0.124604	-0.067261	-0.218357
chr3	67746748	68970848	-0.099794	-0.026273	-0.016183	-0.071587
chr3	68972283	70155171	-0.034675	-0.010001	-0.006342	-0.013607
chr3	70206472	71481204	0.181024	0.053568	0.035567	0.118755
chr3	71493401	73526742	-0.492398	-0.134119	-0.088625	-0.356106
chr3	73533603	74835065	-0.265700	-0.105263	-0.051387	-0.169023
chr3	74868541	75553636	-0.035223	-0.015613	-0.009864	-0.025819
chr3	75553647	76144990	0.053487	0.018922	0.013051	0.028906
chr3	76150826	76718011	0.322148	0.124514	0.070562	0.214286
chr3	76809176	77559311	-0.281905	-0.099063	-0.053682	-0.187105
chr3	77657624	79875637	-0.215385	-0.060353	-0.039616	-0.122581
chr3	79896066	80899549	-0.261737	-0.076031	-0.046741	-0.204026
chr3	80901418	81857345	-0.093417	-0.034522	-0.020941	-0.060089
chr3	81993239	84159434	-0.066592	-0.018805	-0.011445	-0.029891
chr3	84171288	84682801	-0.068200	-0.031966	-0.015782	-0.047385
chr3	84682827	85715655	-0.126768	-0.030610	-0.020569	-0.066888
chr3	85839808	87011885	-0.299511	-0.071564	-0.043195	-0.190630
chr3	87018356	88112364	0.031763	0.010525	0.006969	0.019353
chr3	88132084	89552028	-0.007417	-0.002391	-0.001443	0.004550
chr3	89564573	90771086	0.225189	0.049711	0.033612	0.189970
chr3	90799744	92414111	0.162534	0.043497	0.029260	0.147929
chr3	92417228	93253877	-0.146022	-0.076591	-0.039082	-0.131938
chr3	93256303	96573300	0.161644	0.058532	0.036867	0.145355
chr3	96731165	98113728	-0.017179	-0.006966	-0.004351	-0.020229
chr3	98113737	98159626	-0.207109	-0.365690	-0.129520	-0.122590
chr3	98166192	99752838	-0.030255	-0.007103	-0.004734	-0.001129
chr3	99772775	102687863	-0.102267	-0.024729	-0.017728	-0.074941
chr3	102735721	104892465	-0.186570	-0.043213	-0.029834	-0.120814
chr3	104892467	106699483	-0.129292	-0.025240	-0.015917	-0.085384
chr3	106722150	107649111	0.341815	0.126316	0.075796	0.230888
chr3	107650265	108657482	-0.298652	-0.075426	-0.046611	-0.230270
chr3	108671235	110317924	0.297979	0.047523	0.034514	0.181497
chr3	110317937	111951885	0.109230	0.047444	0.029492	0.083154
chr3	111953558	113381014	-0.143750	-0.075184	-0.040093	-0.088292
chr3	113396294	114193699	0.094808	0.030685	0.020692	0.069789
chr3	114194788	114884041	-0.025371	-0.011037	-0.006096	-0.018009
chr3	114886858	115619032	-0.253748	-0.109017	-0.052595	-0.164803
chr3	115662078	116676049	0.385710	0.132221	0.090619	0.326908
chr3	116676954	117302873	-0.040081	-0.012563	-0.008427	-0.032619
chr3	117303094	117660811	0.018944	0.008116	0.004815	0.008357
chr3	117662389	118541758	0.025057	0.012310	0.007118	0.044171
chr3	118547771	119414387	0.011026	0.004952	0.002919	0.007011
chr3	119509169	120395488	0.051669	0.022365	0.012247	0.027933
chr3	120443714	121422035	-0.077957	-0.040519	-0.020624	-0.059970
chr3	121472272	122267286	-0.020121	-0.008078	-0.004459	-0.023157
chr3	122270862	123095907	0.027952	0.016168	0.007753	0.020866
chr3	123125972	123738629	0.037219	0.020589	0.010606	0.012929
chr3	123739837	124323649	0.236988	0.089726	0.053674	0.159523
chr4	310883	2277470	0.450644	0.156576	0.107814	0.312686
chr4	2277608	5211872	0.111235	0.027873	0.018153	0.069314
chr4	5286045	6999352	0.024380	0.005801	0.003725	0.013580
chr4	7025727	7992823	0.171994	0.065590	0.038407	0.122948
chr4	7996296	10245545	-0.074949	-0.021024	-0.013052	-0.054098
chr4	10255660	11211253	-0.016443	-0.006255	-0.003441	-0.011102
chr4	11228188	12830623	-0.198625	-0.060858	-0.034862	-0.163907
chr4	12839541	13343561	0.175341	0.075271	0.040824	0.125040
chr4	13344097	14480173	0.012016	0.004670	0.002449	-0.003745
chr4	14592656	15817169	-0.026199	-0.006583	-0.004271	-0.018916
chr4	15836760	16659544	-0.058880	-0.025620	-0.015046	-0.044593
chr4	16661888	17449375	-0.148418	-0.070779	-0.039233	-0.126294
chr4	17464625	18659344	-0.088163	-0.022307	-0.016340	-0.066584
chr4	18664650	19615542	0.168826	0.065558	0.041592	0.139406
chr4	19615577	21074043	0.246948	0.095908	0.062391	0.218642
chr4	21074089	21486996	0.020174	0.009162	0.005067	0.010479
chr4	21500612	22111421	-0.404314	-0.169017	-0.093802	-0.204553
chr4	22111796	22953708	0.126029	0.034105	0.022089	0.072337
chr4	22955045	23989057	-0.215194	-0.115551	-0.054126	-0.125816
chr4	23989065	24756258	-0.048716	-0.016837	-0.008789	-0.022713
chr4	24756407	26132269	-0.314957	-0.094894	-0.056678	-0.173950
chr4	26199278	27841048	-0.208242	-0.058292	-0.037863	-0.160824
chr4	27841474	29315376	0.043162	0.011960	0.007944	0.035136
chr4	29318625	29744340	0.186147	0.100681	0.046391	0.145763
chr4	29747431	30954191	0.098373	0.032303	0.017640	0.065528
chr4	30971737	32760187	-0.352697	-0.096384	-0.057540	-0.221932
chr4	32768970	33713948	-0.288724	-0.097108	-0.054805	-0.151010
chr4	33727220	34425436	-0.019231	-0.009242	-0.005097	0.000000
chr4	34431425	36055230	-0.090747	-0.026531	-0.018681	-0.078297
chr4	36055232	38689369	-0.151411	-0.052444	-0.031291	-0.101666
chr4	38689373	40869024	-0.243503	-0.070219	-0.049347	-0.170600
chr4	40911716	41678907	-0.104938	-0.054788	-0.026745	-0.082137
chr4	41688357	42545293	-0.069921	-0.019712	-0.013619	-0.050047
chr4	42546278	43772083	-0.219658	-0.042631	-0.032858	-0.156350
chr4	43798682	45845198	-0.053462	-0.016524	-0.010700	-0.041809
chr4	45911643	47179898	-0.080437	-0.035095	-0.020628	-0.061443
chr4	47184167	47864430	-0.217829	-0.088903	-0.047781	-0.157600
chr4	47864454	49062379	0.013809	0.003491	0.002126	0.007853
chr4	49063202	49812044	-0.241858	-0.108777	-0.051239	-0.163834
chr4	49887999	51522947	-0.060695	-0.012857	-0.008529	-0.041316
chr4	51543948	53250164	-0.072702	-0.022264	-0.013940	-0.050944
chr4	53250267	54873623	-0.064486	-0.018582	-0.012343	-0.063801
chr4	54896504	56392400	0.537338	0.104050	0.084199	0.316406
chr4	56421302	57689966	-0.142591	-0.036603	-0.022467	-0.103762
chr4	57690241	59865317	-0.119863	-0.033023	-0.021733	-0.094412
chr4	59865499	60330640	0.149502	0.054625	0.028706	0.090108
chr4	60338853	60814440	-0.062471	-0.031840	-0.016867	-0.038731
chr4	60831355	63569979	-0.296914	-0.077637	-0.040808	-0.169905
chr4	63569981	65257244	-0.015720	-0.007356	-0.004541	-0.011921
chr4	65257276	66897864	-0.314871	-0.065381	-0.045380	-0.255095
chr4	66898252	68503012	-0.116846	-0.039930	-0.025918	-0.097475
chr4	68538767	69557970	0.107750	0.052867	0.034031	0.059643
chr4	69593361	70324219	0.080195	0.032085	0.017721	0.057535
chr4	70336087	70925944	0.012112	0.005526	0.003136	0.014646
chr4	70929804	71768857	-0.317479	-0.159308	-0.077339	-0.244282
chr4	71833978	73491760	-0.287788	-0.149807	-0.078324	-0.204631
chr4	73524455	75112909	0.034440	0.012017	0.006949	0.025053
chr4	75126527	76663958	-0.231059	-0.098474	-0.053957	-0.196035
chr4	76684769	77366133	-0.110558	-0.036765	-0.021622	-0.061910
chr4	77404903	79321330	0.200538	0.085723	0.054067	0.144801
chr4	79325417	81049338	0.090207	0.034829	0.021371	0.057760
chr4	81057769	81934990	-0.312159	-0.185109	-0.086711	-0.184709
chr5	636610	1504685	-0.044039	-0.021785	-0.010644	-0.087150
chr5	1551435	2468856	0.102059	0.048061	0.021117	0.085634
chr5	2476496	2862367	0.106929	0.057445	0.032982	0.100877
chr5	2862395	3531859	-0.098546	-0.039338	-0.019906	-0.060287
chr5	3531903	3791698	-0.219569	-0.166726	-0.062852	-0.169342
chr5	3791808	4312974	-0.021120	-0.010516	-0.005319	-0.002067
chr5	4330840	4825535	0.071829	0.039561	0.024656	0.049656
chr5	4830952	5437573	0.059777	0.023187	0.013003	0.021432
chr5	5443066	6095315	-0.062989	-0.022661	-0.015011	-0.046870
chr5	6095942	6659946	0.209596	0.070458	0.043910	0.124531
chr5	6664571	7304227	0.043278	0.023256	0.014362	0.035499
chr5	7306239	8215997	-0.141083	-0.064647	-0.032649	-0.091961
chr5	8224318	8578904	0.204586	0.096366	0.053193	0.149196
chr5	8579776	9030395	0.333616	0.113373	0.069461	0.257566
chr5	9030484	9488655	-0.082516	-0.026212	-0.017582	-0.048042
chr5	9520226	9956514	-0.394183	-0.159886	-0.095562	-0.247325
chr5	10004620	11069992	-0.158958	-0.038132	-0.024723	-0.091223
chr5	11078798	11793164	-0.066854	-0.027217	-0.015475	-0.035971
chr5	11794959	12472441	-0.299032	-0.118371	-0.062116	-0.196870
chr5	12485038	13325045	-0.111433	-0.042395	-0.027608	-0.081829
chr5	13333006	13718586	-0.400870	-0.200778	-0.082740	-0.194196
chr5	13719166	14248478	-0.172973	-0.074289	-0.042426	-0.129880
chr5	14255483	14865675	-0.170519	-0.077425	-0.039986	-0.099129
chr5	14900090	15421442	0.244531	0.069389	0.047159	0.157730
chr5	15466959	16291373	0.139431	0.045106	0.028540	0.103259
chr5	16291978	17084862	-0.010844	-0.003198	-0.002085	-0.016599
chr5	17188060	19010922	0.014425	0.002951	0.001782	0.029545
chr5	19011323	21761946	-0.351283	-0.133793	-0.071414	-0.190395
chr5	21803355	22750411	-0.109415	-0.048975	-0.026532	-0.080524
chr5	22753901	24118754	-0.018579	-0.004671	-0.002735	-0.011039
chr5	24149059	25453382	-0.149274	-0.037175	-0.021831	-0.091640
chr5	25497037	26838982	-0.189018	-0.042561	-0.024839	-0.112015
chr5	26850468	28362065	-0.041213	-0.011203	-0.008021	-0.039259
chr5	28362271	29809513	-0.013732	-0.003170	-0.002012	-0.010145
chr5	29822837	30855393	-0.174035	-0.037219	-0.024202	-0.122009
chr5	30859183	33166451	0.053408	0.009056	0.006151	0.037899
chr5	33166945	34939989	-0.526611	-0.160034	-0.088377	-0.270512
chr5	34951654	38499003	-0.123449	-0.021100	-0.013491	-0.068245
chr5	38510190	39348706	-0.040033	-0.015474	-0.008515	-0.028504
chr5	39402873	40978808	-0.212670	-0.052309	-0.032144	-0.150461
chr5	40981161	42403837	-0.400937	-0.129374	-0.087381	-0.320321
chr5	42418997	43554778	-0.167241	-0.032285	-0.021859	-0.124528
chr5	43642531	45200079	-0.176601	-0.048669	-0.033247	-0.140501
chr5	45204322	47728722	0.049355	0.017138	0.010746	0.033684
chr5	47826788	48932839	0.220602	0.058457	0.038924	0.153771
chr5	48971598	49998711	0.202222	0.074104	0.045675	0.183857
chr5	49998839	51725742	-0.144259	-0.033144	-0.019593	-0.075974
chr5	51737761	52475849	-0.030594	-0.009341	-0.005901	-0.021903
chr5	52475864	53452223	-0.035956	-0.007617	-0.005202	-0.023225
chr5	53496669	55570111	0.248093	0.034491	0.025446	0.193560
chr5	55570112	57164740	0.168926	0.029512	0.023309	0.120446
chr5	57165072	58136628	-0.093972	-0.028674	-0.019420	-0.067616
chr5	58206674	59855244	0.006721	0.002306	0.001477	0.004937
chr5	59874168	61202131	-0.134879	-0.048885	-0.029771	-0.090333
chr5	61208028	61826227	-0.331216	-0.250257	-0.097165	-0.219572
chr5	61832731	63411579	-0.378780	-0.131033	-0.072136	-0.194975
chr5	63422273	63842588	0.086904	0.043024	0.023595	0.052364
chr5	63902177	65145144	0.069099	0.030498	0.018804	0.054154
chr5	65174991	66059383	-0.099405	-0.041081	-0.024054	-0.071472
chr5	66072861	67115674	0.133136	0.038503	0.025641	0.087698
chr5	67156726	67950465	0.225252	0.096357	0.061249	0.156931
chr5	67976269	68489899	-0.084203	-0.051918	-0.026943	-0.081987
chr5	68493673	69197870	0.027286	0.011317	0.006636	0.014771
chr5	69203381	69835790	0.030505	0.011338	0.006565	0.018074
chr5	69840075	70374321	0.080745	0.039793	0.023365	0.055794
chr6	134243	730764	0.055973	0.017444	0.010964	0.028046
chr6	757500	1478188	0.049165	0.014902	0.010119	0.036934
chr6	1498320	2528715	0.088007	0.030346	0.019415	0.064198
chr6	2573484	3631204	0.311500	0.115907	0.075570	0.194068
chr6	3640787	4755335	-0.062124	-0.029959	-0.015627	-0.038438
chr6	4759361	5408027	0.038220	0.014771	0.008973	0.026031
chr6	5420621	5780420	-0.154702	-0.069467	-0.034792	-0.081557
chr6	5785116	6265387	0.174031	0.097376	0.051508	0.116828
chr6	6290875	7229121	0.065267	0.029077	0.018504	0.043959
chr6	7283688	8344937	0.104806	0.034087	0.021509	0.068174
chr6	8344940	8906872	0.019802	0.011038	0.006557	0.013065
chr6	8909024	9328179	-0.397987	-0.246809	-0.119048	-0.291946
chr6	9330295	10226955	0.232124	0.055888	0.037940	0.156206
chr6	10226979	10711202	-0.051106	-0.024010	-0.013683	-0.035592
chr6	10718930	11191042	-0.300233	-0.271674	-0.102789	-0.258084
chr6	11191275	11594031	-0.037532	-0.015635	-0.010065	-0.025498
chr6	11594121	12192996	-0.187392	-0.083978	-0.047302	-0.125358
chr6	12193043	12654647	-0.412636	-0.178062	-0.096815	-0.320374
chr6	12663312	13204204	-0.089967	-0.035950	-0.022771	-0.067041
chr6	13250630	14045753	0.038622	0.011393	0.007156	0.023053
chr6	14045815	14745580	-0.368580	-0.116237	-0.069877	-0.267544
chr6	14745586	15690722	-0.224527	-0.093769	-0.056770	-0.201926
chr6	15723025	16304891	0.069225	0.021397	0.014074	0.047358
chr6	16304899	18791740	0.162082	0.041891	0.030271	0.126744
chr6	18808397	19639299	0.088517	0.037828	0.022582	0.064824
chr6	19639306	20344522	-0.100554	-0.041001	-0.021798	-0.070642
chr6	20375597	20975237	0.167578	0.049566	0.028803	0.118121
chr6	21001867	22188794	0.604443	0.199421	0.128002	0.482690
chr6	22191185	23704992	-0.004721	-0.001785	-0.001101	-0.013439
chr6	23705471	24663015	0.122681	0.048203	0.032796	0.095695
chr6	24683219	25351593	0.048836	0.014273	0.008570	0.030696
chr6	25390779	26122851	0.092874	0.021545	0.016333	0.052148
chr6	26185930	27055645	0.165556	0.042638	0.024533	0.091020
chr6	27055646	28851723	-0.070259	-0.017241	-0.011409	-0.045910
chr6	29066502	32224049	-0.181314	-0.023948	-0.019570	-0.140401
chr6	32247324	34426226	0.203866	0.035176	0.022453	0.130631
chr6	34525484	38424355	0.073399	0.007972	0.006350	0.058192
chr6	38451530	39464782	0.085026	0.043207	0.025338	0.063336
chr6	39465583	40328479	0.013190	0.004721	0.002836	0.011019
chr6	40331064	40927422	0.071256	0.030436	0.017696	0.043160
chr6	40992168	41433871	-0.139217	-0.044121	-0.023950	-0.099497
chr6	41433872	41818661	0.541684	0.289931	0.172030	0.343086
chr6	41823132	42334007	-0.022268	-0.009303	-0.005440	-0.016959
chr6	42373722	42909494	-0.036729	-0.017503	-0.008414	-0.024502
chr6	42934923	43738990	0.011677	0.004891	0.002696	0.002334
chr6	43743805	44594475	0.264846	0.079495	0.045471	0.187596
chr6	44608161	45274003	-0.126466	-0.044556	-0.022853	-0.113273
chr6	45290675	45558529	0.231469	0.110125	0.062871	0.168111
chr6	45560510	45825317	0.048247	0.028061	0.014478	0.035923
chr6	45825422	46655725	-0.135889	-0.052069	-0.029568	-0.101496
chr6	46656515	47174729	-0.602594	-0.271040	-0.152355	-0.474466
chr6	47175826	47582734	-0.124389	-0.059481	-0.036355	-0.081309
chr6	47589860	48028120	-0.223540	-0.077099	-0.046713	-0.153185
chr6	48030141	48214529	0.051629	0.028258	0.016256	0.032198
chr6	48226088	48844718	0.258700	0.079975	0.054340	0.215116
chr6	48847007	49429743	0.158323	0.054604	0.034843	0.113636
chr6	49466081	50035288	0.419931	0.127340	0.087818	0.353581
chr6	50049706	50759594	-0.183861	-0.093072	-0.047402	-0.110283
chr6	50763735	51283808	-0.134533	-0.067291	-0.029723	-0.085100
chr6	51283809	51764227	-0.222222	-0.105251	-0.053280	-0.192082
chr6	51771640	52454650	0.234156	0.085796	0.045699	0.186236
chr7	47028	567045	-0.251287	-0.110059	-0.054961	-0.144721
chr7	567325	1170446	0.004225	0.001945	0.001163	0.003217
chr7	1170461	1857529	0.073777	0.035812	0.020536	0.060847
chr7	1857721	2214909	-0.215888	-0.165918	-0.078658	-0.174077
chr7	2230338	2844451	0.096487	0.035846	0.021851	0.087071
chr7	2857995	3624412	0.061832	0.024415	0.013699	0.040961
chr7	3660893	4002330	0.483930	0.193893	0.096617	0.370000
chr7	4004830	4502123	0.068650	0.034364	0.016810	0.022210
chr7	4550808	5204698	0.021892	0.011018	0.006622	0.003302
chr7	5204972	5746895	-0.229142	-0.121521	-0.059682	-0.150502
chr7	5746988	6178016	-0.122747	-0.051807	-0.032357	-0.073737
chr7	6184533	7220824	-0.161179	-0.057372	-0.030409	-0.092354
chr7	7230393	8500784	0.075988	0.033761	0.020105	0.060643
chr7	8501833	8975815	0.228753	0.064930	0.039788	0.160012
chr7	8975827	9390710	0.231696	0.091491	0.059418	0.148633
chr7	9407688	10019971	0.092368	0.030035	0.018147	0.050842
chr7	10027332	11250223	0.045168	0.010686	0.007151	0.028956
chr7	11268470	12832549	-0.277710	-0.061865	-0.034521	-0.131831
chr7	12837137	14537609	-0.001898	-0.000468	-0.000279	-0.001287
chr7	14542704	16431367	-0.154505	-0.033086	-0.021416	-0.096593
chr7	16809487	19131093	0.161779	0.036034	0.024024	0.130215
chr7	19139489	20869609	-0.030853	-0.008404	-0.005185	-0.024676
chr7	20890954	22136416	-0.234053	-0.070805	-0.044853	-0.147085
chr7	22160320	24277904	0.080436	0.014871	0.009933	0.061892
chr7	24282412	26674114	-0.184919	-0.030080	-0.022004	-0.141873
chr7	26713792	28679754	0.001486	0.000318	0.000236	0.000935
chr7	28684586	29470552	-0.209756	-0.063078	-0.040395	-0.138442
chr7	29496506	31657894	0.015873	0.002759	0.001952	0.010248
chr7	31761097	33616202	-0.075868	-0.011014	-0.008356	-0.045566
chr7	33647077	34183136	-0.046701	-0.017212	-0.009944	-0.028571
chr7	34183335	34566299	-0.246479	-0.111376	-0.059263	-0.130907
chr7	34568405	34901444	-0.197343	-0.092760	-0.059967	-0.130661
chr7	34920076	35724244	0.161829	0.067136	0.040750	0.105140
chr7	35748413	36232154	-0.270996	-0.098428	-0.056775	-0.171132
chr7	36243143	37187965	0.212766	0.054945	0.036337	0.144244
chr7	37199228	38072716	-0.026340	-0.007179	-0.004688	-0.017069
chr7	38072794	39668943	0.209703	0.042814	0.029010	0.126736
chr7	39690054	40747007	0.027340	0.005400	0.003614	0.018414
chr7	40761176	41025045	0.254674	0.122167	0.082232	0.120551
chr7	41041156	41354032	0.083816	0.044531	0.028100	0.044717
chr7	41359306	42051610	0.353051	0.134714	0.090110	0.260858
chr7	42051986	42567877	0.218945	0.083890	0.048424	0.164781
chr7	42577431	43637504	-0.181373	-0.053199	-0.030931	-0.125858
chr7	43645398	44277293	-0.011752	-0.003994	-0.002227	-0.007898
chr7	44296237	44873879	0.143433	0.043908	0.028644	0.109369
chr7	44887620	45521847	0.123683	0.045404	0.026135	0.069449
chr7	45522243	45736357	-0.015060	-0.007008	-0.004114	-0.013727
chr7	45736380	46129356	0.158219	0.059120	0.037463	0.096756
chr7	46154713	46669096	0.157276	0.048380	0.035356	0.105976
chr7	46672593	47017682	-0.119670	-0.096097	-0.038747	-0.077609
chr8	167482	593779	-0.152738	-0.082171	-0.044782	-0.121281
chr8	598794	1255812	-0.043144	-0.015880	-0.009370	-0.025801
chr8	1255889	1711479	-0.358507	-0.202799	-0.105952	-0.243468
chr8	1715283	2302357	0.152635	0.049281	0.030014	0.073803
chr8	2302906	2596345	-0.203775	-0.103656	-0.058387	-0.111310
chr8	2599525	2846883	0.048918	0.023974	0.014331	0.035665
chr8	2852340	3283825	-0.146906	-0.061639	-0.035838	-0.099054
chr8	3288382	4061101	0.131706	0.043002	0.030225	0.093878
chr8	4127487	4461510	-0.213154	-0.055341	-0.038167	-0.194864
chr8	4464461	4730220	0.134579	0.064909	0.044773	0.082569
chr8	4731963	5132469	0.011754	0.004647	0.003261	0.008364
chr8	5132472	5333823	-0.167327	-0.083705	-0.048445	-0.081048
chr8	5337529	5773295	0.089983	0.032967	0.018647	0.059815
chr8	5780863	6128251	-0.018887	-0.008181	-0.005003	-0.010820
chr8	6133349	6405934	0.120963	0.046382	0.030772	0.069833
chr8	6417128	6646838	0.004439	0.001846	0.001205	0.002683
chr8	6652253	7083648	-0.025166	-0.009905	-0.006155	-0.021426
chr8	7084582	7290905	0.281084	0.140916	0.097046	0.167803
chr8	7295989	7618274	-0.180464	-0.104291	-0.059884	-0.142146
chr8	7637753	8112797	-0.096305	-0.029773	-0.018335	-0.037618
chr8	8113080	8382143	-0.063574	-0.028223	-0.017659	-0.042026
chr8	8383676	8614976	-0.018056	-0.013641	-0.005802	-0.008587
chr8	8626896	9366483	-0.148262	-0.063140	-0.034202	-0.113402
chr8	9370071	9987563	0.009611	0.004373	0.002614	0.007053
chr8	9992385	11138580	-0.330060	-0.081077	-0.053713	-0.179932
chr8	11368776	13103400	-0.012183	-0.001918	-0.001438	-0.007509
chr8	13106117	13863867	-0.102890	-0.037238	-0.024462	-0.082791
chr8	13870538	15864115	0.192523	0.038738	0.029887	0.136919
chr8	15870904	16438300	0.087046	0.032006	0.019093	0.058689
chr8	16439800	18119924	0.159948	0.028008	0.018266	0.120235
chr8	18128481	20798015	0.047292	0.009189	0.006808	0.040312
chr8	20817612	22461513	-0.368963	-0.125573	-0.079767	-0.284667
chr8	22472487	25010110	-0.154541	-0.020518	-0.016249	-0.124308
chr8	25012846	27095661	-0.302860	-0.060935	-0.039143	-0.192148
chr8	27098864	29225341	0.117024	0.028450	0.018637	0.075427
chr8	29250571	30024031	-0.295172	-0.073048	-0.045198	-0.205067
chr8	30039362	31063277	-0.216759	-0.067558	-0.032758	-0.141084
chr8	31069095	32181193	-0.159535	-0.041398	-0.024868	-0.090095
chr8	32196423	32421534	0.108986	0.055100	0.026082	0.078571
chr8	32421549	33614517	-0.235011	-0.062254	-0.038242	-0.176471
chr8	33633805	34141689	-0.040789	-0.012789	-0.007170	-0.029900
chr8	34141854	34543340	0.085823	0.029829	0.018335	0.046381
chr8	34566506	35179885	-0.336235	-0.188737	-0.076546	-0.223529
chr8	35186373	35744723	-0.220306	-0.085995	-0.039822	-0.154618
chr8	35744782	36045340	-0.050839	-0.026459	-0.011876	-0.028001
chr8	36050579	36668163	0.116323	0.037874	0.022192	0.078283
chr8	36670388	37218086	-0.022137	-0.008997	-0.005040	-0.012714
chr8	37221195	37603007	0.073371	0.041127	0.017707	0.057857
chr8	37658393	38095261	0.027418	0.012504	0.006603	0.017626
chr8	38115646	38626701	-0.086353	-0.031827	-0.015205	-0.061113
chr8	38630653	39134785	0.087052	0.037853	0.018625	0.065943
chr8	39134786	39895488	-0.393810	-0.150612	-0.073741	-0.247153
chr8	39895659	40294758	0.094156	0.034372	0.017736	0.074188
chr8	40294805	40497098	0.242020	0.128229	0.064164	0.140451
chr8	40502733	41018750	-0.255527	-0.116149	-0.057703	-0.191522
chr8	41024953	41316523	0.444647	0.235101	0.132442	0.336369
chr8	41343861	41678212	0.155039	0.104575	0.052554	0.092193
chr8	41715598	42394133	-0.000000	-0.000000	-0.000000	0.004193
chr8	42429689	42864403	-0.005067	-0.002525	-0.001310	0.000318
chr8	42887850	43322271	0.190955	0.093223	0.046928	0.115854
chr9	331500	1031181	-0.003441	-0.001693	-0.000878	-0.004515
chr9	1032182	2221242	-0.030133	-0.010421	-0.006195	-0.023801
chr9	2222094	2780384	-0.138786	-0.079074	-0.038155	-0.085473
chr9	2782139	3498260	-0.094758	-0.042124	-0.024630	-0.071537
chr9	3504317	3930562	-0.248911	-0.122816	-0.060282	-0.169620
chr9	3930670	4316402	-0.082147	-0.031632	-0.018275	-0.057121
chr9	4323510	4768146	0.102708	0.030408	0.020637	0.075140
chr9	4782213	5146218	-0.024478	-0.013651	-0.007599	-0.019092
chr9	5146538	6389066	-0.172380	-0.049011	-0.031443	-0.132730
chr9	6389139	6884408	0.149135	0.068017	0.042029	0.069168
chr9	6892121	7983514	-0.129110	-0.042246	-0.026656	-0.106552
chr9	8049418	9603217	-0.080739	-0.016331	-0.010730	-0.065202
chr9	9681910	10393769	-0.369084	-0.224365	-0.095108	-0.209776
chr9	10402032	10733047	-0.289591	-0.247575	-0.086273	-0.210018
chr9	10733164	11051059	0.101283	0.080588	0.037592	0.083972
chr9	11051073	11615621	-0.005490	-0.001818	-0.000928	-0.004437
chr9	11619766	12293668	-0.140625	-0.061123	-0.033019	-0.128223
chr9	12294480	12819338	-0.111359	-0.032674	-0.022722	-0.072569
chr9	12821749	13442339	-0.340717	-0.138731	-0.070008	-0.198525
chr9	13442561	13890261	-0.162683	-0.054964	-0.029429	-0.090909
chr9	13891825	14492498	0.346983	0.129182	0.084563	0.265414
chr9	14492810	15936382	0.211454	0.065217	0.040012	0.115222
chr9	15944313	16616677	-0.086585	-0.035924	-0.024195	-0.051461
chr9	16630145	17887886	-0.113492	-0.017236	-0.013307	-0.071714
chr9	17916128	20064942	-0.402326	-0.054101	-0.041166	-0.236339
chr9	20118410	25049757	0.038037	0.004251	0.003119	0.029836
chr9	25151367	26555192	-0.074836	-0.017966	-0.011418	-0.054134
chr9	26576439	27705099	-0.009407	-0.002953	-0.001729	-0.007313
chr9	27714597	28826137	-0.141482	-0.047267	-0.025688	-0.078745
chr9	28831785	29343580	0.189089	0.091585	0.041613	0.115185
chr9	29354123	30774184	-0.065049	-0.015600	-0.008696	-0.039777
chr9	30774186	31417138	-0.050728	-0.014116	-0.008176	-0.034365
chr9	31430476	32107563	0.503516	0.129773	0.087027	0.374477
chr9	32147382	33020125	-0.084593	-0.027041	-0.015073	-0.080331
chr9	33020156	34366011	0.335269	0.098186	0.065981	0.193955
chr9	34366919	35229271	-0.169107	-0.059726	-0.035174	-0.103949
chr9	35250497	35709184	0.133488	0.044617	0.027258	0.080409
chr9	35733758	36221461	-0.040853	-0.023142	-0.012144	-0.031755
chr9	36221629	36951658	-0.050505	-0.017607	-0.010887	-0.034395
chr9	36957235	37813939	-0.117573	-0.037055	-0.023805	-0.069656
chr9	37814030	38499690	-0.047664	-0.023134	-0.013314	-0.030557
chr9	38500449	38857851	-0.042934	-0.026052	-0.013947	-0.029233
chr9	38871191	39337775	0.090414	0.054489	0.023628	0.068047
chr9	39337917	40052740	0.089337	0.041005	0.023124	0.061841
chr9	40068695	40638376	0.015167	0.004539	0.003088	0.007468
chr9	40683853	41314334	-0.136014	-0.059031	-0.035634	-0.096753
chr9	41315141	42350287	-0.010262	-0.003098	-0.002119	-0.008759
chr9	42351240	43077917	0.023789	0.008432	0.005484	0.021964
chr9	43078387	43501306	-0.050831	-0.025088	-0.015162	-0.036481
chr10	3478721	7504052	-0.190229	-0.026797	-0.018840	-0.114323
chr10	7524962	10900855	-0.526460	-0.103292	-0.066216	-0.430863
chr10	11000853	13660495	-0.213456	-0.057244	-0.036615	-0.164964
chr10	13661173	15496488	-0.032192	-0.006633	-0.004722	-0.026273
chr10	15502054	17231570	-0.374197	-0.079337	-0.044873	-0.217090
chr10	17278834	18714391	0.324590	0.058689	0.043078	0.267085
chr10	18763937	19334794	0.031031	0.007148	0.005407	0.012942
chr10	19335480	20091808	-0.063035	-0.016351	-0.011057	-0.040023
chr10	20091809	21416276	-0.166339	-0.038770	-0.024612	-0.100416
chr10	21416293	23540165	-0.252378	-0.052006	-0.033186	-0.149288
chr10	23570111	25151942	-0.102310	-0.034136	-0.017769	-0.089060
chr10	25161733	25671388	-0.100893	-0.047531	-0.027194	-0.073338
chr10	25688477	26365380	-0.394924	-0.137590	-0.086947	-0.253751
chr10	26365493	26704924	-0.080482	-0.058514	-0.029206	-0.062290
chr10	26704925	27298369	-0.291309	-0.082117	-0.047675	-0.188215
chr10	27303010	28165018	-0.316373	-0.124798	-0.064245	-0.268361
chr10	28165022	29333036	0.187721	0.084875	0.045175	0.133501
chr10	29333038	30653971	-0.061138	-0.014976	-0.010239	-0.038500
chr10	30659276	30976438	-0.075719	-0.022422	-0.013904	-0.053682
chr10	30976446	31267829	-0.419793	-0.251096	-0.118705	-0.322330
chr10	31267862	32732137	-0.030388	-0.006750	-0.004698	-0.020579
chr10	32732139	33461638	0.251229	0.114328	0.065267	0.141191
chr10	33472020	33867621	0.224172	0.092929	0.049093	0.175573
chr10	33868072	34631521	0.135785	0.037032	0.021836	0.074205
chr10	34634299	35577090	-0.034011	-0.019327	-0.011054	-0.015722
chr10	35586324	36153557	0.233442	0.117465	0.071247	0.193698
chr10	36153811	36779046	0.397315	0.178110	0.105256	0.233013
chr10	36779083	37367061	0.035516	0.013633	0.008985	0.019325
chr10	37367142	37785065	-0.056604	-0.023144	-0.013553	-0.046344
chr10	37818268	38820612	0.077980	0.042242	0.024399	0.060976
chr10	38827551	39138712	-0.058990	-0.030347	-0.015227	-0.027027
chr10	39139890	39624975	0.230670	0.103130	0.060007	0.168391
chr10	39628682	40590176	-0.136042	-0.045535	-0.031861	-0.093108
chr10	40627018	41405890	-0.285285	-0.131997	-0.063105	-0.214309
chr11	1495558	2944382	0.235592	0.060500	0.041646	0.195913
chr11	2945370	3711401	0.066964	0.016427	0.010343	0.042164
chr11	3719889	4023814	0.043678	0.018357	0.010405	0.027304
chr11	4029440	4318169	0.049057	0.032069	0.015283	0.032953
chr11	4318237	4732273	0.225505	0.087781	0.055270	0.159551
chr11	4843115	5258213	0.352730	0.181717	0.105546	0.280411
chr11	5260212	5707225	-0.264438	-0.147865	-0.071524	-0.215080
chr11	5750307	6322239	-0.007452	-0.002383	-0.001483	-0.004957
chr11	6345410	7307171	0.170596	0.047559	0.030513	0.132667
chr11	7309037	7617584	-0.265172	-0.174775	-0.065683	-0.172047
chr11	7618294	7877574	0.035676	0.012720	0.007744	0.018386
chr11	7879339	8285049	0.235225	0.067458	0.047534	0.120097
chr11	8286840	8597463	-0.145002	-0.085643	-0.040000	-0.100923
chr11	8611103	9005532	-0.007357	-0.004345	-0.001959	-0.000940
chr11	9008115	9444316	-0.177998	-0.087746	-0.042429	-0.127927
chr11	9446525	9953521	0.010897	0.003799	0.002690	0.008922
chr11	10002585	10548459	0.239561	0.069762	0.041560	0.180662
chr11	10550261	11135344	0.226611	0.072929	0.048892	0.169623
chr11	11145332	11408643	-0.245246	-0.116095	-0.060739	-0.112202
chr11	11482045	11909966	-0.018613	-0.004537	-0.002875	-0.025937
chr11	11933256	12659736	0.170883	0.034001	0.026412	0.095123
chr11	12684208	13569268	-0.245714	-0.058530	-0.038750	-0.158095
chr11	13570306	14228138	-0.059102	-0.016611	-0.010911	-0.032520
chr11	14232483	14853241	-0.082902	-0.024338	-0.015396	-0.058910
chr11	14853575	15472589	0.207833	0.072623	0.039940	0.116546
chr11	15476186	16311005	-0.229936	-0.071070	-0.047687	-0.125531
chr11	16312351	16603444	0.214496	0.132895	0.069825	0.123474
chr11	16611008	17308815	-0.134167	-0.057639	-0.033051	-0.103194
chr11	17308816	17773847	0.326012	0.109451	0.061398	0.216033
chr11	17776673	18277103	-0.012048	-0.003867	-0.002556	-0.008223
chr11	18348703	19494481	0.074420	0.016803	0.011096	0.085413
chr11	19549352	22888282	0.149159	0.015981	0.012612	0.096301
chr11	22893669	25273958	0.066600	0.008322	0.006469	0.038332
chr11	25298660	26955673	-0.278896	-0.084876	-0.051433	-0.195787
chr11	26961270	27860804	-0.237962	-0.077982	-0.049093	-0.138358
chr11	27877360	28302124	-0.278354	-0.155931	-0.077488	-0.151334
chr11	28317220	28821051	0.176383	0.046175	0.032355	0.082034
chr11	28882516	29466073	0.263658	0.077609	0.058199	0.170992
chr11	29492995	29754168	0.079117	0.042578	0.023611	0.033750
chr11	29765983	30504503	0.126475	0.036981	0.027726	0.080626
chr11	30505588	30959874	-0.031881	-0.010524	-0.006016	-0.012950
chr11	30988424	31343885	-0.144262	-0.050905	-0.026620	-0.080372
chr11	31343930	31607250	0.011899	0.006745	0.003741	0.007742
chr11	31620480	32097143	-0.174748	-0.057306	-0.034263	-0.108288
chr11	32099764	33120095	-0.153770	-0.064118	-0.031325	-0.101299
chr11	33158082	33919315	-0.212613	-0.064773	-0.038219	-0.153247
chr11	33921293	34274427	0.155828	0.064402	0.043300	0.095633
chr11	34274476	34740634	0.084240	0.035736	0.021448	0.054235
chr11	34750327	35054024	-0.007724	-0.003865	-0.002387	-0.006623
chr11	35056152	35374478	0.342980	0.152854	0.102008	0.210526
chr11	35374580	35859463	-0.189774	-0.097771	-0.055041	-0.134965
chr11	35865424	36370972	0.141033	0.066094	0.040928	0.081462
chr11	36373663	36864773	0.086283	0.032850	0.020979	0.064892
chr11	36888395	37389136	0.419093	0.148788	0.101444	0.273691
chr11	37414963	38130029	-0.036435	-0.016343	-0.009342	-0.024294
chr12	1221036	3445194	0.007382	0.001339	0.001028	0.004608
chr12	3452013	5676722	-0.219785	-0.067151	-0.042178	-0.162582
chr12	6102100	8177319	-0.094778	-0.024571	-0.015141	-0.070666
chr12	8177989	9841580	0.116505	0.052134	0.031424	0.072867
chr12	9843485	10731181	-0.084368	-0.031640	-0.019953	-0.065347
chr12	10735155	11453282	-0.427426	-0.286296	-0.106065	-0.258096
chr12	11467792	14148716	-0.021258	-0.003879	-0.002578	-0.014193
chr12	14162945	15258707	0.188058	0.036730	0.022978	0.114191
chr12	15306147	16919274	-0.337778	-0.100280	-0.059690	-0.186732
chr12	16921684	17457118	-0.230855	-0.114389	-0.055717	-0.154162
chr12	17460329	18853779	0.032110	0.008716	0.005413	0.017722
chr12	18870164	20275099	-0.192250	-0.039862	-0.024690	-0.117985
chr12	20325226	21324407	0.224507	0.065823	0.043803	0.171806
chr12	21327689	22218149	-0.166667	-0.044450	-0.030423	-0.132463
chr12	22287535	22931215	0.005291	0.001844	0.000820	0.003384
chr12	22935497	23415368	0.032326	0.011999	0.006303	0.028981
chr12	23415816	23800662	0.267708	0.081265	0.049205	0.184759
chr12	23800800	24319953	-0.036597	-0.012698	-0.006820	-0.026333
chr12	24339443	24936921	-0.259094	-0.138520	-0.073319	-0.196953
chr12	24936923	25586891	-0.283442	-0.106334	-0.063951	-0.209843
chr12	25606999	25897377	0.275444	0.118691	0.073404	0.220712
chr12	25918119	26357506	-0.302366	-0.111623	-0.065044	-0.199270
chr12	26387455	27137413	-0.133878	-0.061527	-0.034987	-0.109863
chr12	27156812	27772212	-0.101982	-0.049694	-0.025532	-0.069844
chr12	27791217	28905856	0.179165	0.043346	0.032384	0.122169
chr12	28908480	29529277	-0.130214	-0.053055	-0.033649	-0.057710
chr12	29529601	29720881	-0.087657	-0.046007	-0.029204	-0.058272
chr12	29721018	30012822	0.099653	0.062213	0.037588	0.072100
chr12	30036335	30621069	0.125000	0.047480	0.031333	0.074121
chr12	30621856	30997498	-0.496157	-0.211401	-0.097527	-0.306205
chr12	31004547	31446561	0.003519	0.001616	0.000894	-0.014110
chr12	31446563	31678255	-0.379558	-0.247157	-0.085751	-0.228025
chr12	31681192	32041489	-0.161704	-0.088622	-0.042765	-0.119389
chr12	32042172	32694299	-0.344799	-0.135903	-0.081697	-0.264295
chr12	32706937	33248945	0.253953	0.112717	0.071410	0.188927
chr12	33270666	34159230	0.151823	0.068915	0.032446	0.102845
chr12	34186478	35242098	0.298167	0.129138	0.067381	0.202182
chr13	517903	1805319	0.194915	0.058512	0.037929	0.134586
chr13	1808307	2323481	-0.092540	-0.030268	-0.017627	-0.053614
chr13	2323532	2952128	0.382998	0.153901	0.104799	0.271401
chr13	2952129	3373155	0.450742	0.232353	0.135351	0.370660
chr13	3381824	3841713	0.158893	0.073311	0.051542	0.101004
chr13	3845469	4225983	0.085861	0.036621	0.021407	0.041178
chr13	4226227	4594184	-0.081867	-0.040875	-0.022156	-0.055188
chr13	4594598	5202285	0.154114	0.064305	0.034607	0.133585
chr13	5216188	5481289	0.090737	0.036350	0.023807	0.103264
chr13	5496093	6119242	-0.104225	-0.044096	-0.020299	-0.077244
chr13	6124972	6692321	0.004959	0.001528	0.000855	0.003188
chr13	6717052	7605206	0.300513	0.095719	0.056981	0.209363
chr13	7623828	8017892	-0.102115	-0.033598	-0.017459	-0.060901
chr13	8018092	8550628	0.192372	0.052271	0.031587	0.112422
chr13	8564220	9247167	-0.076711	-0.026346	-0.014885	-0.042057
chr13	9251847	9618515	0.187032	0.097276	0.056497	0.134168
chr13	9618899	10764686	-0.106583	-0.031266	-0.019296	-0.079187
chr13	10766186	11381482	-0.077233	-0.038266	-0.021456	-0.062398
chr13	11382685	12030772	0.044466	0.019454	0.012867	0.033333
chr13	12034705	12382744	0.064366	0.027890	0.016513	0.055295
chr13	12386116	12689528	0.124686	0.050499	0.031508	0.074296
chr13	12692053	13468566	-0.218763	-0.090262	-0.046662	-0.158827
chr13	13510566	14207085	0.120626	0.043645	0.024657	0.092520
chr13	14227008	15203313	0.169047	0.047629	0.031654	0.096425
chr13	15206216	17279306	0.094578	0.020022	0.013440	0.080043
chr13	17371867	19194327	0.023446	0.004010	0.002912	0.016570
chr13	19204193	20276837	-0.209001	-0.077221	-0.048533	-0.109722
chr13	20279046	20759353	-0.204111	-0.074669	-0.044675	-0.108761
chr13	20780561	21987700	-0.011299	-0.002428	-0.001865	-0.007634
chr13	22036845	23261908	-0.132287	-0.018692	-0.014352	-0.069208
chr13	23270317	23889712	-0.292383	-0.086404	-0.056727	-0.161465
chr13	23895646	24515755	0.001107	0.000307	0.000215	0.000754
chr13	24522211	25142136	0.068008	0.021776	0.016102	0.045022
chr13	25142147	26049934	0.085906	0.026465	0.016700	0.068182
chr13	26077140	27507872	0.105240	0.032809	0.020528	0.076513
chr13	27509747	27816435	-0.175457	-0.082091	-0.045204	-0.117565
chr13	27823877	28145794	0.444264	0.128895	0.091498	0.291833
chr13	28151098	28600997	0.120675	0.069438	0.035760	0.096540
chr13	28604028	28928174	0.241034	0.131021	0.082885	0.216961
chr13	28929913	29374554	0.058944	0.022754	0.013874	0.047982
chr13	29383964	29889894	0.364012	0.142165	0.093159	0.231120
chr13	29892547	30531476	-0.125809	-0.044302	-0.026389	-0.107278
chr13	30534746	31009196	0.436374	0.146809	0.091191	0.272601
chr13	31010012	31481304	0.343783	0.119289	0.079990	0.216129
chr13	31482965	31919783	-0.145278	-0.077233	-0.040661	-0.089482
chr13	31924021	32593003	0.096774	0.035162	0.019339	0.043539
chr13	32611760	33179230	0.516859	0.230105	0.146524	0.410642
chr13	33181827	33499142	0.654002	0.190734	0.136161	0.475581
chr14	328636	1164490	-0.214368	-0.101386	-0.051576	-0.140068
chr14	1164772	2035531	-0.098567	-0.031301	-0.017407	-0.051913
chr14	2153830	3094634	-0.212569	-0.030092	-0.019566	-0.127094
chr14	3117032	4481261	0.158328	0.046854	0.028721	0.104675
chr14	4492001	5085747	0.212579	0.087647	0.054232	0.123934
chr14	5086222	5722898	-0.299743	-0.089110	-0.052254	-0.171982
chr14	5729517	6768119	-0.166260	-0.041191	-0.026015	-0.107980
chr14	6777973	7450652	-0.024055	-0.008464	-0.005074	-0.013384
chr14	7450653	8385626	0.288871	0.065451	0.043347	0.225602
chr14	8385631	8808295	-0.226458	-0.147649	-0.062803	-0.150626
chr14	8821101	9340023	0.103712	0.029994	0.018022	0.055329
chr14	9347006	9759053	-0.079690	-0.036375	-0.021902	-0.051274
chr14	9787884	10575883	-0.252385	-0.111079	-0.058375	-0.165525
chr14	10594573	11008762	0.420161	0.206459	0.129554	0.349196
chr14	11008763	11264814	-0.233101	-0.151612	-0.070290	-0.160780
chr14	11268715	11909728	-0.021372	-0.011567	-0.005366	-0.018831
chr14	11952241	12833373	-0.113179	-0.039830	-0.024931	-0.070072
chr15	457173	1116288	0.155138	0.052947	0.034214	0.106585
chr15	1152835	1950262	-0.015799	-0.005251	-0.002874	-0.014716
chr15	2006540	2616358	0.046784	0.020162	0.011859	0.048458
chr15	2616502	2863225	0.068335	0.032413	0.018306	0.045394
chr15	2869600	3249387	-0.225904	-0.077469	-0.045035	-0.196440
chr15	3251848	3655156	-0.007214	-0.003283	-0.001830	-0.005202
chr15	3659938	4110891	-0.127814	-0.042783	-0.025782	-0.114495
chr15	4117579	4873272	-0.092348	-0.021685	-0.015458	-0.075828
chr15	4884803	5202633	0.085494	0.034065	0.021202	0.051729
chr15	5202985	5568340	-0.119771	-0.061652	-0.031763	-0.077264
chr15	5569919	5828534	0.107037	0.056932	0.027703	0.074125
chr15	5836352	6368815	-0.356401	-0.196941	-0.096759	-0.224279
chr15	6372664	6833125	0.022508	0.010939	0.005816	0.018470
chr15	6834454	7402226	0.230687	0.081239	0.039464	0.127294
chr15	7427163	7941535	0.014445	0.004489	0.002883	-0.004788
chr15	7941546	8656949	-0.049738	-0.018719	-0.009724	-0.049005
chr15	8657000	9375715	-0.046699	-0.011709	-0.007358	-0.029146
chr15	9382292	10052684	0.028942	0.011558	0.006296	0.020237
chr15	10061135	11038690	-0.083977	-0.032210	-0.017281	-0.050729
chr15	11086317	11812376	0.378608	0.106869	0.060907	0.249741
chr15	11815462	12279225	-0.190193	-0.098160	-0.057563	-0.133824
chr15	12282903	12667273	0.042322	0.017912	0.010895	0.015616
chr16	512253	971877	-0.393386	-0.183479	-0.097624	-0.246036
chr16	973121	1534769	-0.072969	-0.023838	-0.016111	-0.055343
chr16	1557858	2776425	0.000000	0.000000	0.000000	0.000000
chr16	2776842	4268613	0.235797	0.041679	0.030546	0.174038
chr16	4292179	5599469	-0.125618	-0.016513	-0.013569	-0.085235
chr16	5642094	6136086	0.083877	0.030662	0.019575	0.059840
chr16	6139472	7596407	-0.253418	-0.061311	-0.037820	-0.173289
chr16	7864947	8878457	-0.209843	-0.081275	-0.049702	-0.161602
chr16	8881173	9127510	0.292052	0.147905	0.091554	0.212587
chr17	156415	456908	-0.227341	-0.142857	-0.062695	-0.178741
chr17	464833	769611	-0.221182	-0.114938	-0.050033	-0.134911
chr17	770932	1439082	0.097792	0.031860	0.017388	0.059730
chr17	1442181	2019101	-0.076038	-0.027636	-0.015307	-0.047129
chr17	2019133	2673628	-0.052183	-0.014232	-0.009303	-0.033631
chr17	2673644	3195522	-0.181910	-0.079665	-0.047283	-0.117609
chr17	3198733	3675747	-0.054391	-0.025491	-0.013921	-0.039003
chr17	3686208	4113053	-0.281250	-0.116152	-0.067271	-0.211087
chr17	4113228	4511443	-0.002229	-0.000866	-0.000483	0.010372
chr17	4511444	5422716	-0.052181	-0.022178	-0.012540	-0.037172
chr17	5422717	6074382	-0.455672	-0.222016	-0.094738	-0.270975
chr17	6086216	7129693	-0.150612	-0.064443	-0.033525	-0.090164
chr17	7144101	7901559	0.249335	0.085529	0.052388	0.169131
chr18	453078	1255567	0.091991	0.031613	0.018503	0.060385
chr18	1262856	2332213	-0.023436	-0.006798	-0.004751	-0.013456
chr18	2377658	3399555	0.133208	0.061233	0.032200	0.097074
chr18	3431008	4466079	-0.020067	-0.004653	-0.003042	-0.011943
chr18	4466090	4937194	-0.378368	-0.219927	-0.111675	-0.289563
chr18	4940220	5307988	0.077859	0.034548	0.020150	0.062745
chr18	5327950	5597412	0.009980	0.004620	0.003121	0.005118
chr18	5597485	6165189	-0.072552	-0.028161	-0.018685	-0.047879
chr18	6172483	6438354	0.185751	0.120198	0.059149	0.154334
chr18	6442831	7044556	0.281925	0.086504	0.062228	0.163976
chr18	7052822	7591858	0.142066	0.060821	0.033333	0.103099
chr19	424508	2213869	0.204729	0.060746	0.038579	0.118748
chr19	2217896	2865806	-0.074435	-0.033580	-0.021396	-0.038114
chr19	2869631	3698865	-0.118476	-0.046527	-0.027840	-0.101907
chr19	3714359	4498412	0.123967	0.029772	0.021501	0.080372
chr19	4498663	5228914	-0.303786	-0.136237	-0.075276	-0.253147
chr19	5232014	5832219	0.414634	0.126886	0.090051	0.259683
chr19	5840287	6469805	-0.325521	-0.196181	-0.101146	-0.251361
chr19	6469806	7206934	-0.137382	-0.044206	-0.025212	-0.077093
chr19	7210766	7797139	0.099194	0.037768	0.020900	0.068284
chr20	504614	1207196	0.311302	0.093379	0.060180	0.232302
chr20	1208074	1963346	0.175786	0.102675	0.059660	0.104833
chr20	2005656	2538103	-0.005077	-0.002183	-0.001167	-0.003668
chr20	2553375	3176511	-0.231917	-0.092069	-0.047941	-0.136700
chr20	3185150	3753673	0.128571	0.041439	0.025159	0.067164
chr20	3763649	4175864	0.011321	0.004722	0.002548	0.008646
chr20	4189993	4631594	-0.199340	-0.076031	-0.045663	-0.145111
chr20	4645004	5030706	-0.112736	-0.057177	-0.031639	-0.084520
chr20	5047165	5587140	0.059419	0.021408	0.014574	0.031319
chr20	5605323	6087221	0.238800	0.100623	0.062159	0.168727
chr20	6088852	6686049	-0.230256	-0.072952	-0.044917	-0.135206
chr21	271913	1032150	-0.364942	-0.148619	-0.084908	-0.280634
chr21	1032445	1968769	-0.234950	-0.143221	-0.070906	-0.157777
chr21	1969872	2936139	0.240915	0.065650	0.039995	0.172633
chr21	2951853	3917888	0.109851	0.047322	0.027282	0.089685
chr21	3938520	4673772	0.071268	0.027400	0.015725	0.069867
chr21	4750438	5442691	0.354732	0.120829	0.065242	0.220654
chr21	5449358	6487257	-0.184938	-0.042153	-0.026732	-0.122785
chr22	317814	1013255	-0.029047	-0.013846	-0.008586	-0.023513
chr22	1037530	1601145	-0.020950	-0.008494	-0.005017	-0.016146
chr22	1605985	2594185	0.176216	0.071195	0.044185	0.117481
chr22	2608638	3247084	-0.264473	-0.099219	-0.059940	-0.200227
chr22	3267834	3975019	0.187016	0.060854	0.036560	0.111432
chr22	3996518	4776192	-0.087761	-0.026800	-0.014279	-0.012066
chr22	4813560	5464378	0.145008	0.045397	0.027805	0.100035
chr22	5475708	5929377	-0.098316	-0.051195	-0.024212	-0.077812
chr23	522540	970451	0.065502	0.024392	0.015816	0.063366
chr23	970455	1243664	-0.041136	-0.020913	-0.011009	-0.050308
chr23	1247084	2111564	-0.160847	-0.055300	-0.034521	-0.129757
chr23	2122235	3095759	0.201238	0.082341	0.039351	0.129122
chr24	634964	1205109	0.243450	0.079309	0.055467	0.162525
chr24	1206102	1992195	0.119137	0.043697	0.027065	0.089269
chrZ	481907	1094667	0.224913	0.070437	0.045016	0.153846
chrZ	1097928	2325844	-0.382757	-0.197562	-0.087497	-0.264325
chrZ	2332766	3414671	-0.034329	-0.019613	-0.009557	-0.022521
chrZ	3427283	3992270	0.033816	0.011809	0.007151	0.013730
chrZ	3995112	4284808	0.300330	0.212475	0.116945	0.192972
chrZ	4284839	4350581	-0.033241	-0.061460	-0.031311	-0.019402
chrZ	4350582	4389320	0.151383	0.265985	0.168968	0.072423
chrZ	4390615	4480703	-0.024730	-0.045134	-0.023970	-0.020378
chrZ	4480739	4534709	0.055823	0.095395	0.059508	0.029058
chrZ	4534751	4565885	0.121714	0.127740	0.092048	0.061099
chrZ	4565889	4618409	0.000000	0.000000	0.000000	-0.000000
chrZ	4620422	4634513	0.151908	0.309969	0.228999	0.074728
chrZ	4635944	5042612	0.045245	0.046036	0.026960	0.023820
chrZ	5042616	5350324	0.040232	0.041081	0.025880	0.020842
chrZ	5350338	5675996	-0.006360	-0.013081	-0.006032	-0.003150
chrZ	5697784	6871989	0.127219	0.093614	0.071987	0.061341
chrZ	6872262	8122283	0.033177	0.033051	0.021776	0.014402
chrZ	8128250	8868655	0.049393	0.063476	0.030153	0.022702
chrZ	8868660	9143207	-0.125817	-0.272085	-0.087203	-0.058959
chrZ	9150381	9308760	0.094149	0.136187	0.073183	0.048209
chrZ	9308797	9469644	0.034282	0.033547	0.020596	0.018395
chrZ	9473118	10421695	0.336422	0.192496	0.161037	0.239594
chrZ	10955959	12758584	-0.019281	-0.004056	-0.002878	-0.014354
chrZ	12758602	16560738	-0.163717	-0.060392	-0.038502	-0.095607
chrZ	16629604	19042375	0.161014	0.115508	0.063511	0.091101
chrZ	19088562	20238002	-0.004679	-0.004389	-0.002814	-0.002920
chrZ	20346545	22548411	0.070270	0.043645	0.028761	0.048794
chrZ	22567102	26552960	-0.195862	-0.063577	-0.046973	-0.112698
chrZ	26564788	54265387	0.000608	0.000070	0.000055	-0.026060
chrZ	54600007	80140705	0.346145	0.043218	0.031858	0.256929
