chr	windowStart	windowEnd	D	f_d	f_dM	d_f
chrZ	507350	797540	0.302117	0.030293	0.023518	0.276571
chrZ	801541	1171829	0.296534	0.019083	0.015562	0.264654
chrZ	1180742	1388760	0.141013	0.018702	0.014886	0.144683
chrZ	1417589	2294806	0.033129	0.002846	0.002288	0.011419
chrZ	2310702	2897209	0.149656	0.011464	0.009086	0.146695
chrZ	2913764	3450004	0.033487	0.002370	0.001884	0.027043
chrZ	3462766	3782324	0.044277	0.003740	0.002966	0.046387
chrZ	3800141	4113635	0.093168	0.006803	0.005636	0.076428
chrZ	4130842	4295942	-0.097080	-0.010661	-0.008647	-0.080183
chrZ	4296412	4350581	-0.183489	-0.056378	-0.043785	-0.123304
chrZ	4350582	4373507	0.104274	0.059758	0.045408	0.073754
chrZ	4375026	4413433	0.083969	0.031309	0.025009	0.058712
chrZ	4413711	4463706	0.063371	0.039704	0.025299	0.045900
chrZ	4464144	4492821	0.048463	0.026091	0.017701	0.023893
chrZ	4493675	4528065	-0.084608	-0.033239	-0.024431	-0.064061
chrZ	4528126	4551085	0.158473	0.071496	0.049607	0.105465
chrZ	4551195	4577804	-0.133913	-0.046771	-0.033966	-0.074184
chrZ	4578613	4621827	-0.283684	-0.100312	-0.073421	-0.212321
chrZ	4622077	4639552	0.254320	0.118431	0.094351	0.186092
chrZ	4640098	4763521	0.150852	0.032022	0.024642	0.129666
chrZ	4763542	5027037	0.008831	0.000746	0.000628	0.003305
chrZ	5036194	5195387	-0.040678	-0.006623	-0.005191	-0.030252
chrZ	5203123	5305600	-0.342760	-0.079557	-0.057675	-0.262036
chrZ	5305692	5392405	-0.366425	-0.067127	-0.053919	-0.252409
chrZ	5392683	5515972	-0.063264	-0.010948	-0.008350	-0.053154
chrZ	5520293	5658587	-0.347340	-0.079627	-0.056125	-0.257883
chrZ	5659541	6070312	0.273908	0.035022	0.030229	0.238305
chrZ	6070933	6752825	0.242424	0.021400	0.018156	0.199068
chrZ	6752864	6865576	0.007098	0.001225	0.000940	0.006020
chrZ	6865826	6968184	-0.001692	-0.000324	-0.000259	-0.001257
chrZ	6976740	7149976	-0.232218	-0.039016	-0.029735	-0.176752
chrZ	7149980	7253439	-0.169014	-0.044747	-0.035066	-0.124697
chrZ	7254025	7614376	-0.100120	-0.010623	-0.008512	-0.087655
chrZ	7641338	7927327	-0.179470	-0.035782	-0.026541	-0.153221
chrZ	7934716	8174451	-0.022414	-0.004017	-0.003017	-0.019394
chrZ	8174458	8506769	-0.621557	-0.120632	-0.079249	-0.459699
chrZ	8565157	8822687	-0.293889	-0.052365	-0.039677	-0.263708
chrZ	8823001	8870344	-0.239612	-0.097961	-0.062978	-0.176831
chrZ	8870381	8976194	0.055393	0.013548	0.010362	0.041470
chrZ	8977649	9079731	-0.056842	-0.013331	-0.009935	-0.044895
chrZ	9084148	9158718	0.175711	0.041510	0.031613	0.138211
chrZ	9160119	9267521	-0.197628	-0.045562	-0.035541	-0.179788
chrZ	9268089	9371602	-0.080573	-0.012139	-0.009363	-0.074875
chrZ	9371724	9458477	-0.331749	-0.066981	-0.048737	-0.259284
chrZ	9458502	9581169	-0.116628	-0.015809	-0.012642	-0.068738
chrZ	9582042	9683520	-0.225166	-0.021775	-0.017201	-0.178634
chrZ	9683525	10157179	0.105232	0.007789	0.006498	0.096774
chrZ	10157393	10732337	0.084875	0.004949	0.003968	0.074570
chrZ	10735092	11094299	0.214062	0.016052	0.013016	0.189696
chrZ	11097331	11586065	0.073692	0.004684	0.003818	0.073244
chrZ	11586151	11967714	0.171457	0.010712	0.009075	0.154113
chrZ	11970181	12247233	0.211630	0.021300	0.018024	0.206608
chrZ	12263165	12683866	0.299332	0.021487	0.017901	0.276847
chrZ	12692606	13108194	-0.031563	-0.002448	-0.002164	-0.011652
chrZ	13115920	13936390	-0.140969	-0.007012	-0.005866	-0.140969
chrZ	13975500	14475329	-0.105495	-0.006704	-0.005499	-0.116279
chrZ	14475454	14721992	-0.015854	-0.001695	-0.001385	-0.012299
chrZ	14742643	15254106	-0.127329	-0.006974	-0.005798	-0.119534
chrZ	15259670	16155524	-0.008942	-0.000418	-0.000363	-0.008942
chrZ	16173333	16805458	0.095363	0.004516	0.003654	0.086577
chrZ	16821697	17156093	0.276971	0.020052	0.016390	0.252602
chrZ	17179709	17674553	-0.266470	-0.019070	-0.014761	-0.262977
chrZ	17697705	18091244	-0.137324	-0.010659	-0.008347	-0.124528
chrZ	18094140	18644115	0.209845	0.010556	0.008656	0.157722
chrZ	18644193	19091221	0.176530	0.010552	0.008684	0.176366
chrZ	19091238	19240946	-0.093126	-0.007815	-0.006886	-0.070187
chrZ	19240949	19576145	-0.169862	-0.013993	-0.011373	-0.142785
chrZ	19576160	20053677	0.136020	0.008857	0.007361	0.120238
chrZ	20056089	20576781	-0.230582	-0.015347	-0.012215	-0.213107
chrZ	20578595	21079553	-0.143687	-0.013537	-0.010225	-0.120586
chrZ	21122287	21708526	-0.151002	-0.009598	-0.007574	-0.148785
chrZ	21716710	22432395	0.099152	0.005726	0.004688	0.099570
chrZ	22432469	22719620	0.286289	0.020659	0.017078	0.222133
chrZ	22726853	23723143	-0.027149	-0.001366	-0.001117	-0.025093
chrZ	23723163	24225611	-0.101274	-0.006224	-0.005246	-0.088721
chrZ	24230984	24959410	-0.169086	-0.009385	-0.007538	-0.163127
chrZ	24968912	25440790	0.094400	0.005845	0.004742	0.091757
chrZ	25468333	26102000	-0.209369	-0.010522	-0.008772	-0.196942
chrZ	26102040	26546059	-0.133560	-0.007612	-0.006269	-0.123612
chrZ	26547070	27444164	0.000000	0.000000	0.000000	0.000000
chrZ	27458411	28251424	-0.122496	-0.005454	-0.004713	-0.114306
chrZ	28267206	28734794	0.091010	0.004835	0.004179	0.066121
chrZ	28751327	29299028	-0.111664	-0.008110	-0.006535	-0.112292
chrZ	29299199	30256605	-0.144197	-0.006057	-0.004907	-0.137246
chrZ	30261760	31175501	-0.053446	-0.002859	-0.002373	-0.052559
chrZ	31175508	32389978	-0.101942	-0.005001	-0.004021	-0.096774
chrZ	32391199	34307840	0.061617	0.002527	0.002135	0.075472
chrZ	34317050	35018453	-0.141347	-0.007226	-0.005839	-0.135959
chrZ	35021579	35805635	-0.111736	-0.005179	-0.004297	-0.106411
chrZ	35806347	36510168	-0.116915	-0.005809	-0.004905	-0.115764
chrZ	36530955	37500855	-0.261845	-0.012201	-0.010286	-0.253012
chrZ	37530533	38454189	-0.158730	-0.007422	-0.006137	-0.142857
chrZ	38480054	39328092	-0.171213	-0.012772	-0.010609	-0.153541
chrZ	39366929	40464972	0.059470	0.002834	0.002383	0.058673
chrZ	40469190	41412352	0.361613	0.017300	0.014534	0.352168
chrZ	41427588	42079185	-0.528517	-0.034495	-0.028923	-0.509158
chrZ	42127935	43321909	-0.065104	-0.002449	-0.002089	-0.064599
chrZ	43321910	44127486	0.080255	0.004036	0.003354	0.072316
chrZ	44157597	44885408	-0.019422	-0.001075	-0.000915	-0.019190
chrZ	44886726	45549031	-0.083784	-0.004794	-0.004098	-0.083784
chrZ	45557614	46185664	0.287284	0.017078	0.014915	0.273543
chrZ	46261299	48615360	0.082542	0.004679	0.004181	0.080300
chrZ	48616333	50012945	-0.014717	-0.000549	-0.000490	-0.029840
chrZ	50017120	51118288	-0.320988	-0.020203	-0.017669	-0.317073
chrZ	51338041	52168381	-0.143806	-0.006328	-0.005251	-0.137042
chrZ	52217841	53098574	-0.112840	-0.004712	-0.003997	-0.106487
chrZ	53098575	53646874	-0.205502	-0.010548	-0.008859	-0.204509
chrZ	53676960	54437531	-0.103265	-0.003671	-0.003094	-0.101796
chrZ	54437645	55569104	0.122898	0.007022	0.005891	0.116279
chrZ	55609739	56432344	0.160530	0.008781	0.007510	0.147632
chrZ	56459504	58057579	0.084923	0.003386	0.002845	0.094604
chrZ	58077451	58888883	-0.147453	-0.010450	-0.008525	-0.129288
chrZ	58888889	60266443	-0.310667	-0.014839	-0.012532	-0.295311
chrZ	60278690	61652397	0.162679	0.006922	0.005967	0.154394
chrZ	61690661	62367663	0.160833	0.009572	0.007880	0.168081
chrZ	62378173	63161789	0.150711	0.008247	0.007023	0.144152
chrZ	63170299	64071432	0.124442	0.006388	0.005290	0.105744
chrZ	64098512	64998973	-0.074848	-0.003073	-0.002544	-0.086929
chrZ	65004195	66368224	-0.086957	-0.003442	-0.002834	-0.075031
chrZ	66399217	67612145	-0.225686	-0.010271	-0.008510	-0.223181
chrZ	67613772	68188359	-0.075067	-0.004106	-0.003502	-0.072664
chrZ	68191421	68975018	-0.127615	-0.007925	-0.006377	-0.124236
chrZ	69007936	69535130	0.062107	0.004086	0.003491	0.069860
chrZ	69562618	70905008	0.108935	0.006619	0.005575	0.105325
chrZ	70919905	72588139	-0.403141	-0.017139	-0.014295	-0.398964
chrZ	72607519	73425968	0.127072	0.006909	0.005666	0.123656
chrZ	73463898	73910929	-0.071958	-0.005140	-0.004161	-0.067210
chrZ	73939048	74652828	-0.173047	-0.009004	-0.007241	-0.156559
chrZ	74659389	75161981	-0.261776	-0.021993	-0.017033	-0.249082
chrZ	75170164	76569164	0.158666	0.010156	0.008184	0.158666
chrZ	76584867	77617104	0.160350	0.005896	0.004888	0.156695
chrZ	77628103	78450153	-0.272868	-0.012357	-0.010290	-0.236994
chrZ	78461019	80053814	0.184094	0.009651	0.007942	0.168831
chrZ	80068592	80615810	-0.166017	-0.009585	-0.007979	-0.158262
chrZ	80636460	81591247	-0.200000	-0.009369	-0.007439	-0.205580
chrZ	81739806	82435189	-0.037791	-0.002132	-0.001614	-0.031123
chrZ	82443924	83096218	-0.177809	-0.010766	-0.008577	-0.176305
chrZ	83096716	84335087	0.288889	0.017804	0.014822	0.285429
