chr	windowStart	windowEnd	D	f_d	f_dM	d_f
chr1	1371787	1881193	-0.122671	-0.070452	-0.029951	-0.083421
chr1	1886732	2164806	0.168565	0.108810	0.066264	0.107843
chr1	2164811	3030785	0.099738	0.035261	0.021739	0.078189
chr1	3030944	3740841	-0.162195	-0.057692	-0.035785	-0.116157
chr1	3748065	4595230	0.081930	0.029984	0.016961	0.044995
chr1	4637080	5338138	-0.200489	-0.096575	-0.051384	-0.176015
chr1	5344573	6462482	0.142857	0.069962	0.033553	0.109405
chr1	6465131	6910642	0.059682	0.032316	0.015586	0.048843
chr1	6919112	7490948	0.580064	0.279367	0.175771	0.524449
chr1	7515827	7940925	-0.116000	-0.039048	-0.025852	-0.085353
chr1	7942248	8151131	0.080717	0.061268	0.032750	0.067826
chr1	8165490	8966070	-0.120729	-0.049410	-0.025462	-0.088777
chr1	8968899	10992694	-0.049147	-0.027124	-0.013459	-0.045643
chr1	11059979	14048720	0.278155	0.050220	0.034664	0.206864
chr1	14057900	14794094	0.153631	0.079099	0.042427	0.090016
chr1	14795037	16168487	0.027982	0.007003	0.004474	0.021714
chr1	16171049	17430953	-0.152778	-0.042155	-0.026377	-0.095930
chr1	17431129	20980155	0.086788	0.029258	0.014225	0.080530
chr1	20990778	22806360	0.002353	0.000568	0.000359	0.001808
chr1	22814358	24763237	0.062353	0.026797	0.014259	0.050237
chr1	24772872	25403882	0.098886	0.047667	0.021132	0.072970
chr1	25424667	27005285	-0.230848	-0.079456	-0.051894	-0.173540
chr1	27014459	28719457	-0.081492	-0.018378	-0.011008	-0.033302
chr1	28719458	30701826	-0.184136	-0.052444	-0.028989	-0.120163
chr1	30702113	32295324	-0.170264	-0.073537	-0.039463	-0.130755
chr1	32300300	33439057	-0.074214	-0.033795	-0.015696	-0.051258
chr1	33439067	34475943	-0.139394	-0.060788	-0.030522	-0.109361
chr1	34498909	36612680	0.088710	0.024994	0.014810	0.071575
chr1	36631164	37328878	0.157500	0.065865	0.039013	0.123047
chr1	37331087	38467727	-0.122677	-0.035772	-0.022348	-0.096964
chr1	38516014	39704747	0.437426	0.121069	0.085708	0.322212
chr1	39708890	41500215	-0.036866	-0.009946	-0.006226	-0.029851
chr1	41514048	43367954	0.123926	0.031082	0.021086	0.100899
chr1	43373885	44986873	-0.044419	-0.021234	-0.012360	-0.034728
chr1	44991412	48315377	0.008092	0.002234	0.001455	0.006323
chr1	48342069	49905949	0.324561	0.064267	0.044710	0.233684
chr1	49909471	51288518	0.138462	0.037999	0.023006	0.105706
chr1	51306940	52308594	-0.298592	-0.146696	-0.073057	-0.214575
chr1	52325673	53166049	0.038687	0.013161	0.008100	0.028730
chr1	53166369	53703921	-0.039795	-0.017943	-0.009900	-0.036290
chr1	53734043	55015404	0.026374	0.006093	0.003757	0.021661
chr1	55019564	55776732	0.056106	0.026123	0.015182	0.066548
chr1	55787618	56385841	0.247368	0.061599	0.040509	0.176692
chr1	56388313	57101895	0.194384	0.069151	0.040826	0.158451
chr1	57110285	57948234	0.028455	0.008132	0.005041	0.018062
chr1	57961777	59200802	0.035088	0.009347	0.005967	0.028517
chr1	59216979	60007357	-0.095745	-0.036204	-0.021336	-0.083734
chr1	60091444	61043710	-0.009009	-0.002480	-0.001424	0.010020
chr1	61043811	62060467	0.133401	0.054493	0.033059	0.095582
chr1	62061786	62977015	0.217274	0.086980	0.045161	0.129317
chr1	62991360	63994621	-0.175333	-0.045521	-0.028940	-0.119736
chr1	64086303	65856111	-0.010929	-0.004692	-0.003046	-0.007837
chr1	65856127	66549955	-0.156171	-0.073243	-0.039667	-0.113139
chr1	66563110	67591808	-0.234437	-0.090816	-0.046230	-0.159316
chr1	67602575	68649967	-0.206320	-0.070915	-0.045475	-0.182867
chr1	68739765	70024268	-0.155702	-0.053397	-0.030318	-0.114332
chr1	70093607	71756964	0.121053	0.034448	0.023033	0.080321
chr1	71764428	72694625	0.196660	0.098269	0.059836	0.165625
chr1	72694626	73549648	0.375780	0.179952	0.090754	0.240223
chr1	73550942	74792996	-0.144828	-0.045045	-0.025116	-0.126066
chr1	74820687	76890698	0.122490	0.027621	0.018585	0.101836
chr1	76988347	78123929	0.174269	0.061233	0.034099	0.143132
chr1	78143059	79278880	-0.079727	-0.038054	-0.019780	-0.061864
chr1	79278945	80545619	-0.478302	-0.259202	-0.125123	-0.428571
chr1	80560369	81382607	-0.053591	-0.027137	-0.013846	-0.042688
chr1	81382620	82862191	0.001072	0.000374	0.000236	-0.013010
chr1	82878795	84357821	-0.074745	-0.024728	-0.015266	-0.056507
chr1	84400623	85550687	0.139477	0.049558	0.030240	0.107900
chr1	85552390	86559517	-0.075862	-0.018532	-0.013245	-0.043328
chr1	86589080	87790515	-0.253213	-0.070011	-0.043745	-0.182239
chr1	87798636	89025886	0.154613	0.035174	0.025025	0.124498
chr1	89026065	89515912	-0.145455	-0.049751	-0.024510	-0.080321
chr1	89526078	90000192	-0.252312	-0.099913	-0.048119	-0.192571
chr1	90007560	90395911	0.121032	0.042166	0.018151	0.068462
chr1	90399306	91068906	0.463659	0.104402	0.068165	0.414097
chr1	91080674	91662479	-0.100709	-0.042900	-0.017512	-0.074502
chr1	91681849	92974952	-0.545455	-0.132066	-0.067037	-0.310169
chr1	93059624	95209784	0.224719	0.049158	0.034698	0.137417
chr1	95295068	97104479	0.023153	0.006288	0.003848	0.019284
chr1	97204046	98456301	-0.090493	-0.031761	-0.017713	-0.063251
chr1	98505394	100433330	-0.281360	-0.101566	-0.058910	-0.204429
chr1	100471371	101231231	0.455157	0.148103	0.098052	0.361854
chr1	101233973	102777329	0.287458	0.064661	0.044044	0.222700
chr1	102898500	106008198	-0.087518	-0.023782	-0.014770	-0.059863
chr1	106014950	107762328	-0.071685	-0.021157	-0.013252	-0.052539
chr1	107781204	111974943	0.271084	0.084186	0.046134	0.232358
chr1	112075432	113764364	-0.042138	-0.013192	-0.008724	-0.042097
chr1	113767581	114658076	0.282454	0.057107	0.044569	0.186155
chr1	114687145	116176372	-0.160888	-0.033105	-0.020848	-0.101027
chr1	116178752	117605448	0.273713	0.070013	0.046290	0.146379
chr1	117633063	118575800	-0.028476	-0.009092	-0.004475	-0.019080
chr1	118576327	119878649	-0.410740	-0.130555	-0.071076	-0.239203
chr1	119931132	121322837	0.242353	0.074927	0.045511	0.170813
chr1	121347016	122776122	-0.037516	-0.008730	-0.005741	-0.024187
chr1	122776125	123201033	0.097852	0.038777	0.025620	0.071804
chr1	123201063	124613792	0.202469	0.071835	0.045776	0.117143
chr1	124615163	126429269	0.082143	0.021783	0.014042	0.050773
chr1	126429430	128828328	0.192755	0.067512	0.039971	0.124063
chr1	128856081	129668206	0.100671	0.032223	0.018874	0.053191
chr1	129722489	131107412	-0.412911	-0.217168	-0.104899	-0.309025
chr1	131189011	132060236	0.231557	0.110839	0.070020	0.183740
chr1	132061486	132817610	0.043357	0.015675	0.007235	0.029722
chr1	132817653	133283377	0.044665	0.031570	0.013837	0.027223
chr1	133283602	134090758	0.011438	0.007733	0.002959	0.006289
chr1	134118280	134878752	0.106918	0.059803	0.029873	0.074758
chr1	134899230	135917912	0.132075	0.056631	0.029033	0.090573
chr1	135922648	136795563	-0.045194	-0.018891	-0.010975	-0.036496
chr1	136811028	140518879	-0.223037	-0.083825	-0.053933	-0.192802
chr1	140518880	141739373	0.285567	0.080469	0.050465	0.259606
chr1	141745097	143382717	0.108720	0.036405	0.021991	0.096651
chr1	143382828	144262991	-0.001307	-0.000431	-0.000277	-0.000985
chr1	144267499	145544299	0.031792	0.007734	0.005321	0.019305
chr1	145544300	146026738	0.160468	0.094140	0.052773	0.121872
chr1	146026770	146782942	-0.218092	-0.082166	-0.043091	-0.166822
chr1	146795410	147919485	-0.019093	-0.007322	-0.003815	-0.041841
chr1	147923319	149317960	0.024422	0.005280	0.003497	0.022140
chr1	149319396	150209306	-0.161804	-0.085037	-0.035823	-0.125704
chr1	150217842	151364525	-0.082251	-0.029094	-0.016695	-0.067556
chr1	151388533	152093081	-0.132708	-0.062101	-0.031474	-0.129032
chr1	152093346	154014468	0.297521	0.073582	0.044077	0.199255
chr1	154060985	156526033	0.018680	0.007289	0.003895	0.007569
chr1	156527280	157448736	-0.016529	-0.007102	-0.003747	-0.020619
chr1	157448777	158576222	-0.010495	-0.004658	-0.002327	-0.005364
chr1	158589345	159655958	0.002347	0.000963	0.000557	0.001631
chr1	159680843	166405464	0.415584	0.122091	0.080389	0.315589
chr1	166421811	169282831	0.058677	0.017128	0.011090	0.042842
chr1	169289357	170758440	0.037791	0.014517	0.008354	0.032389
chr1	170764729	171753613	0.100127	0.037308	0.022578	0.097276
chr1	171753690	176233488	-0.026063	-0.008457	-0.005482	-0.017447
chr1	176235242	180736799	0.100503	0.036128	0.020139	0.074349
chr1	180742593	181724312	0.307692	0.088922	0.061358	0.219780
chr1	181751156	182898465	0.226306	0.092637	0.052977	0.194676
chr1	182918633	183791953	0.368737	0.144229	0.077716	0.313589
chr1	183792292	184749860	0.062082	0.027261	0.016921	0.052042
chr1	184783129	185799549	-0.121495	-0.037882	-0.023679	-0.101289
chr1	185814782	186806929	0.001047	0.000365	0.000232	-0.036015
chr1	186823448	187688506	-0.168085	-0.092850	-0.046421	-0.134438
chr1	187731387	189466433	0.092805	0.038814	0.021837	0.075105
chr1	189467161	191029145	0.231579	0.073059	0.050563	0.176695
chr1	191032430	192549699	0.157025	0.046239	0.030747	0.111501
chr1	192554046	193997024	0.122538	0.037475	0.023840	0.098246
chr1	194148767	194970298	-0.222513	-0.066329	-0.044110	-0.157699
chr1	194972207	196546812	0.232717	0.076301	0.052458	0.196062
chr1	196546930	197841220	0.113456	0.033524	0.021366	0.083333
chr1	197858320	199518251	-0.065966	-0.027237	-0.015786	-0.053364
chr1	199672036	201613006	0.237237	0.076873	0.044553	0.153996
chr1	201653807	202869489	0.159389	0.057289	0.035572	0.126957
chr1	202915308	204169922	-0.150754	-0.060010	-0.031139	-0.086567
chr1	204233662	204733709	-0.219753	-0.126901	-0.060737	-0.154246
chr1	204763458	206112799	0.178082	0.037999	0.026737	0.112825
chr1	206116888	207164608	-0.215116	-0.064255	-0.037926	-0.134545
chr1	207164661	208030298	-0.049630	-0.025067	-0.013613	-0.029940
chr1	208062731	208880792	-0.078306	-0.027107	-0.015854	-0.031383
chr1	208912987	209612449	0.417840	0.155787	0.097789	0.328413
chr1	209660522	210167608	0.328808	0.134223	0.081333	0.186949
chr1	210167693	210781220	-0.101173	-0.037449	-0.020604	-0.059432
chr1	210783484	212901157	0.356436	0.107289	0.073922	0.288000
chr1	212918512	214438113	0.017817	0.009409	0.005661	-0.026490
chr2	175847	947573	0.177241	0.097112	0.052959	0.160920
chr2	948546	2251907	0.156688	0.065565	0.037599	0.105796
chr2	2251911	3050493	0.063169	0.036695	0.018320	0.066030
chr2	3050519	4627226	0.139923	0.052345	0.029719	0.096889
chr2	4632831	5258836	-0.204473	-0.099405	-0.051780	-0.124744
chr2	5339648	6200814	-0.003831	-0.001651	-0.000945	-0.002725
chr2	6227576	7146310	0.095732	0.028608	0.017070	0.078972
chr2	7151525	7993123	-0.037147	-0.015048	-0.007651	-0.024438
chr2	8019301	8989349	-0.270237	-0.098771	-0.050995	-0.200369
chr2	9019350	11077006	-0.148459	-0.034029	-0.019284	-0.095698
chr2	11190467	13027967	0.126214	0.036596	0.020226	0.109399
chr2	13028083	15577499	-0.061372	-0.011600	-0.007291	-0.048068
chr2	15580277	16871430	-0.175862	-0.076962	-0.037130	-0.126134
chr2	16871443	17750271	-0.188285	-0.101823	-0.054123	-0.152318
chr2	17777101	19571608	0.101887	0.036059	0.020948	0.083265
chr2	19612109	20986799	0.091038	0.030637	0.017036	0.071563
chr2	20994036	23081124	-0.322892	-0.096978	-0.050275	-0.247507
chr2	23083131	24437846	0.073375	0.024755	0.014829	0.056027
chr2	24565493	25731002	-0.140645	-0.041497	-0.025706	-0.093402
chr2	25740371	27006463	0.037374	0.013542	0.008763	0.040065
chr2	27019436	27634513	0.533409	0.181538	0.110490	0.485067
chr2	27644020	29840895	-0.017949	-0.006132	-0.003337	0.003788
chr2	29845533	31822170	0.002265	0.000956	0.000547	-0.013356
chr2	31827509	33162985	0.021004	0.007507	0.003817	0.010700
chr2	33185584	34252388	0.500511	0.203291	0.109172	0.352011
chr2	34307815	35005716	0.295228	0.136714	0.085284	0.227740
chr2	35043344	36018387	0.128065	0.037959	0.023109	0.091977
chr2	36043607	36838227	0.155928	0.056397	0.031498	0.113829
chr2	36842954	37340289	0.383886	0.250257	0.125403	0.267423
chr2	37421570	37775157	0.221698	0.118165	0.068009	0.158249
chr2	37775158	38770673	0.137405	0.058033	0.030042	0.120000
chr2	38772986	39485613	0.436700	0.168620	0.112743	0.340113
chr2	39492357	41168714	-0.205656	-0.070661	-0.040517	-0.140152
chr2	41168773	41984562	0.102506	0.032867	0.020252	0.082569
chr2	41984585	42680150	0.140000	0.062864	0.037504	0.121387
chr2	42831064	44221466	0.107527	0.027863	0.017833	0.085616
chr2	44221509	45326577	0.355513	0.185301	0.109903	0.304065
chr2	45352700	46328216	0.165173	0.056250	0.035990	0.119598
chr2	46329148	47704498	-0.072096	-0.029223	-0.014107	-0.035593
chr2	47705845	48309978	-0.235110	-0.121589	-0.061560	-0.134168
chr2	48310528	49153367	0.106610	0.048812	0.029126	0.087108
chr2	49153449	49792172	0.282903	0.159685	0.082993	0.194915
chr2	49870480	51123585	-0.016878	-0.004171	-0.003013	-0.012422
chr2	51128001	52090996	0.141956	0.058662	0.035582	0.099296
chr2	52092535	52724385	-0.361746	-0.183351	-0.099362	-0.328302
chr2	52731397	53356483	-0.103774	-0.040105	-0.022541	-0.057391
chr2	53360056	54670064	-0.083246	-0.033915	-0.018054	-0.064280
chr2	54670693	56301732	-0.087637	-0.023672	-0.013770	-0.041588
chr2	56331034	56939970	0.131169	0.046056	0.029219	0.085088
chr2	56942473	57706664	0.128306	0.048929	0.029746	0.107819
chr2	57715071	59638505	0.140473	0.031701	0.020748	0.104533
chr2	59643726	63057105	0.229947	0.056937	0.037167	0.196347
chr2	63057113	65198089	0.273118	0.070399	0.039270	0.213033
chr2	65221518	66443801	-0.146993	-0.048070	-0.027656	-0.084906
chr2	66444898	67041465	-0.232713	-0.105975	-0.056361	-0.148317
chr2	67041495	67864115	-0.360814	-0.204078	-0.098885	-0.324976
chr2	67882393	69028093	0.191218	0.037139	0.027121	0.158221
chr2	69032861	70248835	0.045872	0.012983	0.008786	0.038627
chr2	70257843	71285237	0.068238	0.024671	0.013022	0.057385
chr2	71286438	72052496	-0.431181	-0.218676	-0.100193	-0.301146
chr2	72063843	73601276	0.200458	0.046024	0.030661	0.155996
chr2	73633568	74457729	0.498978	0.151467	0.093909	0.414802
chr2	74473385	75425919	0.429094	0.149952	0.100078	0.361635
chr2	75426589	76916124	-0.170685	-0.056616	-0.030523	-0.167640
chr2	76939990	80350325	-0.175282	-0.047395	-0.028185	-0.152000
chr2	80356738	84030001	-0.125813	-0.044224	-0.026286	-0.113208
chr2	84030003	85980205	0.029449	0.012160	0.006833	0.007924
chr2	85983578	87053960	0.043578	0.017405	0.009185	0.032590
chr2	87055086	89481869	0.275681	0.067959	0.047795	0.228101
chr2	89482967	91699348	-0.074184	-0.022099	-0.013258	-0.051125
chr2	91739507	93315638	0.186785	0.062762	0.037518	0.142580
chr2	93337010	95015055	-0.204167	-0.112925	-0.049805	-0.172956
chr2	95020163	96491768	0.049661	0.020070	0.010787	0.031776
chr2	96625769	98462979	-0.246338	-0.073705	-0.046158	-0.174693
chr2	98469614	99926684	-0.097187	-0.026518	-0.016782	-0.074004
chr2	99948001	101175074	0.127479	0.035278	0.020517	0.078471
chr2	101183500	102266560	-0.290155	-0.079096	-0.050940	-0.202899
chr2	102491120	107698215	0.263736	0.058920	0.037024	0.206501
chr2	107750212	108766977	-0.404482	-0.190756	-0.098900	-0.294942
chr2	108767595	109904771	0.264781	0.088260	0.057043	0.216842
chr2	110005440	111353655	0.168446	0.060238	0.035198	0.123980
chr2	111353722	112507865	0.252969	0.097423	0.057449	0.188997
chr2	112568645	113497418	0.113761	0.042828	0.025067	0.058052
chr2	113505569	114153447	0.154054	0.058572	0.039907	0.116090
chr2	114156434	114658297	-0.000000	-0.000000	-0.000000	-0.011364
chr2	114734060	115468615	0.240152	0.059307	0.039331	0.195046
chr2	115469799	116073642	0.179604	0.084730	0.044844	0.126374
chr2	116080238	117678087	-0.309042	-0.145643	-0.062990	-0.191632
chr2	117683982	118568286	0.250859	0.093377	0.057011	0.192952
chr2	118613751	119626019	0.136628	0.034772	0.022137	0.077430
chr2	119649561	121741113	-0.072747	-0.039014	-0.018705	-0.054694
chr2	121761696	123849143	0.070647	0.020970	0.012033	0.091503
chr2	123850073	124925789	0.174224	0.049291	0.033538	0.117988
chr2	124925875	126259346	0.173589	0.077380	0.038668	0.149606
chr2	126272662	128099739	0.032475	0.009706	0.005755	0.024978
chr2	128137893	129137174	-0.138678	-0.057857	-0.031825	-0.131261
chr2	129147519	130162110	-0.158031	-0.066401	-0.031815	-0.108108
chr2	130181415	131772645	0.049475	0.012028	0.008468	0.034773
chr2	131785724	133477388	-0.069853	-0.022093	-0.014330	-0.056047
chr2	133486785	135157240	-0.147974	-0.064983	-0.037260	-0.127126
chr2	135157313	137215903	0.171990	0.077441	0.034048	0.139456
chr2	137261213	138180732	-0.056522	-0.018783	-0.010785	-0.043393
chr2	138180954	138564305	-0.196950	-0.112591	-0.059524	-0.122747
chr2	138568421	139462269	0.040712	0.012639	0.008443	0.036329
chr2	139471974	140935034	-0.115869	-0.028777	-0.014735	-0.090909
chr2	140965620	142621652	-0.236200	-0.063007	-0.034558	-0.166352
chr2	142622118	143913780	0.151844	0.085453	0.044416	0.120690
chr2	143938712	145377207	0.125908	0.048178	0.026797	0.071207
chr2	145377797	148821106	-0.101580	-0.042500	-0.023128	-0.084428
chr2	148859687	149554131	0.125203	0.042339	0.019605	0.070448
chr2	149623188	150772412	0.355499	0.104146	0.070108	0.295711
chr2	150800701	151457617	0.095085	0.048269	0.026413	0.078778
chr2	151461254	152055045	-0.288462	-0.162623	-0.062002	-0.197740
chr2	152061752	152671404	0.194059	0.080581	0.047274	0.180147
chr2	152679631	153519007	0.314906	0.104373	0.056651	0.273059
chr2	153551600	154369797	-0.327664	-0.126385	-0.071736	-0.285291
chr2	154370905	155281813	0.293769	0.108539	0.078669	0.265891
chr2	155481820	156259150	-0.046448	-0.020178	-0.010968	-0.020110
chr2	156259232	157279205	0.028417	0.010644	0.005505	0.022395
chr2	157296198	159542293	0.034014	0.018287	0.008648	0.045378
chr2	159543750	160724172	0.198198	0.071495	0.040842	0.140511
chr2	160730814	162448878	-0.173445	-0.085740	-0.044604	-0.126095
chr2	162448886	163515479	-0.031953	-0.016174	-0.008634	-0.047887
chr3	417712	3723444	0.198770	0.022581	0.016983	0.159370
chr3	3743852	5802061	-0.026871	-0.005226	-0.003891	-0.022951
chr3	5802062	7077278	0.012165	0.003831	0.002386	-0.010819
chr3	7155065	8397931	-0.079274	-0.028451	-0.016705	-0.053263
chr3	8410646	11207712	0.012516	0.003071	0.001961	0.003656
chr3	11227929	12578562	0.109489	0.023601	0.016278	0.065693
chr3	12585688	13469872	0.076723	0.036975	0.017652	0.055089
chr3	13477311	14442570	0.264317	0.098847	0.063762	0.221402
chr3	14443320	15781105	-0.250814	-0.073841	-0.041106	-0.198283
chr3	15803083	17413835	0.114731	0.028545	0.020362	0.070159
chr3	17436423	18387813	0.286119	0.084584	0.056265	0.195876
chr3	18389305	21496502	0.052854	0.005720	0.004495	0.047801
chr3	21615509	23062096	0.134364	0.040972	0.023210	0.087988
chr3	23121945	24167876	0.142857	0.056375	0.028120	0.119705
chr3	24168637	24699062	-0.102956	-0.043654	-0.020697	-0.091478
chr3	24741258	25461609	-0.229314	-0.089442	-0.054494	-0.159930
chr3	25482620	26338226	0.018277	0.008994	0.004107	0.014737
chr3	26340043	27777225	-0.007910	-0.003106	-0.001703	-0.020408
chr3	27810426	29190497	-0.014071	-0.004807	-0.003059	-0.027254
chr3	29268888	30235463	0.051813	0.018007	0.009920	0.033050
chr3	30292122	30923664	-0.086189	-0.037214	-0.020519	-0.067535
chr3	30924519	32391262	-0.029967	-0.007908	-0.005055	-0.013193
chr3	32423788	33844731	-0.116625	-0.032881	-0.021382	-0.074250
chr3	33844797	34546543	-0.306870	-0.103885	-0.060210	-0.184336
chr3	34558620	35935001	-0.007928	-0.002015	-0.001390	-0.006724
chr3	35941994	36248545	0.090909	0.092020	0.053010	0.049705
chr3	36248691	39462522	0.166468	0.033746	0.023134	0.144621
chr3	39462573	41030202	-0.176301	-0.057856	-0.031870	-0.112339
chr3	41176139	43103294	0.180160	0.088689	0.044681	0.132107
chr3	43132604	43684071	0.255102	0.112933	0.063951	0.175919
chr3	43685072	44300045	0.197279	0.092455	0.058731	0.132018
chr3	44300526	45081254	-0.025899	-0.009841	-0.005668	-0.017164
chr3	45091087	45701911	0.164219	0.064062	0.039230	0.123849
chr3	45706353	46427119	-0.179070	-0.076700	-0.040325	-0.113300
chr3	46447038	47613814	-0.409602	-0.136549	-0.077608	-0.311577
chr3	47617871	48477095	0.154278	0.047736	0.030887	0.111789
chr3	48477106	49414481	-0.040480	-0.018438	-0.009741	-0.029744
chr3	49414501	50712701	0.190635	0.075077	0.046871	0.156737
chr3	50748436	51811632	0.444939	0.171551	0.097887	0.382409
chr3	51811788	52109257	-0.037485	-0.033794	-0.009738	-0.028396
chr3	52123552	53051834	-0.246338	-0.126597	-0.055611	-0.181420
chr3	53066208	54019701	-0.074648	-0.028497	-0.017749	-0.053589
chr3	54020463	54690509	0.336283	0.135031	0.088716	0.283582
chr3	54695401	55424025	0.326413	0.126424	0.078076	0.256698
chr3	55469752	56473285	0.455314	0.181279	0.123203	0.364798
chr3	56475166	57111686	0.097968	0.035895	0.024421	0.059603
chr3	57117185	57607974	0.248677	0.080000	0.048844	0.180633
chr3	57612133	57807065	0.021569	0.014712	0.007279	0.019264
chr3	57810915	58478699	-0.242591	-0.107980	-0.067667	-0.201826
chr3	58539893	60603484	0.131757	0.024696	0.016493	0.111429
chr3	60616860	62505490	0.016393	0.003262	0.002183	0.022077
chr3	62507852	63320626	0.068366	0.029446	0.013502	0.053881
chr3	63326649	63989906	0.147430	0.056151	0.035456	0.118936
chr3	63990294	65133565	-0.086124	-0.021538	-0.014841	-0.067669
chr3	65139773	66832605	-0.056911	-0.019324	-0.011501	-0.057823
chr3	66834010	67311038	-0.110998	-0.054774	-0.032547	-0.095197
chr3	67388829	68840256	0.148936	0.040286	0.025792	0.105882
chr3	68843044	69607854	0.099415	0.039484	0.022563	0.087780
chr3	69624883	71493535	0.101124	0.029526	0.017756	0.092896
chr3	71493536	73874220	-0.148472	-0.040209	-0.026883	-0.112628
chr3	73937063	75008688	-0.052036	-0.028072	-0.012866	-0.034942
chr3	75023288	76075770	0.040576	0.013910	0.008388	0.030846
chr3	76087183	76565544	0.085795	0.041819	0.017824	0.062951
chr3	76565573	77380623	-0.049801	-0.022880	-0.012124	-0.042589
chr3	77478148	80171401	0.223156	0.077346	0.049143	0.177431
chr3	80185405	81133349	-0.321569	-0.110699	-0.064213	-0.269737
chr3	81148879	84171288	0.011436	0.003045	0.001667	0.007048
chr3	84171478	84906020	0.127226	0.052274	0.026752	0.087719
chr3	84909825	86701727	0.121447	0.022593	0.015288	0.083481
chr3	86709663	88068999	0.075391	0.022815	0.012431	0.062924
chr3	88080424	89729431	0.282365	0.093235	0.068076	0.242067
chr3	89729925	92041347	0.321101	0.071447	0.043625	0.281369
chr3	92041357	93247776	-0.089035	-0.042790	-0.023433	-0.078838
chr3	93248364	96906046	0.228571	0.097504	0.061477	0.198600
chr3	96972552	98114788	0.051666	0.027299	0.013675	0.049020
chr3	98115110	98858380	-0.009213	-0.002911	-0.001605	-0.004916
chr3	98889244	100471661	-0.314427	-0.092169	-0.057312	-0.213747
chr3	100607726	104274864	0.089267	0.022452	0.015078	0.070588
chr3	104283122	106588166	-0.155190	-0.037013	-0.024672	-0.099764
chr3	106596938	107638667	0.313725	0.109065	0.067601	0.259829
chr3	107638855	108645515	0.035528	0.011445	0.007424	0.030035
chr3	108647994	109929992	0.118088	0.031321	0.022198	0.089063
chr3	110165629	111953558	0.023573	0.010696	0.005938	0.030822
chr3	111970982	113423058	0.007712	0.004411	0.002078	0.016575
chr3	113451289	114352568	0.278049	0.097647	0.060724	0.221102
chr3	114372288	115230703	0.165049	0.064639	0.033807	0.109880
chr3	115236751	116608153	0.272165	0.085872	0.060746	0.224490
chr3	116609739	117169047	0.100363	0.033059	0.021129	0.088929
chr3	117225454	117660811	-0.193906	-0.093771	-0.053165	-0.128676
chr3	117662389	118749476	0.035354	0.016034	0.008853	0.027132
chr3	118751567	119855417	0.133742	0.041776	0.028253	0.094139
chr3	119857782	121382239	-0.001115	-0.000487	-0.000250	-0.000944
chr3	121386901	122196200	0.130307	0.053304	0.032344	0.074253
chr3	122196202	122855917	0.342956	0.177067	0.110959	0.229344
chr3	122859799	123706399	0.284324	0.121684	0.069700	0.204718
chr3	123706442	124299322	0.017182	0.008869	0.004935	0.014298
chr4	311109	2243222	0.220141	0.093750	0.059064	0.155116
chr4	2243358	5346535	-0.225806	-0.079191	-0.041370	-0.145053
chr4	5358150	7243657	0.143223	0.034139	0.022244	0.105546
chr4	7282532	8391881	0.048366	0.018186	0.010817	0.041021
chr4	8422096	10623537	0.126042	0.041936	0.026999	0.101938
chr4	10639027	12391140	0.134725	0.057603	0.028778	0.116709
chr4	12408100	13181930	0.152815	0.069329	0.037644	0.097902
chr4	13183038	14001211	0.126327	0.075604	0.036408	0.104096
chr4	14019218	15598119	0.060606	0.014631	0.010355	0.052209
chr4	15606844	16661888	0.038411	0.019333	0.010464	0.027540
chr4	16661897	17992664	-0.022573	-0.007128	-0.004682	-0.018519
chr4	18113198	19605268	0.272217	0.087331	0.058909	0.239506
chr4	19616063	21142988	0.221384	0.081337	0.048684	0.180832
chr4	21145528	21582176	-0.023114	-0.014302	-0.006505	-0.015638
chr4	21588179	22415875	-0.099320	-0.044377	-0.023714	-0.041845
chr4	22415975	24050707	-0.297486	-0.095444	-0.048350	-0.190689
chr4	24053440	25045358	-0.026854	-0.010868	-0.005258	-0.018405
chr4	25052358	26589529	-0.032953	-0.009172	-0.005421	-0.025794
chr4	26613122	28074907	-0.127349	-0.045494	-0.026472	-0.104274
chr4	28099094	29497311	0.370457	0.132347	0.083502	0.315369
chr4	29497775	30354781	0.101176	0.035406	0.020392	0.078040
chr4	30355348	32380040	-0.118644	-0.032931	-0.019898	-0.082954
chr4	32380121	33166320	-0.267857	-0.175416	-0.071550	-0.187661
chr4	33210039	34123805	0.409600	0.110743	0.073227	0.230627
chr4	34128455	35481813	0.067385	0.026983	0.015012	0.044190
chr4	35774864	38665783	0.070381	0.025373	0.015391	0.056338
chr4	38689369	40800446	-0.403027	-0.217421	-0.117130	-0.346906
chr4	40800593	41696532	0.052486	0.019899	0.010506	0.031873
chr4	41714847	42884870	0.197949	0.049010	0.034458	0.165098
chr4	42885239	43878006	0.035941	0.010696	0.007459	0.007924
chr4	43894680	47031928	0.116588	0.035604	0.021904	0.120591
chr4	47038868	47737503	-0.247788	-0.099985	-0.049155	-0.202290
chr4	47741519	49025693	-0.145578	-0.043703	-0.023256	-0.097539
chr4	49025694	49749566	0.195301	0.087895	0.042146	0.136691
chr4	49887999	52563800	0.088855	0.013873	0.009178	0.062967
chr4	52563974	53925786	0.033693	0.015048	0.008266	0.026738
chr4	53937760	56210249	0.273185	0.070393	0.045479	0.215852
chr4	56221143	58001081	0.088202	0.021735	0.012060	0.062047
chr4	58005674	60112106	-0.192308	-0.078169	-0.040777	-0.145228
chr4	60145422	60716207	0.341646	0.141565	0.084564	0.252525
chr4	60765948	63635640	-0.042169	-0.013410	-0.006924	-0.028455
chr4	63641076	65535848	-0.069645	-0.031349	-0.018213	-0.054359
chr4	65583411	67234517	0.161062	0.048863	0.028990	0.126677
chr4	67236397	68995161	0.060870	0.024975	0.014402	0.032889
chr4	69000164	70122812	0.144737	0.054654	0.034017	0.104762
chr4	70125765	70687888	0.300366	0.173239	0.084529	0.245997
chr4	70689989	71338168	0.197558	0.099701	0.057290	0.167736
chr4	71360816	73273752	-0.332647	-0.147421	-0.073998	-0.263673
chr4	73302747	75062774	0.056989	0.021536	0.013076	0.045416
chr4	75065498	76852484	-0.496335	-0.225178	-0.102398	-0.412892
chr4	76860117	77941215	-0.030628	-0.010132	-0.005497	-0.042105
chr4	77949935	80986859	-0.096350	-0.036115	-0.017984	-0.063218
chr4	80989923	82021637	-0.211348	-0.106277	-0.061384	-0.146641
chr5	976199	2025881	0.023136	0.010791	0.005584	-0.015564
chr5	2031105	2612745	0.216339	0.105199	0.059534	0.154930
chr5	2614454	3160739	0.082609	0.032999	0.017343	0.069409
chr5	3195856	3670377	-0.212121	-0.127778	-0.049784	-0.163557
chr5	3686634	4122576	0.052562	0.025461	0.014156	0.071856
chr5	4159158	4662854	0.086626	0.055152	0.029788	0.062500
chr5	4663180	5431598	0.178694	0.070461	0.042064	0.131535
chr5	5435070	6105137	0.231722	0.084146	0.055600	0.160791
chr5	6109419	6761374	0.193548	0.078360	0.046080	0.139241
chr5	6761659	7850396	-0.184000	-0.082767	-0.041608	-0.123732
chr5	7881718	8524930	0.138889	0.059563	0.032108	0.107914
chr5	8525459	8945905	0.277588	0.137053	0.089476	0.215986
chr5	8988311	9707575	0.004110	0.001089	0.000694	0.002765
chr5	9753720	10957791	-0.116009	-0.031443	-0.019653	-0.089286
chr5	10957835	11826123	-0.197576	-0.083525	-0.045825	-0.130100
chr5	11835861	12226104	0.170036	0.098080	0.050769	0.104778
chr5	12304280	13313358	0.038105	0.012336	0.008700	0.040280
chr5	13315219	13775026	-0.281416	-0.138321	-0.063477	-0.156342
chr5	13775415	14305916	0.232877	0.095873	0.058234	0.171890
chr5	14307089	15154301	0.088790	0.035419	0.020040	0.058120
chr5	15162183	16074713	0.417722	0.115830	0.069081	0.301645
chr5	16080390	16682799	-0.089796	-0.028314	-0.017510	-0.064706
chr5	16689806	18199180	0.003641	0.000858	0.000524	-0.035879
chr5	18218957	21125595	-0.086008	-0.029489	-0.018353	-0.051891
chr5	21126177	22576352	0.015064	0.006615	0.003852	0.030911
chr5	22623770	24118754	-0.027070	-0.006587	-0.003617	-0.015111
chr5	24149059	25532074	0.124368	0.037108	0.020750	0.089676
chr5	25536921	27335424	-0.129298	-0.032490	-0.018019	-0.084532
chr5	27375851	28980831	-0.189614	-0.049600	-0.030810	-0.147430
chr5	29080042	30511025	-0.002618	-0.000552	-0.000302	0.020952
chr5	30541258	33166225	0.273154	0.053939	0.035480	0.239466
chr5	33166240	35932869	0.140508	0.042579	0.026036	0.096708
chr5	36377951	39080162	0.025954	0.005146	0.003071	0.007692
chr5	39091302	40703924	-0.078199	-0.023758	-0.013467	-0.081420
chr5	40707227	42168152	-0.204117	-0.078795	-0.044256	-0.191011
chr5	42171338	43155454	-0.006337	-0.001689	-0.001081	-0.031199
chr5	43155847	44737655	0.151486	0.042420	0.027121	0.104286
chr5	44770500	47881044	0.320513	0.084386	0.055679	0.212465
chr5	47881057	49095625	0.353497	0.113333	0.073061	0.291866
chr5	49095660	50954243	-0.179724	-0.050320	-0.028613	-0.111663
chr5	50956977	52300039	0.345455	0.113612	0.081890	0.272115
chr5	52300170	52931456	0.106946	0.036710	0.022116	0.098454
chr5	52940016	54800700	0.073359	0.011822	0.008256	0.057351
chr5	54820812	57184654	0.068724	0.010390	0.007677	0.041145
chr5	57192562	59005402	0.176056	0.048299	0.031650	0.132570
chr5	59013925	60077290	0.208511	0.071348	0.045957	0.148335
chr5	60168587	61385175	-0.047619	-0.018836	-0.010105	-0.019755
chr5	61433267	62665053	0.213786	0.096122	0.056890	0.154179
chr5	62670594	63585641	0.301915	0.192971	0.090202	0.218783
chr5	63599364	65098764	0.050955	0.021375	0.011590	0.034188
chr5	65125505	66207930	0.284663	0.099900	0.068863	0.188006
chr5	66209242	67283710	-0.006104	-0.002041	-0.001142	-0.027174
chr5	67296900	68138759	0.202825	0.089599	0.053486	0.148726
chr5	68147837	68925811	-0.256845	-0.129691	-0.060000	-0.230134
chr5	68927645	69675684	0.330994	0.151000	0.086566	0.239203
chr5	69678088	70120999	-0.083439	-0.052632	-0.021487	-0.058511
chr6	134243	730764	0.090683	0.031698	0.017510	0.081030
chr6	757500	1795113	0.075741	0.025449	0.015103	0.072776
chr6	1799395	2704372	0.076227	0.032489	0.018880	0.058474
chr6	2749666	4271806	0.358696	0.135663	0.089959	0.264438
chr6	4282160	5133916	0.067371	0.027439	0.014936	0.056806
chr6	5133917	5683656	0.009247	0.003945	0.002011	0.006816
chr6	5693093	6155563	0.055886	0.031487	0.015082	0.049538
chr6	6162656	7760115	0.152615	0.065586	0.037781	0.107228
chr6	7794522	8529830	0.280811	0.114165	0.061757	0.205451
chr6	8559686	9000149	0.277949	0.216569	0.119735	0.213218
chr6	9007206	10161464	0.058824	0.015894	0.009932	0.050209
chr6	10162062	10699150	0.316005	0.124249	0.076099	0.240876
chr6	10705338	11332084	-0.317328	-0.270864	-0.094704	-0.294964
chr6	11374515	11746034	-0.095296	-0.047609	-0.024433	-0.071790
chr6	11746595	12221144	-0.366460	-0.286176	-0.113912	-0.309982
chr6	12221175	12836223	-0.023077	-0.009298	-0.005191	-0.034749
chr6	12870031	13477252	-0.014054	-0.005356	-0.003283	-0.010630
chr6	13521975	14270812	-0.204380	-0.067982	-0.039227	-0.118143
chr6	14272797	15152759	0.150502	0.044328	0.029907	0.126685
chr6	15158683	16199606	-0.091295	-0.032371	-0.018206	-0.081705
chr6	16235709	18791740	0.158915	0.051986	0.035910	0.138983
chr6	18920509	19938984	0.136426	0.051286	0.026147	0.093809
chr6	19952885	20664683	-0.274554	-0.180573	-0.073062	-0.210978
chr6	20667154	22020950	0.354443	0.124873	0.069934	0.311211
chr6	22020968	24389774	-0.002691	-0.000914	-0.000570	0.006424
chr6	24389831	25342653	-0.143421	-0.039759	-0.021999	-0.094002
chr6	25342726	26120561	0.265854	0.077470	0.052772	0.202109
chr6	26290868	27139452	0.541002	0.169845	0.094666	0.414847
chr6	27140067	30006045	-0.146667	-0.028639	-0.017451	-0.117438
chr6	30010198	32963052	-0.164071	-0.036344	-0.024093	-0.143636
chr6	32963057	35740979	-0.096738	-0.020425	-0.013223	-0.078755
chr6	35741411	39221567	0.045113	0.009441	0.006119	0.038462
chr6	39228232	39836565	0.196396	0.100368	0.062752	0.182580
chr6	39842800	40612009	0.137838	0.057595	0.029962	0.113082
chr6	40617003	41236075	0.003012	0.001134	0.000447	-0.006829
chr6	41240494	41677604	0.035897	0.021784	0.009726	0.019084
chr6	41682260	42286716	0.460283	0.192711	0.112301	0.360775
chr6	42287100	42999998	0.025875	0.009285	0.004446	0.012552
chr6	43005837	43653511	0.251244	0.138927	0.087572	0.183521
chr6	43653626	44511420	-0.001346	-0.000451	-0.000248	-0.000907
chr6	44526105	45171774	-0.111111	-0.043053	-0.024329	-0.090610
chr6	45194745	45554390	0.388209	0.210199	0.116579	0.305785
chr6	45558529	45848288	0.334852	0.154290	0.094987	0.287054
chr6	45867333	46734738	-0.162431	-0.062078	-0.039040	-0.128834
chr6	46739052	47305969	-0.211519	-0.105185	-0.056911	-0.182519
chr6	47324948	47890666	0.018648	0.007041	0.003997	0.000796
chr6	47890704	48168722	0.014805	0.006666	0.003884	0.010309
chr6	48173432	48444860	0.083014	0.035872	0.022709	0.062924
chr6	48445011	48988019	0.213235	0.081144	0.050660	0.155080
chr6	49007309	49792145	0.449024	0.136080	0.096737	0.362319
chr6	49810438	50552761	0.051913	0.024622	0.013168	0.081967
chr6	50579190	51283807	0.125466	0.051049	0.029612	0.088285
chr6	51283808	51764227	-0.148485	-0.067969	-0.035413	-0.132321
chr6	51771640	52082332	0.369464	0.176569	0.098959	0.303931
chr7	428340	961370	-0.065693	-0.029815	-0.015753	-0.048825
chr7	962845	1728416	0.100671	0.049369	0.026604	0.078261
chr7	1728725	2313409	-0.041363	-0.022852	-0.010978	-0.033399
chr7	2320230	2958353	0.079082	0.044744	0.021446	0.064990
chr7	2961091	3703966	0.265306	0.103832	0.058225	0.214582
chr7	3704083	4139687	0.173653	0.072050	0.043587	0.104000
chr7	4141845	4643803	-0.025200	-0.014634	-0.008665	-0.053782
chr7	4647545	5540765	-0.021615	-0.009691	-0.004907	-0.012230
chr7	5541056	6053537	-0.063754	-0.031668	-0.016336	-0.031304
chr7	6073742	6436908	0.176904	0.091895	0.053838	0.132841
chr7	6437433	7952797	-0.361345	-0.287225	-0.122901	-0.264438
chr7	8109710	8726362	-0.139241	-0.053106	-0.024365	-0.102041
chr7	8730472	9271915	0.310345	0.115338	0.079499	0.242424
chr7	9311216	10011572	0.158857	0.057225	0.037249	0.140555
chr7	10019971	11307775	-0.049145	-0.014717	-0.008869	-0.036220
chr7	11314848	12865060	-0.012378	-0.003665	-0.002128	-0.012797
chr7	13021309	15079942	0.151951	0.038020	0.022840	0.117089
chr7	15111923	18149128	-0.026504	-0.006667	-0.004625	-0.020000
chr7	18162798	19560274	0.352143	0.103934	0.062042	0.264167
chr7	20003971	21987678	-0.083014	-0.021472	-0.012807	-0.034642
chr7	21987679	24027823	0.177732	0.044505	0.027498	0.143807
chr7	24029171	26360463	0.012632	0.002767	0.001836	0.010989
chr7	26486510	28775753	-0.073842	-0.016996	-0.011773	-0.055818
chr7	28853076	30004072	-0.062024	-0.020232	-0.013220	-0.047859
chr7	30212968	32311880	0.032710	0.006277	0.004255	0.024306
chr7	32671340	34183345	0.472619	0.114884	0.067163	0.320229
chr7	34183346	34707403	-0.293827	-0.136651	-0.071123	-0.202726
chr7	34708002	35249060	-0.353607	-0.169914	-0.077089	-0.226449
chr7	35251361	36172458	0.020000	0.008908	0.004703	0.016627
chr7	36182072	37511092	0.008130	0.001921	0.001225	-0.010020
chr7	37526092	38531640	-0.014608	-0.003649	-0.002313	0.000876
chr7	38531838	40429116	0.336228	0.079976	0.054927	0.264390
chr7	40557014	40972778	0.092325	0.037458	0.023308	0.042340
chr7	40983689	41393751	-0.017104	-0.008400	-0.004441	-0.013286
chr7	41399037	42236508	0.702655	0.241950	0.169140	0.697715
chr7	42275682	43514423	0.028537	0.008549	0.005187	0.020513
chr7	43522071	44118195	-0.064465	-0.029171	-0.015927	-0.055556
chr7	44119437	44713654	-0.044025	-0.012860	-0.006961	-0.032258
chr7	44724965	45508112	0.250965	0.090354	0.052165	0.187680
chr7	45510867	45718061	0.029754	0.013157	0.007793	0.022750
chr7	45721040	46108945	0.275434	0.102929	0.064258	0.174312
chr7	46120829	46649191	0.002439	0.000808	0.000527	0.018450
chr7	46669096	47064808	0.087483	0.056868	0.031290	0.059908
chr8	275391	931193	-0.088863	-0.036994	-0.024144	-0.060926
chr8	946723	1681929	-0.022901	-0.008915	-0.004683	-0.001898
chr8	1683055	2290283	0.207194	0.078717	0.043387	0.157588
chr8	2295430	2599525	-0.459119	-0.338015	-0.127001	-0.315839
chr8	2599714	2892155	-0.116466	-0.057074	-0.029938	-0.071770
chr8	2924259	3330014	-0.246753	-0.108375	-0.061489	-0.196411
chr8	3424740	4187749	-0.026731	-0.009998	-0.006209	-0.004634
chr8	4234236	4550129	-0.140292	-0.046097	-0.031336	-0.132680
chr8	4569944	5037521	0.063804	0.033839	0.020249	0.042834
chr8	5048612	5333587	0.025281	0.009485	0.005750	0.029126
chr8	5333823	5813410	0.066256	0.025299	0.015315	0.040664
chr8	5814383	6154416	0.119855	0.059436	0.030192	0.080553
chr8	6162231	6495183	-0.106646	-0.042689	-0.024350	-0.061995
chr8	6502974	6695876	-0.327044	-0.188406	-0.090975	-0.212000
chr8	6696151	7152363	-0.155313	-0.069343	-0.036352	-0.100196
chr8	7155266	7435003	0.047749	0.024049	0.013904	0.031847
chr8	7435038	8047733	-0.253521	-0.103358	-0.060025	-0.182796
chr8	8063830	8316537	0.000000	0.000000	0.000000	0.013699
chr8	8332768	8614911	0.062500	0.035809	0.016912	0.050000
chr8	8614976	9447938	-0.018919	-0.008125	-0.004249	-0.018315
chr8	9449670	10062586	-0.026178	-0.013024	-0.007086	-0.018116
chr8	10065010	12647866	-0.291845	-0.057449	-0.038290	-0.216561
chr8	12697865	13790925	0.106931	0.037130	0.021103	0.089404
chr8	13803134	15959647	0.219277	0.048349	0.035923	0.157712
chr8	15978043	17067952	0.057377	0.013942	0.008847	0.046429
chr8	17068568	18963740	0.004167	0.001095	0.000651	0.003356
chr8	19024343	22402988	-0.217812	-0.040417	-0.028193	-0.183374
chr8	22402990	24954774	0.192473	0.034914	0.026047	0.161407
chr8	24977403	28404335	-0.225000	-0.043913	-0.029596	-0.159011
chr8	28416410	29939741	0.027851	0.006897	0.004753	0.021277
chr8	29939884	31117584	-0.073643	-0.024434	-0.013648	-0.017662
chr8	31121805	32266575	0.282913	0.082427	0.053340	0.224944
chr8	32267759	32631981	0.026820	0.012188	0.007055	0.022036
chr8	32681015	33927670	-0.017217	-0.004451	-0.002788	-0.016544
chr8	33927695	34368696	0.043050	0.018614	0.011195	0.009362
chr8	34378413	34936940	0.005102	0.002357	0.001393	0.014815
chr8	34938149	35297781	-0.233251	-0.115811	-0.062265	-0.161179
chr8	35297866	35825291	-0.157658	-0.078086	-0.036963	-0.097493
chr8	35860392	36471349	-0.072917	-0.029557	-0.016896	-0.057143
chr8	36472881	37167720	0.007160	0.002598	0.001331	0.004992
chr8	37190689	37781915	-0.004243	-0.001692	-0.000723	0.008149
chr8	37793178	38518065	-0.057315	-0.020354	-0.011219	-0.035448
chr8	38518244	39092145	0.156863	0.078915	0.040067	0.115108
chr8	39098456	39851660	0.136891	0.055442	0.032558	0.095935
chr8	39855680	40294805	-0.170642	-0.069102	-0.032633	-0.095182
chr8	40294875	40538043	0.269677	0.152111	0.088000	0.188458
chr8	40539122	41192678	0.335456	0.153721	0.098688	0.271478
chr8	41195071	41422017	0.322660	0.206679	0.107849	0.203419
chr8	41424021	42074044	0.307487	0.149577	0.079392	0.219048
chr8	42076144	42686863	-0.135286	-0.077807	-0.035904	-0.065944
chr8	42690987	43232166	0.155989	0.076433	0.041466	0.112450
chr9	510593	1229801	0.146925	0.065190	0.033824	0.106007
chr9	1231540	2542906	0.266476	0.086902	0.049237	0.205945
chr9	2543249	3268193	-0.380556	-0.258816	-0.102137	-0.241623
chr9	3275782	3890491	0.069199	0.037299	0.018755	0.051463
chr9	3901546	4351243	-0.165663	-0.066573	-0.032026	-0.119306
chr9	4362829	5018256	0.163546	0.045812	0.028568	0.126570
chr9	5022014	5853524	0.013366	0.004985	0.003109	0.010271
chr9	6056872	6856618	0.097365	0.047798	0.027711	0.042304
chr9	6860880	8336981	-0.075820	-0.022037	-0.014588	-0.059390
chr9	8350781	10118480	0.232164	0.071402	0.046940	0.180113
chr9	10128335	10614006	-0.274151	-0.178268	-0.068815	-0.197740
chr9	10614427	11038341	0.123926	0.102608	0.052259	0.097396
chr9	11038424	11415722	-0.086081	-0.045587	-0.025984	-0.047460
chr9	11417355	12293668	-0.220023	-0.074263	-0.040912	-0.175120
chr9	12294480	12860934	-0.011136	-0.004985	-0.002448	-0.008157
chr9	12878702	13688186	-0.044473	-0.016301	-0.007219	-0.030251
chr9	13690877	14218144	0.291250	0.104939	0.053728	0.221896
chr9	14227120	15251113	0.316057	0.159025	0.074378	0.243108
chr9	15252726	16602669	0.029262	0.012130	0.006309	0.020814
chr9	16603189	18002808	0.291180	0.054498	0.039441	0.245520
chr9	18002814	19637289	0.033143	0.008487	0.005785	0.025962
chr9	19931611	25200898	0.012138	0.001636	0.001293	0.010244
chr9	25202329	27151242	0.091603	0.025491	0.015785	0.072072
chr9	27152541	28538179	-0.063992	-0.022919	-0.012317	-0.033568
chr9	28542484	29379485	0.020468	0.008988	0.003494	0.012146
chr9	29400631	30866179	-0.184382	-0.061483	-0.034604	-0.145695
chr9	30871241	31614911	0.162483	0.040986	0.025871	0.126674
chr9	31619923	32561132	0.197400	0.053617	0.034850	0.145852
chr9	32561250	33862683	0.147864	0.064032	0.037037	0.115681
chr9	33946731	35152355	0.124022	0.043354	0.027284	0.091358
chr9	35169083	35709184	0.223583	0.090022	0.053062	0.110569
chr9	35733758	36262963	0.123947	0.062862	0.038700	0.097902
chr9	36263093	37382894	0.112323	0.043217	0.024406	0.087315
chr9	37385645	38385368	0.152648	0.061506	0.034826	0.088929
chr9	38385587	38679900	-0.156069	-0.088646	-0.042155	-0.098182
chr9	38680136	39289290	0.247813	0.121515	0.069682	0.172414
chr9	39292666	40047492	0.015152	0.008607	0.004512	-0.000000
chr9	40052740	40683898	-0.112637	-0.037649	-0.023761	-0.068646
chr9	40706944	41528197	-0.010072	-0.003807	-0.002361	-0.007634
chr9	41582621	42460184	0.081683	0.033269	0.019362	0.057143
chr9	42465761	43360485	0.128733	0.047016	0.032342	0.109938
chr10	3479632	7585825	0.295374	0.048625	0.032519	0.218997
chr10	7701129	10837094	-0.337734	-0.078584	-0.055784	-0.286114
chr10	10840169	13632106	0.177936	0.056487	0.034143	0.151976
chr10	13659483	15563621	-0.057239	-0.016360	-0.009683	-0.066231
chr10	15569753	18118703	-0.127660	-0.025023	-0.016189	-0.085409
chr10	18284569	19302259	-0.170283	-0.028298	-0.020052	-0.119835
chr10	19308653	20270997	-0.159030	-0.036703	-0.023980	-0.093207
chr10	20314197	22285317	0.125313	0.029750	0.018032	0.089606
chr10	22292776	24645956	0.198646	0.059213	0.036179	0.145215
chr10	24646969	25324529	0.200000	0.078169	0.039088	0.090062
chr10	25341267	25888910	-0.324284	-0.132825	-0.074112	-0.218274
chr10	25950269	26679399	-0.249677	-0.102824	-0.052713	-0.174977
chr10	26686328	27294315	-0.141414	-0.057287	-0.031147	-0.105105
chr10	27298369	28122406	-0.277389	-0.130031	-0.065946	-0.212880
chr10	28128699	29209680	0.203141	0.108785	0.056543	0.163851
chr10	29244748	30716654	0.215496	0.046670	0.033034	0.150635
chr10	30717159	31067972	-0.055593	-0.025726	-0.015469	-0.009488
chr10	31078309	32016016	-0.301423	-0.088386	-0.051250	-0.232850
chr10	32031287	33242287	0.350897	0.158655	0.107585	0.274802
chr10	33249305	33784033	0.450151	0.170741	0.102206	0.333333
chr10	33785645	34427373	0.184727	0.072265	0.044311	0.128560
chr10	34428137	35590945	-0.486264	-0.262157	-0.113244	-0.327370
chr10	35609060	36342046	0.543828	0.270623	0.156526	0.517707
chr10	36386645	37062346	0.509202	0.252194	0.153656	0.459854
chr10	37093126	37714925	-0.070218	-0.026340	-0.014616	-0.054409
chr10	37717030	38888385	-0.163102	-0.072670	-0.038581	-0.114878
chr10	38907684	39318395	0.052885	0.022717	0.011157	0.031214
chr10	39349821	40049400	0.238938	0.086992	0.058013	0.192857
chr10	40081104	40941990	-0.101078	-0.036958	-0.021748	-0.071090
chr11	912979	3000545	0.256250	0.054755	0.036894	0.205945
chr11	3001299	3641618	0.062857	0.020471	0.011581	0.043137
chr11	3641642	4063769	0.181948	0.061195	0.038977	0.124300
chr11	4065407	4519246	0.219094	0.106749	0.053981	0.147826
chr11	4536592	5103765	0.327835	0.173455	0.097377	0.256039
chr11	5114236	5589492	0.174515	0.082551	0.047553	0.117318
chr11	5589494	5980520	-0.177950	-0.082970	-0.048079	-0.158621
chr11	5983457	6645240	0.082803	0.037043	0.021470	0.062201
chr11	6647229	7466438	0.157014	0.051750	0.030473	0.119141
chr11	7467378	7709538	0.299451	0.179031	0.099121	0.203738
chr11	7717932	8067143	-0.016971	-0.005876	-0.003537	0.004241
chr11	8067391	8473684	-0.181538	-0.088967	-0.042656	-0.095624
chr11	8475104	9005532	0.154610	0.058424	0.033205	0.103122
chr11	9011577	9561903	-0.070111	-0.030330	-0.016702	-0.048183
chr11	9561908	10122271	0.312588	0.096930	0.065128	0.204440
chr11	10145877	10898652	0.265217	0.076473	0.051684	0.231061
chr11	10933002	11231296	0.211538	0.101617	0.059379	0.183673
chr11	11234605	11699041	-0.195513	-0.064721	-0.035084	-0.144016
chr11	11742265	12546177	0.142539	0.037844	0.023151	0.105611
chr11	12633416	13645547	-0.287327	-0.068324	-0.041926	-0.181448
chr11	13684162	14222739	0.431981	0.179001	0.101089	0.286846
chr11	14228138	14764164	-0.012438	-0.004694	-0.002512	-0.009009
chr11	14832152	15438363	0.380178	0.101294	0.058866	0.244529
chr11	15442048	16328941	-0.300512	-0.105888	-0.061674	-0.232287
chr11	16328945	16633096	0.274238	0.198995	0.101887	0.181651
chr11	16647239	17437634	-0.294118	-0.112258	-0.058590	-0.246479
chr11	17441078	18056907	0.259777	0.066866	0.043577	0.184891
chr11	18063652	18840017	0.248082	0.089373	0.046030	0.209776
chr11	18965614	22668914	0.214953	0.025710	0.018697	0.186383
chr11	22681096	25510883	0.290909	0.042095	0.030530	0.187257
chr11	25565514	26961270	-0.145251	-0.046018	-0.024459	-0.113680
chr11	26962835	27983410	-0.144022	-0.050324	-0.027390	-0.097967
chr11	27983411	28445021	-0.474632	-0.227095	-0.100392	-0.292339
chr11	28483322	29106226	0.365729	0.134504	0.083301	0.268293
chr11	29130865	29602201	0.130556	0.066104	0.034888	0.081967
chr11	29641521	30253934	0.177122	0.065899	0.040764	0.127406
chr11	30261473	30768648	0.151915	0.062078	0.033280	0.104707
chr11	30768989	31259978	0.026467	0.010079	0.004904	0.034241
chr11	31267523	31584387	-0.118156	-0.057951	-0.030862	-0.092135
chr11	31591469	32025770	-0.022082	-0.008895	-0.005562	-0.011026
chr11	32066023	33162968	0.103024	0.045847	0.025050	0.080560
chr11	33188684	33775282	-0.184615	-0.066146	-0.037875	-0.112150
chr11	33914073	34306210	0.117260	0.051604	0.028562	0.083568
chr11	34383535	34752198	0.309890	0.146316	0.083219	0.256831
chr11	34754777	35088827	-0.109357	-0.069352	-0.038956	-0.096326
chr11	35093167	35519094	0.302564	0.115000	0.065999	0.209964
chr11	35520815	36178239	-0.005780	-0.002733	-0.001405	-0.003745
chr11	36202655	36564239	-0.202462	-0.090798	-0.051413	-0.127807
chr11	36564240	37092054	0.230958	0.092993	0.058120	0.188755
chr11	37097855	37741157	0.335052	0.137809	0.076772	0.217391
chr12	530274	3163257	-0.134872	-0.026942	-0.020231	-0.094953
chr12	3170934	5183976	-0.303497	-0.085467	-0.048272	-0.224044
chr12	5216626	8422614	0.081755	0.021545	0.014110	0.069966
chr12	8540084	10233408	-0.007307	-0.003227	-0.001818	-0.009962
chr12	10233414	11322219	0.129071	0.053724	0.033069	0.097008
chr12	11322384	14148716	-0.020214	-0.004421	-0.002903	-0.015138
chr12	14162945	15595649	0.270748	0.054426	0.035970	0.185321
chr12	15651354	17203431	-0.314917	-0.139450	-0.052498	-0.224409
chr12	17203461	18277370	-0.009396	-0.003326	-0.001450	-0.006829
chr12	18288624	20154110	-0.148005	-0.033476	-0.018719	-0.117181
chr12	20154940	21324407	-0.156250	-0.045703	-0.027001	-0.109091
chr12	21341000	22551339	0.005057	0.001251	0.000794	-0.017637
chr12	22566328	22973547	0.195652	0.079834	0.046564	0.154639
chr12	22974542	23460110	-0.108355	-0.038044	-0.022122	-0.091109
chr12	23460113	23837476	0.192635	0.062818	0.041241	0.136000
chr12	23850372	24457369	0.106079	0.036726	0.024104	0.088830
chr12	24463502	25122160	-0.084367	-0.033966	-0.019440	-0.063670
chr12	25122821	25767824	-0.073913	-0.031312	-0.017476	-0.061977
chr12	25815475	26405948	0.093968	0.027947	0.016839	0.067782
chr12	26431843	27440365	0.112853	0.054036	0.027640	0.077760
chr12	27443089	28613634	0.066950	0.030842	0.016724	0.053800
chr12	28619495	29404143	0.143596	0.047120	0.028518	0.100271
chr12	29404194	29717506	0.062500	0.032673	0.018722	0.066929
chr12	29721018	30160843	0.244444	0.108434	0.068798	0.187856
chr12	30170663	30815371	0.256327	0.091612	0.055965	0.181904
chr12	30828500	31248191	-0.147265	-0.079146	-0.039503	-0.100737
chr12	31257562	31649288	0.071895	0.028200	0.014744	0.060456
chr12	31649539	32042172	-0.079402	-0.042733	-0.023483	-0.064426
chr12	32050892	32730291	-0.186528	-0.070381	-0.041284	-0.132841
chr12	32730357	33417533	0.330484	0.138563	0.080649	0.244726
chr12	33418160	34671688	0.163636	0.072508	0.039786	0.130909
chr13	79113	1622019	0.210396	0.053923	0.035562	0.188596
chr13	1627765	2297219	0.002857	0.000866	0.000528	0.007937
chr13	2297498	2670969	-0.042394	-0.021474	-0.012227	-0.020408
chr13	2671550	3294414	0.476992	0.282956	0.179805	0.376362
chr13	3307884	3916505	-0.055172	-0.021228	-0.013235	-0.074074
chr13	3916514	4307984	0.064480	0.035819	0.019030	0.053913
chr13	4315570	4882953	-0.097239	-0.049240	-0.026471	-0.063158
chr13	4956064	5410594	0.128668	0.043440	0.030530	0.102703
chr13	5417109	5898414	0.081794	0.035824	0.018537	0.092077
chr13	5900919	6510202	0.084986	0.029138	0.017161	0.054108
chr13	6532059	7199057	0.300813	0.113478	0.065500	0.211573
chr13	7310511	7945280	0.289958	0.110552	0.058812	0.202834
chr13	7979295	8507592	0.293431	0.085934	0.054071	0.182561
chr13	8508632	9259574	0.025099	0.009625	0.005336	0.017164
chr13	9259580	9676320	-0.006658	-0.003025	-0.001608	-0.009709
chr13	9693030	11164388	-0.005394	-0.001539	-0.001080	-0.009442
chr13	11181848	11766009	-0.377381	-0.241401	-0.094070	-0.283796
chr13	11766111	12234604	-0.027624	-0.013733	-0.007653	-0.018657
chr13	12237600	12619723	0.243213	0.103432	0.058749	0.210325
chr13	12619804	13253445	-0.089848	-0.045906	-0.022148	-0.069058
chr13	13283202	14199304	0.026455	0.011166	0.005915	0.014643
chr13	14207085	15206216	0.000637	0.000218	0.000125	-0.000807
chr13	15213873	18069129	-0.124069	-0.019812	-0.013424	-0.108696
chr13	18097777	19592622	0.255249	0.081110	0.050316	0.212511
chr13	19602181	20515791	0.079365	0.029193	0.016080	0.042365
chr13	20523815	21570475	-0.028536	-0.011036	-0.006161	-0.019119
chr13	21711987	23591576	0.290401	0.037730	0.027513	0.180106
chr13	23591784	24212134	-0.395631	-0.129365	-0.080020	-0.296903
chr13	24260404	25141948	-0.294444	-0.074947	-0.044969	-0.206226
chr13	25142061	26689730	-0.041903	-0.010638	-0.007088	-0.032371
chr13	26689804	27621308	-0.038008	-0.016378	-0.009536	-0.028238
chr13	27630650	28071909	0.177401	0.067353	0.044999	0.144700
chr13	28077423	28508675	0.262097	0.163385	0.076023	0.175559
chr13	28511888	29087061	0.122892	0.052072	0.030786	0.114228
chr13	29091604	29529426	0.265133	0.117468	0.072222	0.165733
chr13	29555210	30343141	0.110398	0.034483	0.021314	0.081136
chr13	30359730	30812631	0.242507	0.093701	0.055377	0.202733
chr13	30819369	31482965	0.273657	0.092574	0.051479	0.229167
chr13	31488762	32329101	0.041602	0.014441	0.007874	0.022222
chr13	32364489	33144300	0.364198	0.152630	0.096283	0.304813
chr13	33144785	33398469	0.593220	0.231246	0.144903	0.465116
chr14	488737	1449321	-0.294118	-0.170178	-0.075350	-0.225806
chr14	1551609	2799221	0.034535	0.005555	0.003432	0.014873
chr14	2812472	3787343	0.136364	0.040845	0.027014	0.093985
chr14	3787384	4976195	-0.016645	-0.005352	-0.002657	-0.010039
chr14	4994223	5649155	0.037513	0.013629	0.008012	0.031543
chr14	5649211	6526614	-0.177748	-0.065299	-0.032457	-0.132881
chr14	6526676	7473915	0.100154	0.029478	0.018842	0.059037
chr14	7497470	8589834	0.337972	0.089192	0.054698	0.287162
chr14	8603492	9008274	-0.064128	-0.039466	-0.015743	-0.050314
chr14	9077173	9543476	0.217391	0.073037	0.044815	0.166124
chr14	9544337	10445754	-0.067568	-0.033424	-0.020244	-0.049211
chr14	10456397	11007667	0.281690	0.113457	0.066537	0.212329
chr14	11008762	11363282	-0.012318	-0.005969	-0.003309	0.000983
chr14	11374411	12582842	-0.186851	-0.076187	-0.043112	-0.121622
chr15	365845	875891	0.503614	0.149481	0.099857	0.363478
chr15	887074	1739730	0.358816	0.143091	0.088513	0.259259
chr15	1741647	2306466	0.214545	0.088016	0.047276	0.186961
chr15	2328169	2831764	-0.134146	-0.084065	-0.038121	-0.090742
chr15	2838132	3289782	-0.010776	-0.003122	-0.002041	-0.008518
chr15	3292389	3708302	0.234822	0.104114	0.066732	0.183749
chr15	3710104	4348929	-0.151655	-0.055386	-0.031675	-0.138830
chr15	4348932	5117552	0.095238	0.028827	0.016387	0.080292
chr15	5117636	5521243	0.076246	0.035870	0.019608	0.034068
chr15	5539756	5828966	0.060533	0.031572	0.013907	0.042301
chr15	5836352	6411831	-0.257991	-0.117423	-0.068756	-0.194492
chr15	6482573	7088485	0.249403	0.096759	0.050650	0.190868
chr15	7114138	7527877	0.339339	0.137219	0.070566	0.213611
chr15	7532840	8257393	-0.082287	-0.026098	-0.015298	-0.058040
chr15	8257584	9276424	0.037204	0.010576	0.006720	0.029229
chr15	9283477	9735158	0.134940	0.051804	0.028508	0.096552
chr15	9897404	10773826	-0.187500	-0.093954	-0.043317	-0.153846
chr15	10788488	11463080	0.297430	0.119313	0.068605	0.201326
chr15	11463110	12234961	0.060109	0.019985	0.012248	0.024470
chr15	12248724	12649079	-0.115068	-0.054974	-0.031790	-0.084112
chr16	428350	966343	-0.158904	-0.059133	-0.033842	-0.087591
chr16	971877	1659223	0.010147	0.003735	0.002306	0.008388
chr16	1705668	3041078	0.164009	0.059390	0.039816	0.128205
chr16	3041098	4393804	0.092166	0.013120	0.010296	0.079777
chr16	4405006	5797403	-0.044118	-0.007706	-0.005667	-0.035714
chr16	5799121	7108300	0.085080	0.024932	0.015359	0.059227
chr16	7140817	8618820	-0.155738	-0.045270	-0.027049	-0.126400
chr16	8618845	9176939	0.163636	0.070646	0.039434	0.130268
chr17	167033	470204	-0.328904	-0.217529	-0.089002	-0.248536
chr17	473464	805578	0.220859	0.110148	0.059073	0.146497
chr17	810296	1362633	-0.123324	-0.055466	-0.029732	-0.085185
chr17	1362634	2184762	0.204513	0.063021	0.037879	0.136664
chr17	2213755	2808393	-0.422627	-0.169624	-0.078483	-0.297297
chr17	2829816	3432372	-0.254705	-0.119858	-0.069688	-0.173061
chr17	3432377	4038424	-0.299031	-0.133730	-0.072363	-0.189143
chr17	4058275	4452114	0.005488	0.002291	0.001139	0.009560
chr17	4457405	5102448	0.083624	0.026951	0.016820	0.038732
chr17	5114204	6062250	-0.279202	-0.094397	-0.055320	-0.208511
chr17	6062351	7166832	0.091136	0.040908	0.023205	0.053016
chr17	7167472	8074679	0.190332	0.054605	0.037537	0.140312
chr18	871153	1489486	-0.132507	-0.046365	-0.027075	-0.092764
chr18	1501521	3245995	0.295062	0.097671	0.055290	0.229917
chr18	3250555	4170983	0.145475	0.047276	0.027657	0.111894
chr18	4195711	4876473	-0.054171	-0.019425	-0.011314	-0.041467
chr18	4887216	5393814	0.061420	0.027228	0.017004	0.053512
chr18	5408345	5805144	-0.110070	-0.061158	-0.032425	-0.070644
chr18	5805275	6312299	-0.125899	-0.072148	-0.035196	-0.096419
chr18	6312303	6959958	0.269710	0.109715	0.065225	0.192878
chr18	6971702	7551145	0.117268	0.048080	0.030595	0.094083
chr19	138760	2107312	-0.214397	-0.075579	-0.040835	-0.143430
chr19	2115081	2804959	-0.111460	-0.053965	-0.028178	-0.080590
chr19	2805208	3698865	-0.092166	-0.034869	-0.020062	-0.067460
chr19	3714359	4553777	-0.108738	-0.033571	-0.020741	-0.093333
chr19	4555891	5260751	-0.035568	-0.014648	-0.007596	-0.044807
chr19	5287054	6079141	0.278894	0.101308	0.063641	0.189097
chr19	6082948	6605390	-0.225235	-0.146242	-0.075148	-0.184703
chr19	6617078	7310019	-0.345600	-0.121382	-0.060937	-0.212537
chr19	7310235	8063673	-0.004556	-0.001821	-0.001054	-0.003571
chr20	692725	1493985	-0.006219	-0.002460	-0.001565	0.005927
chr20	1505630	2347313	-0.113485	-0.048907	-0.027131	-0.053744
chr20	2351051	3010535	0.031348	0.012198	0.006071	0.006816
chr20	3010579	3756473	-0.049682	-0.017979	-0.009443	-0.029523
chr20	3757939	4175864	0.117788	0.047199	0.025835	0.098196
chr20	4187131	4759082	-0.271062	-0.112929	-0.066134	-0.213462
chr20	4766754	5160910	0.173165	0.093441	0.050819	0.125338
chr20	5162463	5912626	0.052509	0.019388	0.010707	0.032889
chr20	5914118	6458138	-0.151741	-0.053744	-0.033173	-0.103565
chr20	6466177	7453127	-0.212658	-0.077419	-0.045409	-0.158491
chr21	1016001	1962578	-0.177936	-0.096484	-0.049994	-0.154804
chr21	1962867	2821664	-0.026455	-0.012630	-0.006332	-0.025257
chr21	2842416	3647540	0.268409	0.104872	0.065781	0.234714
chr21	3902987	4533110	-0.135983	-0.107379	-0.042985	-0.121951
chr21	4534153	5249947	0.227687	0.060106	0.033626	0.138524
chr21	5250905	6144937	0.187572	0.069515	0.042709	0.135947
chr21	6173544	7102517	-0.071625	-0.012845	-0.008208	-0.056452
chr22	37513	947409	0.032749	0.013967	0.008481	0.023832
chr22	1013255	1543081	0.254027	0.108065	0.063546	0.212435
chr22	1547595	2876571	0.221142	0.082979	0.048456	0.165103
chr22	2883418	3645407	0.140351	0.045767	0.030055	0.116054
chr22	3699035	4440515	-0.201936	-0.071312	-0.039163	-0.132855
chr22	4440562	5373452	0.036735	0.012488	0.007665	0.040331
chr22	5378592	5669040	-0.053312	-0.024978	-0.013259	-0.049031
chr23	405152	934692	0.071809	0.026739	0.015258	0.046534
chr23	960555	1302263	0.096478	0.042916	0.021370	0.036649
chr23	1302766	2278239	-0.017418	-0.005808	-0.003388	-0.013524
chr23	2285756	3190716	0.149111	0.062656	0.035007	0.118767
chr24	760773	1673016	0.099432	0.026810	0.016414	0.077263
chr24	1725011	2430000	-0.018364	-0.005358	-0.003086	-0.004452
chrZ	469139	774564	0.081719	0.052698	0.022412	0.074330
chrZ	774669	1083591	0.064388	0.032188	0.014093	0.047273
chrZ	1084126	1285305	0.125490	0.074795	0.038543	0.103943
chrZ	1287934	1898056	0.030636	0.026183	0.013035	0.025474
chrZ	1907539	2569073	-0.223553	-0.134669	-0.070923	-0.184591
chrZ	2569076	2942045	-0.100358	-0.088983	-0.043266	-0.093093
chrZ	2985128	3359145	-0.191829	-0.160297	-0.071535	-0.154286
chrZ	3370278	3620116	-0.090278	-0.056758	-0.030277	-0.069069
chrZ	3622473	3875024	-0.095841	-0.052545	-0.030315	-0.082942
chrZ	3876446	4114104	0.107692	0.086757	0.040380	0.083212
chrZ	4114340	4274240	0.303279	0.227926	0.120915	0.248322
chrZ	4274867	4320930	0.067524	0.047458	0.028308	0.042596
chrZ	4321036	4357827	0.054313	0.066234	0.029093	0.037199
chrZ	4357869	4384739	0.278333	0.284659	0.158645	0.175236
chrZ	4384822	4413656	0.488000	0.377631	0.304391	0.326902
chrZ	4413736	4467265	0.325175	0.257143	0.150364	0.206208
chrZ	4467304	4493759	0.122047	0.131697	0.069524	0.089447
chrZ	4494924	4522264	0.163194	0.158873	0.085248	0.087850
chrZ	4522292	4545153	0.279869	0.381129	0.194466	0.171171
chrZ	4545400	4565480	0.265176	0.185268	0.100464	0.177730
chrZ	4565625	4594570	0.169628	0.144099	0.076736	0.109405
chrZ	4596274	4624717	0.104000	0.086283	0.047518	0.056522
chrZ	4624844	4633699	0.181208	0.267769	0.145096	0.101887
chrZ	4633740	4665827	0.289308	0.219483	0.143975	0.206544
chrZ	4666535	4896660	0.161137	0.120817	0.069863	0.132007
chrZ	4900088	5184587	0.440838	0.292700	0.201019	0.334924
chrZ	5184621	5328784	0.455711	0.395415	0.243462	0.348294
chrZ	5340116	5427796	0.015089	0.015299	0.007033	0.010795
chrZ	5430782	5533849	0.343284	0.286902	0.182580	0.272727
chrZ	5533877	6084396	0.311705	0.222323	0.126680	0.208511
chrZ	6090286	6844140	0.097902	0.076317	0.042752	0.091445
chrZ	6844151	7023240	0.436823	0.364092	0.216501	0.304786
chrZ	7023242	7254113	0.278351	0.283926	0.140975	0.205212
chrZ	7254123	8122282	0.437687	0.292147	0.159116	0.328839
chrZ	8122283	8835313	0.379553	0.288995	0.156391	0.255740
chrZ	8835446	8937954	0.353242	0.261364	0.176521	0.228729
chrZ	8951038	9081156	0.370672	0.369044	0.170678	0.287975
chrZ	9084148	9210486	0.447724	0.309875	0.184834	0.303840
chrZ	9213042	9305377	0.244842	0.235554	0.138020	0.173152
chrZ	9307351	9407390	0.501823	0.386342	0.251727	0.369740
chrZ	9408330	9517493	0.208428	0.252995	0.108284	0.175120
chrZ	9517551	9669857	0.431925	0.265321	0.188075	0.365672
chrZ	9671499	10481214	0.349378	0.130394	0.093445	0.315829
chrZ	10496361	11168411	0.066667	0.021864	0.015839	0.060403
chrZ	11214977	11850805	0.130045	0.050282	0.035324	0.120000
chrZ	11850824	12237788	0.057895	0.026084	0.018221	0.055980
chrZ	12242986	12766773	-0.141812	-0.075365	-0.044324	-0.119139
chrZ	12820135	14475348	0.140704	0.051028	0.037178	0.131898
chrZ	14475454	15220112	0.158730	0.082234	0.047054	0.121581
chrZ	15220224	16560723	0.382353	0.133952	0.087547	0.366197
chrZ	16560738	17697705	0.320815	0.111346	0.079423	0.275576
chrZ	17697954	18744479	0.470588	0.252788	0.137582	0.391931
chrZ	18744806	19174013	0.513978	0.413733	0.244710	0.416667
chrZ	19174070	19576457	0.358053	0.239288	0.154115	0.299129
chrZ	19576463	20625621	-0.074963	-0.033445	-0.021026	-0.069832
chrZ	20720266	22443872	-0.030195	-0.010682	-0.006345	-0.027553
chrZ	22443878	23691478	0.439716	0.253536	0.173811	0.371257
chrZ	23691644	24973710	0.236865	0.100219	0.063623	0.201761
chrZ	24977201	26456885	0.372214	0.117029	0.086359	0.329822
chrZ	26463372	27983350	0.369004	0.140307	0.100682	0.362791
chrZ	27984641	28962539	0.065617	0.031960	0.018250	0.036351
chrZ	29081191	32118639	-0.063269	-0.021950	-0.014127	-0.060201
chrZ	32118653	36019109	-0.230189	-0.062725	-0.044344	-0.219688
chrZ	36070322	38311779	0.419322	0.170189	0.128896	0.406375
chrZ	38345382	42279837	0.002663	0.000603	0.000438	0.002404
chrZ	42476351	45529573	0.239896	0.058260	0.043200	0.226277
chrZ	45615191	52124484	0.224824	0.053579	0.040855	0.216216
chrZ	52184396	54265378	0.168816	0.041223	0.029440	0.164009
chrZ	54265387	57991746	0.300804	0.097725	0.073072	0.293065
chrZ	58309977	62891360	0.283063	0.073336	0.057927	0.265033
chrZ	62927473	65354393	-0.021986	-0.005649	-0.003544	-0.020680
chrZ	65409325	68600654	0.069926	0.018642	0.013097	0.068310
chrZ	68608039	71908012	0.083700	0.024963	0.017288	0.082251
chrZ	72039668	73609686	0.042220	0.014484	0.009288	0.040556
chrZ	73617164	74696734	0.585678	0.215699	0.137800	0.562201
chrZ	74711763	76804291	-0.128500	-0.050891	-0.032363	-0.117377
chrZ	76835524	79910955	0.437280	0.150020	0.103305	0.431214
chrZ	79950448	81447419	0.170732	0.060978	0.039548	0.164063
chrZ	81448647	82456205	0.074981	0.030547	0.017102	0.069111
chrZ	82456573	83997334	0.593870	0.277419	0.180606	0.552913
