chr	windowStart	windowEnd	D	f_d	f_dM	d_f
chr1	1065013	1821929	0.002486	0.001609	0.000814	0.012781
chr1	1823465	2168104	0.264349	0.136167	0.088811	0.202829
chr1	2189565	3046933	0.303434	0.203239	0.107967	0.249280
chr1	3053304	3569108	0.192488	0.093118	0.054262	0.149966
chr1	3603729	4529121	0.522334	0.243674	0.162438	0.375738
chr1	4543673	5338136	0.004088	0.002119	0.001166	0.003195
chr1	5344573	5841387	0.279862	0.215444	0.136000	0.201576
chr1	5859383	6821437	0.279895	0.155930	0.087992	0.260116
chr1	6822486	7570545	0.353675	0.158361	0.101311	0.311736
chr1	7570992	8095678	0.216892	0.104162	0.072167	0.179030
chr1	8095689	8424320	-0.106805	-0.083241	-0.033731	-0.088212
chr1	8468027	9639237	0.224211	0.146600	0.075445	0.147504
chr1	9714333	11869863	0.466227	0.252509	0.152994	0.370904
chr1	11877543	12793536	0.095067	0.072060	0.035007	0.085754
chr1	12799054	14328084	0.024086	0.017247	0.008677	0.016718
chr1	14328831	15331595	0.280645	0.226562	0.110593	0.171026
chr1	15436966	16161466	0.156208	0.138462	0.057101	0.089210
chr1	16169365	17149463	0.309645	0.229683	0.127194	0.223443
chr1	17165438	17621644	-0.356473	-0.279206	-0.113892	-0.262533
chr1	17621673	20822025	0.033223	0.022660	0.010327	0.028409
chr1	20880187	22617407	0.322044	0.129373	0.079442	0.281946
chr1	22647632	23889363	-0.408087	-0.256955	-0.131905	-0.318167
chr1	23897867	25087648	0.446013	0.228219	0.124623	0.358239
chr1	25144418	26135807	0.304548	0.171016	0.100413	0.266272
chr1	26196900	27781309	0.315000	0.156166	0.085802	0.274194
chr1	27831000	28985117	0.249201	0.133848	0.079349	0.201889
chr1	28987188	29817328	0.274526	0.209830	0.101555	0.225144
chr1	29837863	31948643	0.243056	0.150808	0.071211	0.169903
chr1	31949331	32846507	-0.004854	-0.003309	-0.001554	-0.003802
chr1	32892701	33686629	0.473923	0.379173	0.187612	0.331851
chr1	33687011	34810843	0.460560	0.255758	0.118332	0.293086
chr1	34891778	36458101	0.189344	0.117887	0.063080	0.154515
chr1	36463760	36900308	0.167446	0.130134	0.066766	0.131271
chr1	36900340	37592288	0.371060	0.278945	0.159115	0.296678
chr1	37600971	38551906	0.152709	0.079640	0.043703	0.125000
chr1	38552050	39413571	0.488168	0.270192	0.168711	0.375084
chr1	39489563	40578274	0.029387	0.013661	0.008402	0.025607
chr1	40588152	42057951	0.178275	0.090298	0.053423	0.115269
chr1	42165204	43464673	0.694142	0.330053	0.224733	0.523130
chr1	43469751	44950022	0.159051	0.119630	0.058218	0.122980
chr1	44965535	48085709	0.281867	0.119460	0.071331	0.217893
chr1	48086698	49238913	-0.042394	-0.019766	-0.011821	-0.032258
chr1	49274059	50026908	0.207464	0.120728	0.069871	0.148407
chr1	50027205	51268786	0.010060	0.004099	0.002434	0.019773
chr1	51288612	51912559	0.124212	0.098571	0.057131	0.085396
chr1	51975522	53087023	-0.337500	-0.210663	-0.108325	-0.278351
chr1	53105918	53631350	-0.051678	-0.031480	-0.015695	-0.057823
chr1	53635557	53933659	-0.174655	-0.134712	-0.068999	-0.125658
chr1	54053409	54842152	0.010327	0.006926	0.003328	0.009464
chr1	54843280	55464303	0.217044	0.141370	0.071189	0.188698
chr1	55464798	56093414	0.093403	0.087892	0.041110	0.073637
chr1	56093423	56641894	-0.097456	-0.036949	-0.023812	-0.065043
chr1	56667324	57201432	0.369600	0.171143	0.095831	0.247854
chr1	57244292	57836948	0.421429	0.326079	0.150751	0.341142
chr1	57844503	58817697	-0.153782	-0.096555	-0.040902	-0.117759
chr1	58817723	59481075	0.213608	0.097105	0.063395	0.170637
chr1	59490182	60007356	0.351119	0.281865	0.168595	0.264249
chr1	60026328	60929692	-0.030075	-0.019646	-0.009723	-0.024331
chr1	60935490	62013843	0.313883	0.108837	0.072620	0.227733
chr1	62021658	62915895	0.445059	0.239473	0.133254	0.363930
chr1	62915991	63417697	-0.022044	-0.010674	-0.005758	-0.014885
chr1	63417913	65224388	-0.187221	-0.084028	-0.050750	-0.151261
chr1	65245966	66137158	-0.151163	-0.088813	-0.056976	-0.113445
chr1	66155847	66942791	-0.107905	-0.080543	-0.038526	-0.091295
chr1	66943277	68228594	-0.113357	-0.057143	-0.029018	-0.103905
chr1	68229749	68974235	0.184236	0.143597	0.071785	0.155882
chr1	68998382	69699127	0.180767	0.137943	0.064698	0.138114
chr1	69704775	70693266	0.408052	0.176637	0.106640	0.292702
chr1	70753951	72000118	0.175297	0.085794	0.050034	0.132496
chr1	72013605	72673915	0.422222	0.273545	0.177501	0.377049
chr1	72684000	73440673	0.411120	0.237074	0.134979	0.303644
chr1	73465720	74645468	-0.010392	-0.007582	-0.003215	-0.028943
chr1	74756779	76627669	0.470981	0.185483	0.122261	0.406452
chr1	76632693	77343821	0.293142	0.203692	0.109400	0.252762
chr1	77377806	78922612	-0.227623	-0.108813	-0.057037	-0.197328
chr1	78928243	80415502	0.265336	0.150304	0.074909	0.234487
chr1	80419065	81109245	0.345900	0.183638	0.097671	0.282525
chr1	81116986	81972995	0.352195	0.303107	0.114259	0.212228
chr1	81980538	83152633	0.220084	0.106446	0.070750	0.142305
chr1	83154104	84468547	0.503390	0.226243	0.133769	0.441308
chr1	84468617	85483509	-0.114415	-0.069726	-0.038445	-0.095727
chr1	85484215	86291736	-0.125874	-0.101613	-0.045843	-0.081203
chr1	86396496	87446393	0.484326	0.215481	0.144258	0.382426
chr1	87458063	88475929	0.181004	0.072610	0.048775	0.106274
chr1	88476112	89062086	0.255187	0.160784	0.090259	0.186930
chr1	89067983	89690896	0.306802	0.172885	0.090136	0.251483
chr1	89698039	90422284	0.551108	0.216655	0.129130	0.493699
chr1	90431625	91256035	0.287584	0.105816	0.063294	0.243641
chr1	91278929	92889206	-0.004422	-0.001442	-0.000754	-0.003713
chr1	92899831	94627638	0.445317	0.165432	0.125704	0.412635
chr1	94708844	96156956	0.559409	0.225123	0.153738	0.490704
chr1	96173723	97664953	-0.028249	-0.011001	-0.006815	-0.021739
chr1	97686166	99030369	-0.007675	-0.003700	-0.001901	-0.009721
chr1	99061513	100904065	0.440945	0.248723	0.145549	0.380952
chr1	100911406	101233995	0.349490	0.236956	0.151969	0.277890
chr1	101236616	102148718	0.332710	0.162892	0.110800	0.237017
chr1	102148768	104123350	0.504950	0.323768	0.208231	0.423064
chr1	104162956	105917619	0.147541	0.088808	0.052892	0.107073
chr1	106015002	107499489	0.232101	0.154369	0.091275	0.174041
chr1	107503336	108734443	0.181755	0.109274	0.055267	0.132555
chr1	108874305	113047058	0.343516	0.150794	0.096464	0.307306
chr1	113162766	114072989	0.269231	0.163409	0.102994	0.212950
chr1	114085071	114695730	0.329742	0.192239	0.124854	0.262803
chr1	114695866	115921121	0.237589	0.102232	0.056930	0.168682
chr1	115935640	117052133	0.430657	0.209359	0.129404	0.306494
chr1	117055261	118302979	0.414604	0.281310	0.136900	0.365314
chr1	118378311	119432691	0.019702	0.012526	0.006454	0.011579
chr1	119458668	120582486	-0.061107	-0.033757	-0.018527	-0.049737
chr1	120587265	121640639	0.252541	0.129097	0.072904	0.216633
chr1	121665676	122812772	0.371596	0.155696	0.117297	0.269851
chr1	122819195	123084737	0.328213	0.254306	0.136287	0.254705
chr1	123084802	123825214	0.521455	0.256026	0.166415	0.401231
chr1	123827158	125038638	0.113035	0.055417	0.032938	0.073171
chr1	125047296	126867266	0.362587	0.160861	0.100695	0.267462
chr1	126872474	128992312	0.149580	0.070761	0.041789	0.100225
chr1	128994703	129893370	0.252315	0.138986	0.060388	0.152235
chr1	129893406	131451751	0.329577	0.196749	0.097109	0.257271
chr1	131506252	132123704	0.198467	0.084214	0.058026	0.159975
chr1	132124720	132923041	0.306028	0.175688	0.071674	0.262599
chr1	133003903	134192617	0.202459	0.093437	0.050491	0.144698
chr1	134209432	135358001	0.231900	0.111595	0.060312	0.129175
chr1	135385787	136123757	0.524178	0.250346	0.149579	0.341325
chr1	136123760	140012561	0.343939	0.170388	0.110181	0.281888
chr1	140037614	140805998	0.229706	0.132701	0.078086	0.188119
chr1	140880119	141773719	-0.076577	-0.051406	-0.026361	-0.074102
chr1	141776876	143371704	0.384996	0.229766	0.123659	0.303315
chr1	143380499	144387376	0.034614	0.022256	0.012333	0.024991
chr1	144412400	145163841	0.217188	0.139465	0.080161	0.143455
chr1	145163842	145711752	0.013381	0.010325	0.005361	0.009152
chr1	145750971	146352911	0.174954	0.153288	0.060298	0.108578
chr1	146360200	147276381	0.237195	0.174898	0.092148	0.176126
chr1	147281853	148066886	0.029774	0.024473	0.010119	-0.006218
chr1	148068469	148898384	0.053846	0.047758	0.021998	0.037433
chr1	148898681	149248664	0.118092	0.105400	0.054278	0.074991
chr1	149265619	149852079	-0.190554	-0.142509	-0.054198	-0.155792
chr1	149852136	150833211	0.330968	0.217667	0.104782	0.215583
chr1	150855254	151786958	0.318182	0.244453	0.108387	0.215385
chr1	151786959	152173384	-0.085554	-0.066331	-0.036274	-0.063933
chr1	152187157	153235719	0.024919	0.015462	0.007493	0.016752
chr1	153242960	155573276	0.103003	0.067293	0.032907	0.077817
chr1	155624134	156531949	-0.058129	-0.065373	-0.027634	-0.056440
chr1	156547741	157106676	0.118213	0.115980	0.050618	0.090630
chr1	157116400	158016165	0.097731	0.064442	0.031913	0.083582
chr1	158073724	158775006	0.188304	0.135465	0.067661	0.129296
chr1	158788065	159532681	-0.334000	-0.282691	-0.128560	-0.246313
chr1	159532820	160627055	0.364734	0.190616	0.134322	0.254457
chr1	160685455	167933521	0.475198	0.220150	0.154765	0.410768
chr1	167947346	169282831	0.510518	0.236595	0.155094	0.399385
chr1	169472651	170652326	0.162853	0.113349	0.063810	0.130522
chr1	170662451	171735831	0.070615	0.033999	0.018590	0.073061
chr1	171745829	175096234	0.066154	0.030086	0.018991	0.045079
chr1	176203390	180516554	0.506987	0.267315	0.169485	0.464890
chr1	180517032	181310063	0.420085	0.241267	0.150228	0.356971
chr1	181310263	182177528	0.261261	0.180887	0.097949	0.229083
chr1	182195744	182939650	-0.060951	-0.043148	-0.021119	-0.064688
chr1	182940637	183665995	0.228534	0.137084	0.074185	0.173679
chr1	183674865	184402072	0.321569	0.163292	0.090608	0.154717
chr1	184426307	185596585	0.093124	0.058215	0.029283	0.070720
chr1	185597512	186248564	0.052714	0.027056	0.013849	0.036767
chr1	186261350	187101177	0.598630	0.307801	0.199112	0.518387
chr1	187119630	188112763	-0.133887	-0.051925	-0.034540	-0.084727
chr1	188132473	189949190	-0.076667	-0.037232	-0.020370	-0.057357
chr1	189949316	191144172	0.162122	0.094461	0.060912	0.129754
chr1	191149240	192253128	0.489203	0.198819	0.144327	0.398781
chr1	192385919	193016936	0.427741	0.226017	0.146226	0.366521
chr1	193018975	194450865	0.351852	0.189483	0.118851	0.283967
chr1	194471540	195201503	-0.019961	-0.011155	-0.006907	-0.012781
chr1	195201790	196521068	0.363669	0.213303	0.134818	0.301681
chr1	196531355	197960427	0.403691	0.197880	0.132840	0.372340
chr1	197961303	199528198	0.203551	0.136887	0.070095	0.173046
chr1	199672036	200915688	-0.019928	-0.013452	-0.007073	-0.014455
chr1	200926577	203064526	0.005197	0.003024	0.001738	0.002103
chr1	203079191	204367534	0.321048	0.136550	0.076350	0.296399
chr1	204367639	204717039	0.303030	0.332262	0.137077	0.210598
chr1	204725494	205506001	0.318323	0.275353	0.155982	0.236448
chr1	205506210	206376847	-0.084172	-0.064789	-0.028208	-0.060927
chr1	206601184	207214005	0.056170	0.048889	0.022514	0.041719
chr1	207222255	208091096	0.076014	0.033495	0.018993	0.074415
chr1	208102466	208856857	0.343832	0.198335	0.103163	0.271347
chr1	208862660	209612517	0.396171	0.226980	0.130511	0.306030
chr1	209617847	210148763	0.170931	0.133333	0.061669	0.128492
chr1	210152117	210737053	0.154882	0.079362	0.044231	0.108235
chr1	210738103	212325861	0.376799	0.165058	0.109243	0.296113
chr1	212345177	213920153	0.147331	0.102071	0.055570	0.105045
chr1	213939966	215822756	0.091437	0.062485	0.034864	0.071344
chr2	752656	1331455	-0.092792	-0.070088	-0.032917	-0.065268
chr2	1365649	2697420	0.090764	0.053685	0.030907	0.067938
chr2	2697504	3253405	0.561192	0.301928	0.183760	0.334908
chr2	3272457	4878580	-0.154376	-0.094692	-0.043442	-0.095441
chr2	4892662	5647320	0.466581	0.328061	0.169488	0.421262
chr2	5657147	6422374	0.340000	0.156781	0.104469	0.214696
chr2	6427823	7112924	0.096717	0.065133	0.030900	0.077853
chr2	7118468	8045605	0.105012	0.055138	0.030058	0.080000
chr2	8095504	9019350	0.275434	0.131647	0.070216	0.199241
chr2	9040001	10050730	0.272903	0.204554	0.103701	0.216858
chr2	10051247	11325903	0.163966	0.092126	0.037452	0.119944
chr2	11344859	12218317	0.097403	0.063025	0.029674	0.087137
chr2	12263918	13841265	0.238583	0.121834	0.064599	0.184249
chr2	13843042	15303919	0.391986	0.231899	0.116324	0.323741
chr2	15313002	16121188	0.458462	0.223598	0.136151	0.391076
chr2	16124649	16866030	-0.264906	-0.163383	-0.081190	-0.208865
chr2	16871443	17722013	0.362054	0.255473	0.154095	0.296623
chr2	17750271	19579056	0.571429	0.207265	0.139453	0.441242
chr2	19594713	21612131	0.524713	0.215631	0.126840	0.415214
chr2	21687914	23114178	0.247560	0.072172	0.039884	0.196023
chr2	23114180	24734260	0.182903	0.080338	0.044014	0.117537
chr2	24812464	25740371	0.287390	0.121928	0.078731	0.250918
chr2	25797153	26859183	-0.240129	-0.155980	-0.084952	-0.207185
chr2	26866339	27459941	0.497839	0.307674	0.175558	0.368421
chr2	27506720	29035716	0.311847	0.126614	0.071967	0.247107
chr2	29130381	31622938	0.165106	0.080935	0.044608	0.145427
chr2	31622955	33134986	0.070184	0.035746	0.017047	0.050455
chr2	33140737	34091928	0.263327	0.139461	0.074744	0.183673
chr2	34092854	35363540	0.575037	0.208244	0.157895	0.480429
chr2	35386841	36078109	0.202604	0.139067	0.062103	0.157695
chr2	36123612	36828357	-0.067989	-0.036632	-0.020061	-0.041351
chr2	36833982	37283917	0.290814	0.173611	0.098039	0.234340
chr2	37288949	37775157	0.347502	0.237937	0.138095	0.261211
chr2	37775158	38662161	-0.106808	-0.054191	-0.032494	-0.087579
chr2	38666075	39422801	0.521855	0.280105	0.174549	0.480801
chr2	39436259	40430504	0.202847	0.082430	0.056738	0.152203
chr2	40445144	41610428	-0.184706	-0.141410	-0.069801	-0.163032
chr2	41621754	42260259	0.112532	0.060491	0.040041	0.098765
chr2	42260260	43214300	0.269179	0.186872	0.099367	0.217391
chr2	43302511	44077334	0.335683	0.215254	0.107445	0.243450
chr2	44093942	45169204	0.436228	0.236093	0.147123	0.378458
chr2	45170802	46099653	0.262090	0.190099	0.095945	0.199744
chr2	46104358	47208501	0.175424	0.124748	0.055097	0.109450
chr2	47218305	47918570	0.138340	0.125149	0.056240	0.115956
chr2	47918571	48583964	0.163470	0.137640	0.071014	0.118357
chr2	48584046	49344859	0.363184	0.244908	0.159364	0.276234
chr2	49349564	50141002	0.406810	0.196028	0.124179	0.291774
chr2	50195656	51120482	0.287159	0.163736	0.094651	0.217791
chr2	51127908	51894237	0.109712	0.092110	0.035189	0.069083
chr2	51907482	52656284	0.066826	0.041512	0.022271	0.061404
chr2	52660266	53216501	0.448633	0.252185	0.159144	0.275145
chr2	53236061	54160856	-0.053782	-0.031722	-0.014846	-0.040201
chr2	54162819	54910772	0.092256	0.050897	0.028836	0.067130
chr2	54914184	56111232	0.028131	0.020315	0.009471	0.029621
chr2	56111233	56733029	0.162749	0.095516	0.061214	0.121728
chr2	56733450	57428578	0.442366	0.206537	0.141383	0.373408
chr2	57479624	58113565	0.120968	0.079523	0.034340	0.085592
chr2	58114563	59926290	0.277127	0.161290	0.084004	0.261388
chr2	59932880	63431904	0.182296	0.068264	0.038060	0.128463
chr2	63511581	65047842	0.121762	0.069016	0.038106	0.091475
chr2	65097202	65807653	0.254027	0.164230	0.085810	0.224121
chr2	65845093	66880333	-0.010223	-0.004408	-0.003024	-0.008166
chr2	66880404	67703369	0.376400	0.208542	0.119366	0.268060
chr2	67709749	68781409	0.013969	0.005616	0.003708	0.012397
chr2	68796444	69462884	0.312113	0.194490	0.111339	0.241673
chr2	69505158	70561669	-0.165468	-0.089395	-0.044697	-0.125292
chr2	70596440	71568981	0.182380	0.088789	0.053159	0.153646
chr2	71570891	72155910	0.265060	0.165103	0.084588	0.170604
chr2	72163460	73411639	0.420450	0.247441	0.133774	0.315908
chr2	73412119	74387936	0.450302	0.262061	0.132583	0.342550
chr2	74388456	74903021	0.507054	0.281632	0.158270	0.401954
chr2	74909468	75795632	0.504301	0.314976	0.179831	0.356560
chr2	75822113	77056727	0.419985	0.213849	0.093455	0.327370
chr2	77059071	80065921	0.138092	0.094355	0.056760	0.116340
chr2	80066642	83828090	0.182016	0.091840	0.055366	0.117325
chr2	83843621	85876926	0.392502	0.183149	0.106631	0.320606
chr2	85885006	86940819	0.427918	0.308242	0.147651	0.333333
chr2	86958948	88805527	0.132308	0.069211	0.039218	0.084149
chr2	88840456	90505139	0.552377	0.211808	0.153048	0.404124
chr2	90597295	92952851	0.297272	0.131722	0.075104	0.189290
chr2	93061172	94561488	0.057983	0.030029	0.016828	0.041454
chr2	94613604	95664863	0.213775	0.166841	0.082485	0.160326
chr2	95858078	98001022	0.200420	0.068783	0.046447	0.149895
chr2	98010629	99529647	0.177787	0.068895	0.043867	0.144367
chr2	99531360	100630252	0.138846	0.080671	0.044645	0.107618
chr2	100632230	101310660	0.192453	0.071629	0.039236	0.098741
chr2	101321624	101895670	-0.095604	-0.054375	-0.028033	-0.066990
chr2	101895728	106976736	0.337788	0.117238	0.073858	0.246880
chr2	106978033	108112142	0.512642	0.222981	0.148466	0.402740
chr2	108112309	108869245	0.584232	0.290489	0.188462	0.402746
chr2	108892584	109910344	0.252336	0.127020	0.079912	0.182938
chr2	110005440	111070512	0.257868	0.168435	0.081777	0.190575
chr2	111127567	111731526	0.582656	0.306486	0.201154	0.445135
chr2	111737789	112854545	0.433790	0.273719	0.158692	0.341902
chr2	112860926	113732721	0.419417	0.191787	0.128936	0.252513
chr2	113742356	114479800	0.346602	0.239196	0.139073	0.217285
chr2	114482685	114898013	0.100897	0.063069	0.031008	0.062969
chr2	114910549	115341980	0.219563	0.117811	0.077360	0.162449
chr2	115343903	115677066	0.228916	0.160067	0.081012	0.171171
chr2	115694238	117192870	0.309286	0.142807	0.088455	0.221550
chr2	117194757	117841263	0.342454	0.222462	0.133700	0.247073
chr2	117870656	118817694	0.186614	0.107288	0.055200	0.138678
chr2	118824644	119625802	0.114338	0.058105	0.035780	0.075995
chr2	119626019	121526427	-0.048299	-0.033218	-0.014535	-0.035439
chr2	121529774	122530408	0.024779	0.020490	0.009302	0.034203
chr2	122534017	124034906	0.276382	0.172459	0.088047	0.234043
chr2	124044333	124948045	0.375083	0.172250	0.112375	0.301231
chr2	124950576	126231942	0.228164	0.098899	0.049588	0.193230
chr2	126231946	127159951	0.587963	0.299764	0.175758	0.473881
chr2	127238400	128564232	0.167977	0.110484	0.055087	0.147706
chr2	128598398	129241444	0.271613	0.214228	0.113465	0.229179
chr2	129243242	130099724	-0.044687	-0.028865	-0.012479	-0.035517
chr2	130111456	131721544	0.569814	0.265984	0.183081	0.469075
chr2	131721545	133075354	0.370690	0.204491	0.128828	0.289888
chr2	133091531	133801849	-0.005367	-0.003301	-0.001574	-0.003513
chr2	133823729	135457852	0.438762	0.322055	0.155164	0.352000
chr2	135634360	137699377	-0.055268	-0.046243	-0.017930	-0.037603
chr2	137704944	138281971	-0.103590	-0.057731	-0.029250	-0.082584
chr2	138289175	138737094	0.431447	0.325736	0.152546	0.318142
chr2	138746741	139431849	0.447464	0.302233	0.183166	0.291642
chr2	139450906	140269172	-0.067920	-0.039250	-0.015471	-0.052485
chr2	140274320	141490038	0.058644	0.036966	0.015907	0.045861
chr2	141494743	142148971	0.079710	0.050823	0.024975	0.062323
chr2	142149589	143349347	0.604578	0.329533	0.204376	0.511533
chr2	143379269	144480684	0.524457	0.278298	0.174740	0.388330
chr2	144512439	145815446	0.147982	0.107282	0.041735	0.107352
chr2	145884005	148924551	0.515993	0.311010	0.164520	0.374465
chr2	148924624	149532660	0.293125	0.184448	0.081097	0.226902
chr2	149532662	150180173	0.600368	0.442094	0.230584	0.445961
chr2	150186521	150979101	0.221741	0.129422	0.080665	0.157392
chr2	150979161	151656179	0.295550	0.163284	0.090193	0.259205
chr2	151672944	152296575	0.079755	0.044264	0.020240	0.069418
chr2	152296773	153234519	0.302718	0.153773	0.075582	0.234228
chr2	153239308	154010641	-0.115622	-0.057671	-0.029182	-0.095551
chr2	154020319	154827319	0.232710	0.136158	0.086983	0.181242
chr2	154879355	155945192	0.321293	0.185663	0.120328	0.268072
chr2	155965740	156485771	0.198381	0.174564	0.070514	0.135284
chr2	156488189	157837798	0.227191	0.138269	0.072852	0.189189
chr2	157852265	159497137	0.003742	0.002938	0.001290	-0.005780
chr2	159502380	160591685	0.069565	0.035117	0.018659	0.029361
chr2	160592483	161823855	0.264969	0.145257	0.089206	0.202909
chr2	161877675	163416530	0.421214	0.222538	0.122911	0.322353
chr2	163432021	164674853	0.106815	0.081310	0.036283	0.077571
chr3	1839947	3369196	0.275294	0.119673	0.068195	0.235421
chr3	3370297	4181050	0.418041	0.274435	0.151787	0.344802
chr3	4211121	5239610	0.486672	0.372921	0.219852	0.382282
chr3	5253208	6374783	0.308691	0.128884	0.080985	0.213832
chr3	6376174	7318787	0.117715	0.090990	0.044235	0.099511
chr3	7325390	8371968	0.126573	0.098531	0.046512	0.115033
chr3	8382010	10516039	0.259368	0.172069	0.090108	0.203693
chr3	10516047	11928700	-0.055556	-0.033392	-0.019313	-0.047365
chr3	11954247	12996610	0.241660	0.158316	0.085875	0.183220
chr3	13004076	14213140	0.108434	0.058543	0.032432	0.084428
chr3	14214082	15393388	0.166284	0.098884	0.059112	0.123929
chr3	15393510	16048835	0.111745	0.095284	0.031350	0.064815
chr3	16098176	17567157	0.139552	0.063953	0.040727	0.109385
chr3	17571859	18410904	0.266837	0.107449	0.074338	0.204709
chr3	18414937	19880744	0.121065	0.096246	0.042373	0.102459
chr3	20049200	21846145	0.457846	0.155907	0.100345	0.408420
chr3	21923513	22738789	0.074766	0.039526	0.020896	0.052632
chr3	22754613	23950279	0.153127	0.098932	0.045353	0.103977
chr3	23950341	24476137	0.285609	0.164511	0.067602	0.205629
chr3	24509830	25346732	0.036509	0.031072	0.012163	0.026333
chr3	25346734	26200735	-0.216949	-0.167375	-0.063437	-0.159800
chr3	26201299	26612732	0.330916	0.204769	0.103297	0.236589
chr3	26613912	27901673	0.359223	0.149276	0.099184	0.239437
chr3	27985505	29282417	0.054654	0.025952	0.016492	0.050106
chr3	29283317	30555884	0.197403	0.072338	0.044122	0.166850
chr3	30557000	31407588	-0.278315	-0.114172	-0.065252	-0.236118
chr3	31410629	32875287	-0.000000	-0.000000	-0.000000	0.000000
chr3	32885788	33903244	-0.045108	-0.021093	-0.011841	-0.026730
chr3	33924787	34594318	0.341542	0.135399	0.084091	0.232838
chr3	34594342	36114372	0.530906	0.175556	0.131364	0.427408
chr3	36114952	36425374	0.050679	0.085171	0.037940	0.035897
chr3	36436548	38368444	0.198446	0.112548	0.058733	0.160398
chr3	38391478	39609542	-0.008679	-0.005103	-0.002593	0.015475
chr3	39668881	40856823	-0.138645	-0.100636	-0.048133	-0.122708
chr3	40906032	42592786	0.007331	0.003997	0.002223	0.006083
chr3	42593713	43362590	0.485845	0.340027	0.158334	0.392217
chr3	43375679	43640093	0.269618	0.181112	0.106275	0.193642
chr3	43642107	44144145	0.207763	0.142689	0.087207	0.179842
chr3	44145834	45216868	0.116368	0.053974	0.034470	0.095992
chr3	45217236	45804096	0.504326	0.297403	0.192373	0.425385
chr3	45806955	46509513	0.186275	0.171779	0.069862	0.134888
chr3	46510335	47569785	0.315648	0.188075	0.094940	0.249469
chr3	47586855	48133632	0.451734	0.223407	0.145246	0.307398
chr3	48134011	49189895	0.174203	0.100492	0.053628	0.143385
chr3	49199780	49928468	0.260595	0.178726	0.108708	0.182105
chr3	49928638	51231923	0.164179	0.096536	0.058584	0.123304
chr3	51258976	51877537	-0.127072	-0.085821	-0.037468	-0.091529
chr3	51914439	52471521	-0.024360	-0.023235	-0.007648	-0.033012
chr3	52472181	53554441	-0.042202	-0.028343	-0.015214	-0.035579
chr3	53583037	54211176	0.356223	0.219577	0.129627	0.244261
chr3	54212362	54925041	0.309290	0.169075	0.096444	0.242811
chr3	54940743	55867080	0.122085	0.062180	0.035998	0.091869
chr3	55867088	56748802	0.003121	0.003346	0.001413	0.002151
chr3	56776315	57154655	0.475490	0.337489	0.222946	0.359712
chr3	57154684	57621473	0.295407	0.146347	0.085655	0.216242
chr3	57623557	57929160	-0.047691	-0.029626	-0.016540	-0.041203
chr3	57929219	58597663	0.009498	0.006222	0.003784	0.007487
chr3	58599387	59403392	0.034939	0.025856	0.011279	0.025395
chr3	59403662	60912148	0.012312	0.006314	0.003011	0.016561
chr3	60925194	62104347	0.056876	0.023729	0.014683	0.052985
chr3	62117374	63142618	0.164939	0.095707	0.042409	0.111964
chr3	63149426	63936069	0.115574	0.047378	0.027076	0.091825
chr3	63937734	64362390	0.085239	0.070175	0.031764	0.053672
chr3	64364726	66113721	0.081266	0.040904	0.024987	0.083027
chr3	66173346	66890688	-0.217737	-0.176526	-0.075273	-0.193100
chr3	66893845	67555478	0.438688	0.251093	0.159172	0.388657
chr3	67575058	68972471	0.379851	0.144631	0.098154	0.312925
chr3	68988281	70288877	0.272099	0.137883	0.074200	0.222027
chr3	70291208	71368419	0.169545	0.082711	0.049400	0.136778
chr3	71395576	72944906	0.249247	0.125924	0.078180	0.176794
chr3	72945121	74110773	0.136213	0.076636	0.043105	0.090508
chr3	74129228	75553614	0.159843	0.070352	0.040710	0.135666
chr3	75553636	76195299	-0.057381	-0.030170	-0.015692	-0.042284
chr3	76197150	76987961	0.088109	0.040591	0.017658	0.075128
chr3	76989202	77531268	0.372982	0.266626	0.161456	0.274890
chr3	77547722	80142386	0.310984	0.180688	0.118527	0.252786
chr3	80142479	80857783	0.421849	0.271866	0.165404	0.329396
chr3	80862335	81562876	0.450224	0.297481	0.160820	0.385561
chr3	81584773	83693001	0.062882	0.040308	0.019137	0.050070
chr3	83774032	84683695	0.199167	0.118817	0.068149	0.144761
chr3	84684375	85619656	0.488127	0.237866	0.138603	0.419501
chr3	85622949	86848230	0.291151	0.102008	0.061843	0.218138
chr3	86928380	87724146	0.252855	0.161123	0.081870	0.184156
chr3	87733912	89145388	0.201465	0.091881	0.055770	0.127920
chr3	89159359	90687527	0.651442	0.333402	0.183087	0.491833
chr3	90689252	91722370	-0.065998	-0.050479	-0.018670	-0.052422
chr3	91725734	93622405	-0.207447	-0.081057	-0.050743	-0.142022
chr3	93643761	97232841	0.471125	0.237867	0.133477	0.338583
chr3	97236397	98121850	0.469681	0.420423	0.145727	0.371841
chr3	98123093	99493207	0.152882	0.090819	0.038579	0.106640
chr3	99614080	101901819	0.301887	0.202736	0.122424	0.260741
chr3	101957794	103409493	0.371079	0.204489	0.119932	0.313381
chr3	103409523	105413248	0.454876	0.226819	0.129106	0.378797
chr3	105429168	107197961	0.521238	0.230202	0.144637	0.394415
chr3	107199547	107772405	0.378508	0.245396	0.149359	0.356085
chr3	107773563	108671235	0.377639	0.255556	0.123277	0.290789
chr3	108678904	109929992	0.255702	0.120577	0.071832	0.224447
chr3	110108250	111944429	0.166518	0.070327	0.042573	0.120257
chr3	111950434	113425488	0.093060	0.072930	0.031442	0.081645
chr3	113451289	114076488	0.076395	0.095648	0.032697	0.057382
chr3	114087958	114862458	0.347860	0.223054	0.124704	0.284532
chr3	114867205	115759979	0.333858	0.194674	0.114378	0.273196
chr3	115798677	116822491	-0.091544	-0.076673	-0.037142	-0.075544
chr3	116840922	117336915	-0.033142	-0.029217	-0.014395	-0.025364
chr3	117339992	117901949	0.111461	0.079450	0.042207	0.084583
chr3	117981844	119087088	0.100362	0.041372	0.025656	0.072502
chr3	119130369	119946545	0.173103	0.088584	0.052734	0.124721
chr3	119954154	121387268	-0.065574	-0.034906	-0.017089	-0.042328
chr3	121405294	122228159	0.459024	0.256828	0.157329	0.343384
chr3	122228160	122955871	0.438558	0.240711	0.163355	0.382542
chr3	122981609	123730090	0.374921	0.213109	0.140645	0.327463
chr3	123738243	124306425	-0.051622	-0.033230	-0.018747	-0.031268
chr3	124323648	125498171	-0.299138	-0.206609	-0.105873	-0.228139
chr4	2213596	4644539	-0.281471	-0.255620	-0.092839	-0.211944
chr4	4737075	6857437	0.576888	0.255542	0.162107	0.381406
chr4	6893591	7828422	0.194872	0.072839	0.043749	0.144737
chr4	7855879	8968367	0.282589	0.131023	0.093954	0.219858
chr4	9000614	10370230	0.423077	0.249346	0.143018	0.350061
chr4	10375230	12340367	0.303797	0.138628	0.068996	0.269639
chr4	12340380	13120571	-0.088015	-0.064620	-0.031962	-0.086342
chr4	13120991	13816198	0.033033	0.015314	0.009704	0.015712
chr4	13816215	15817169	0.303871	0.117369	0.072984	0.264162
chr4	15862175	16768311	0.191212	0.105310	0.057408	0.140143
chr4	16801700	17897173	-0.051235	-0.032147	-0.018097	-0.040115
chr4	17901484	19331802	0.176520	0.128550	0.073256	0.136290
chr4	19384536	20771841	0.185407	0.160331	0.079508	0.149038
chr4	20815238	21349296	0.051593	0.045123	0.024531	0.044271
chr4	21352290	21850941	-0.200000	-0.250445	-0.073558	-0.118473
chr4	21875064	22777582	0.452609	0.179401	0.112271	0.259964
chr4	22777583	24150643	0.000000	0.000000	0.000000	-0.000000
chr4	24175243	24887644	0.288576	0.203292	0.101886	0.223949
chr4	24897546	25849839	0.509642	0.346767	0.199935	0.448376
chr4	25864211	27626703	0.026347	0.012465	0.006775	0.023404
chr4	27649967	29110124	0.332160	0.214842	0.119864	0.311674
chr4	29227253	29782949	-0.073132	-0.037962	-0.020857	-0.054245
chr4	29818409	30995000	0.252800	0.149976	0.086885	0.190821
chr4	31009104	32825133	0.692394	0.335380	0.207935	0.633037
chr4	32829484	33492495	0.681180	0.455596	0.246870	0.537631
chr4	33496217	34492503	0.448276	0.413124	0.219181	0.335343
chr4	34494179	36003936	-0.042280	-0.044059	-0.017726	-0.030871
chr4	36009238	38604158	0.425316	0.315345	0.186822	0.375000
chr4	38665783	40768878	0.017112	0.011307	0.005589	0.013151
chr4	40799280	41659233	0.115411	0.067878	0.035846	0.101675
chr4	41688893	42582600	0.135827	0.108405	0.053959	0.107143
chr4	42605728	43224658	0.541277	0.387144	0.225861	0.474172
chr4	43224693	44329647	0.141590	0.079010	0.041812	0.113276
chr4	44357284	47695054	0.052756	0.023993	0.012579	0.064015
chr4	47697757	48689577	0.059847	0.028322	0.015199	0.045181
chr4	48715566	49537137	0.289552	0.136332	0.070146	0.212254
chr4	49548562	50061567	0.213405	0.106457	0.063228	0.168800
chr4	50064945	52140086	0.401445	0.120433	0.080505	0.311129
chr4	52150532	53817973	0.183562	0.095623	0.050452	0.109299
chr4	53817974	55113358	0.286391	0.210291	0.126837	0.249263
chr4	55113876	56224380	-0.130305	-0.107165	-0.043970	-0.102828
chr4	56224754	56989471	-0.231496	-0.104231	-0.053872	-0.160305
chr4	57018211	58243725	0.270154	0.154525	0.070375	0.192190
chr4	58332395	60149058	0.356643	0.196049	0.116357	0.244800
chr4	60168597	60765948	-0.020392	-0.013340	-0.007575	-0.017363
chr4	60765949	63622116	0.104805	0.067572	0.033781	0.081177
chr4	63955347	65748842	0.252739	0.144422	0.083162	0.177570
chr4	65806914	66972371	0.406640	0.276456	0.128071	0.324791
chr4	66972743	68538767	0.461947	0.272017	0.156780	0.363004
chr4	68583389	69557970	0.070312	0.046213	0.023425	0.051253
chr4	69557978	70602767	0.375822	0.165754	0.107850	0.276985
chr4	70604867	71262287	0.281203	0.202271	0.100890	0.230585
chr4	71312328	72771317	0.339748	0.163142	0.102204	0.287774
chr4	72869814	75005462	0.208088	0.083016	0.048302	0.177592
chr4	75033702	76670333	0.044376	0.025613	0.012284	0.035409
chr4	76686588	77453287	-0.030483	-0.027825	-0.011152	-0.043025
chr4	77469383	79964273	0.096327	0.055063	0.028417	0.083969
chr4	79978277	81692388	0.290559	0.160061	0.085364	0.207325
chr5	349328	1470210	0.229687	0.134708	0.073408	0.168047
chr5	1474431	2352584	0.016650	0.009263	0.005774	0.009377
chr5	2352649	2924831	0.095716	0.045190	0.027330	0.066751
chr5	2927962	3549686	-0.018669	-0.013105	-0.005344	-0.010664
chr5	3551267	3815179	0.372864	0.192427	0.112017	0.303196
chr5	3815627	4312972	0.426106	0.226946	0.133876	0.303995
chr5	4312974	4911236	-0.125397	-0.114451	-0.046532	-0.105398
chr5	4930797	5573921	0.260350	0.115440	0.077375	0.202287
chr5	5604602	6146777	0.440587	0.288714	0.164281	0.369955
chr5	6148801	6934700	0.068504	0.039858	0.021661	0.048886
chr5	6978100	7881718	0.255499	0.120487	0.059525	0.211781
chr5	7912833	8487321	-0.018650	-0.009802	-0.005408	-0.016487
chr5	8492023	8852633	0.210784	0.118703	0.080087	0.166052
chr5	8865745	9533021	-0.128637	-0.063420	-0.031230	-0.113924
chr5	9538251	10385381	0.272147	0.145571	0.084647	0.229072
chr5	10399313	11614444	0.261268	0.102810	0.057160	0.181189
chr5	11614647	12170043	0.478297	0.213289	0.131497	0.329077
chr5	12171845	13219385	0.066828	0.039741	0.024107	0.052565
chr5	13220355	13724214	0.174174	0.089593	0.052164	0.126638
chr5	13749001	14262352	0.100155	0.059778	0.033739	0.070246
chr5	14269013	14989007	0.069024	0.035421	0.021797	0.035496
chr5	15003397	15411845	0.263436	0.170808	0.087748	0.200537
chr5	15411848	16173084	0.258741	0.137451	0.071976	0.202505
chr5	16173094	16691862	-0.024590	-0.012019	-0.006749	-0.018337
chr5	16705826	17607702	0.235127	0.116145	0.064711	0.146591
chr5	17816994	19662943	0.219828	0.097514	0.062176	0.199219
chr5	19956046	22505325	0.458439	0.192472	0.129658	0.389505
chr5	22505658	23631492	0.002328	0.000985	0.000518	0.001634
chr5	23698231	24669824	0.152156	0.068788	0.032457	0.139448
chr5	24696497	25522404	0.209125	0.096407	0.056940	0.120803
chr5	25523336	26568130	-0.028963	-0.014955	-0.007313	-0.024204
chr5	26577817	28212711	-0.403820	-0.187105	-0.104992	-0.381935
chr5	28221249	29536371	0.100241	0.035689	0.021608	0.067302
chr5	29543882	30337954	0.004509	0.002483	0.001105	0.027572
chr5	30371665	32250842	0.146930	0.076923	0.038650	0.110379
chr5	32291771	33621046	0.681366	0.468574	0.304514	0.554380
chr5	33621210	36629300	0.222222	0.120758	0.070397	0.170991
chr5	36632075	38861333	0.511050	0.189162	0.122638	0.337058
chr5	38867126	40100165	0.140946	0.109229	0.041356	0.098504
chr5	40116223	41521864	0.145080	0.082050	0.041458	0.118120
chr5	41538706	42420248	0.438326	0.242732	0.139388	0.325543
chr5	42420717	43207207	0.354462	0.144484	0.093151	0.285917
chr5	43207343	44301276	0.528119	0.304851	0.174052	0.432962
chr5	44368191	45409284	0.309467	0.214798	0.097396	0.259161
chr5	45439055	48023692	0.535986	0.257317	0.172245	0.368666
chr5	48245056	48901773	0.026224	0.011056	0.007557	0.018160
chr5	48917739	50259090	-0.162801	-0.101991	-0.044588	-0.122885
chr5	50259786	52147391	0.379310	0.169920	0.119553	0.293262
chr5	52189074	52656190	0.375598	0.256416	0.177803	0.340126
chr5	52663450	53525471	0.543860	0.233656	0.136316	0.442762
chr5	53528412	54819775	0.177678	0.153356	0.066240	0.155705
chr5	54836718	56572782	0.029954	0.019425	0.010636	0.018923
chr5	56573363	57295047	0.210908	0.129955	0.075642	0.181785
chr5	57339304	59361447	0.117958	0.054839	0.033546	0.104972
chr5	59368660	60325182	0.196517	0.115751	0.067705	0.172113
chr5	60443957	61504672	0.511892	0.277078	0.181618	0.322923
chr5	61517953	62074825	0.538462	0.331897	0.197907	0.420849
chr5	62080421	63385614	0.509491	0.378989	0.238112	0.371334
chr5	63385624	64216794	0.109653	0.052537	0.023145	0.089381
chr5	64240749	65705735	0.413945	0.299012	0.171763	0.303560
chr5	65706342	66816090	0.286089	0.137378	0.083088	0.230444
chr5	66828111	67457972	0.299065	0.191553	0.093159	0.220799
chr5	67457981	68393428	0.366964	0.213119	0.118137	0.283562
chr5	68431462	69203381	0.094488	0.052036	0.027280	0.070028
chr5	69203482	69905209	-0.006903	-0.004542	-0.001911	-0.005427
chr5	69917500	70702828	-0.136667	-0.057611	-0.028166	-0.074141
chr6	510912	1232539	0.042974	0.040844	0.014846	0.031065
chr6	1240508	2204520	0.277228	0.133681	0.076751	0.226389
chr6	2208390	3118694	0.002033	0.001323	0.000677	0.001232
chr6	3127583	4658407	0.441781	0.216398	0.141331	0.365819
chr6	4658512	5342676	0.062724	0.037418	0.019516	0.059540
chr6	5366914	5711199	0.523771	0.387786	0.217333	0.350808
chr6	5712090	6125473	0.487826	0.413108	0.177869	0.303736
chr6	6155563	7466378	0.023850	0.015582	0.007130	0.006418
chr6	7469877	8227699	0.178325	0.118650	0.063066	0.148732
chr6	8409589	8834347	0.338174	0.204517	0.129365	0.259427
chr6	8837172	9145860	0.583402	0.300338	0.181516	0.447667
chr6	9157761	10033639	-0.044039	-0.025434	-0.013660	-0.031037
chr6	10034986	10908382	0.141798	0.059188	0.033103	0.106719
chr6	10908483	11654317	0.127950	0.070036	0.039544	0.099249
chr6	11655820	12124032	0.078898	0.067203	0.025193	0.065951
chr6	12141039	12745713	0.367006	0.240019	0.127832	0.319418
chr6	12759930	13178071	0.360616	0.290280	0.174202	0.283982
chr6	13181094	13854634	-0.018486	-0.011702	-0.005809	-0.014334
chr6	13889394	14615212	0.457403	0.254311	0.163876	0.342839
chr6	14624841	15571640	0.383095	0.248487	0.116217	0.264165
chr6	15614133	16021934	0.183882	0.133169	0.060302	0.105413
chr6	16035098	17100068	0.345175	0.225110	0.123053	0.240388
chr6	17111178	19175498	0.368660	0.180437	0.115035	0.279724
chr6	19180242	19828250	-0.246673	-0.189094	-0.083622	-0.161503
chr6	19831310	20775927	0.194783	0.100216	0.048214	0.153362
chr6	20825121	21869985	-0.382195	-0.208020	-0.101840	-0.272727
chr6	21953740	23412885	0.313757	0.193261	0.099859	0.300802
chr6	23477721	24438253	0.035752	0.039443	0.015903	0.019316
chr6	24438296	25027555	-0.066814	-0.059053	-0.024795	-0.038944
chr6	25070543	25581738	0.163902	0.131868	0.054519	0.110381
chr6	25603148	26185930	0.321637	0.196078	0.114068	0.226562
chr6	26247212	27087858	0.105327	0.053781	0.029065	0.082936
chr6	27130839	28275483	0.614206	0.387778	0.197714	0.505734
chr6	28278542	29437285	0.144357	0.118919	0.038234	0.114823
chr6	29466920	31208727	-0.099726	-0.105365	-0.032059	-0.064701
chr6	31221938	32963052	0.496350	0.351162	0.178010	0.356822
chr6	32963057	34097656	0.590635	0.303176	0.189485	0.488655
chr6	34121174	36164501	0.549197	0.311252	0.151201	0.511469
chr6	36400433	39068248	0.593414	0.317912	0.184285	0.514869
chr6	39083479	39677843	0.387690	0.293679	0.157861	0.357938
chr6	39677868	40341463	0.570363	0.291776	0.211691	0.461365
chr6	40363708	41147898	0.051709	0.031652	0.010686	0.044859
chr6	41160140	41613575	0.179677	0.104206	0.043488	0.131222
chr6	41692287	42335954	0.166911	0.077446	0.041541	0.131213
chr6	42345419	43136751	-0.075388	-0.039073	-0.022529	-0.063197
chr6	43142335	43868297	0.451524	0.273605	0.176169	0.364465
chr6	43869030	44488815	0.177966	0.100040	0.054735	0.146853
chr6	44496915	45024206	0.447974	0.254564	0.153759	0.340550
chr6	45026173	45403718	0.289866	0.237605	0.118459	0.220614
chr6	45410149	45654729	0.453333	0.328040	0.182489	0.289256
chr6	45657622	45961766	0.484187	0.319518	0.193348	0.329894
chr6	45963995	46724026	0.129349	0.080641	0.054975	0.101363
chr6	46734738	47261768	0.259690	0.183060	0.091844	0.164619
chr6	47267963	47603350	0.214286	0.207294	0.084260	0.158140
chr6	47623746	47958170	0.079337	0.057778	0.030053	0.054134
chr6	47966696	48189640	0.290076	0.196827	0.128786	0.205405
chr6	48189769	48522491	0.171274	0.131709	0.070772	0.126984
chr6	48523609	49216113	0.035800	0.020348	0.010940	0.042789
chr6	49238081	49841316	0.048529	0.034056	0.019094	0.034571
chr6	49845238	50571953	0.162232	0.108062	0.060115	0.147647
chr6	50577843	51065635	0.323903	0.159979	0.102502	0.272514
chr6	51092558	51730524	0.040462	0.021515	0.012361	0.036374
chr6	51731121	52277550	0.208348	0.081597	0.052424	0.183349
chr7	584908	1221094	0.149508	0.122704	0.051393	0.098525
chr7	1256755	1858092	-0.220290	-0.158169	-0.081175	-0.196636
chr7	1858155	2230338	0.247619	0.168013	0.079914	0.156627
chr7	2230889	2860968	-0.022111	-0.013788	-0.006460	-0.020885
chr7	2866656	3492300	0.374757	0.161506	0.096416	0.257982
chr7	3507456	3890895	-0.147213	-0.085679	-0.042918	-0.094723
chr7	3897431	4356082	-0.087145	-0.033828	-0.023173	-0.064375
chr7	4390475	5195474	0.128781	0.063730	0.037428	0.091762
chr7	5204511	5769750	0.086082	0.056839	0.026763	0.064264
chr7	5812466	6171699	0.323727	0.210779	0.116218	0.297047
chr7	6177700	7658725	-0.174794	-0.129426	-0.060434	-0.149675
chr7	7663204	8714268	0.006627	0.003390	0.001780	0.005269
chr7	8720494	9317670	0.358791	0.229926	0.133235	0.327049
chr7	9347073	10110326	0.102762	0.047376	0.029379	0.111000
chr7	10123051	10972010	0.210223	0.093647	0.055823	0.158681
chr7	10972011	11992447	0.512799	0.196643	0.131401	0.423497
chr7	11995210	13972463	0.156997	0.072567	0.044307	0.133445
chr7	13972565	15136141	0.261929	0.131131	0.083441	0.169069
chr7	15136142	17364083	0.215559	0.076746	0.052956	0.183956
chr7	17399184	19220536	0.128181	0.107723	0.042533	0.098124
chr7	19241417	20479303	0.525589	0.334855	0.167264	0.336832
chr7	20557569	21589759	0.401923	0.262480	0.151862	0.242857
chr7	21589765	22360974	0.158654	0.137100	0.062571	0.136236
chr7	22360977	23353794	0.305071	0.187484	0.109650	0.264082
chr7	23379190	24685508	0.441393	0.292239	0.159025	0.385606
chr7	24705834	26482937	0.451011	0.317157	0.158893	0.363409
chr7	26488688	27925016	0.231954	0.115893	0.061409	0.192954
chr7	27925362	29290065	0.149502	0.079664	0.047034	0.117493
chr7	29291530	30382630	0.535091	0.323292	0.214377	0.507989
chr7	30382650	31932236	-0.007663	-0.003587	-0.001942	-0.005739
chr7	31933578	33648052	0.281915	0.164767	0.066030	0.244240
chr7	33656114	34166368	0.220733	0.167174	0.085055	0.159628
chr7	34173216	34610474	0.381462	0.192706	0.112130	0.291553
chr7	34613648	34998682	-0.152642	-0.137748	-0.052578	-0.104558
chr7	35004915	35738879	0.262000	0.223626	0.114852	0.196992
chr7	35740907	36222342	-0.351515	-0.296391	-0.129212	-0.283966
chr7	36243143	37174490	0.166084	0.108634	0.055176	0.138416
chr7	37276690	37934733	0.411523	0.249377	0.136351	0.343407
chr7	37934734	39497910	0.262222	0.106179	0.069087	0.234127
chr7	39643087	40654024	0.370096	0.176801	0.100557	0.249486
chr7	40654027	41021912	0.065134	0.040284	0.021297	0.046133
chr7	41023629	41404623	0.122214	0.079460	0.040025	0.098819
chr7	41404750	42484483	0.208936	0.076385	0.049939	0.140246
chr7	42490474	43492764	0.480587	0.295962	0.167898	0.312572
chr7	43496937	44099504	0.211556	0.133177	0.069408	0.133294
chr7	44119437	44638847	0.186528	0.107303	0.048701	0.151007
chr7	44650459	45442525	0.070240	0.028369	0.015973	0.033835
chr7	45442755	45706240	0.140797	0.086775	0.049149	0.108781
chr7	45707696	45987605	0.274354	0.147004	0.091360	0.174922
chr7	45988187	46493809	0.152700	0.117605	0.057203	0.127877
chr7	46535543	46988326	0.029894	0.016600	0.010081	0.020143
chr8	198088	761113	-0.281588	-0.198221	-0.093190	-0.174107
chr8	764894	1426305	-0.006019	-0.003552	-0.001980	0.014420
chr8	1441908	2230595	0.144259	0.085341	0.042181	0.092048
chr8	2230606	2521232	-0.056502	-0.052720	-0.018973	-0.018280
chr8	2522349	2823038	-0.112550	-0.112326	-0.036964	-0.049383
chr8	2831929	3232963	-0.057765	-0.039961	-0.020398	-0.047918
chr8	3236509	3925507	0.307777	0.171446	0.095676	0.215600
chr8	3932071	4310332	0.065300	0.037233	0.022246	0.056387
chr8	4310373	4623828	-0.053082	-0.052744	-0.022076	-0.041223
chr8	4623831	4995633	0.032451	0.024177	0.012625	0.016393
chr8	5006318	5319363	0.063477	0.032387	0.018789	0.028902
chr8	5333587	5724218	-0.054916	-0.027349	-0.016732	-0.049261
chr8	5724386	6021673	0.106834	0.063970	0.035500	0.080760
chr8	6028728	6312728	0.009225	0.007880	0.003419	0.006812
chr8	6312915	6577171	-0.047467	-0.033024	-0.015347	-0.032829
chr8	6577180	7041653	0.056929	0.047456	0.018962	0.043326
chr8	7050170	7289032	-0.235355	-0.178418	-0.084799	-0.116411
chr8	7289228	7576100	0.026515	0.015867	0.008835	0.029603
chr8	7579149	8153137	0.074286	0.034178	0.017663	0.063498
chr8	8160545	8524617	0.235929	0.137081	0.082775	0.200250
chr8	8525834	9291121	0.082690	0.047695	0.025351	0.056604
chr8	9307643	9712213	-0.118718	-0.081402	-0.046050	-0.087652
chr8	9778578	10664615	0.513373	0.228827	0.144447	0.369716
chr8	10665055	12490391	-0.076132	-0.038105	-0.020133	-0.048901
chr8	12563386	13474053	-0.105145	-0.111727	-0.034905	-0.078203
chr8	13522826	15095231	0.473980	0.187691	0.130912	0.373614
chr8	15308519	16216379	0.106522	0.070784	0.035507	0.069909
chr8	16216406	17211258	0.427512	0.175131	0.115771	0.341386
chr8	17222998	19035683	0.131429	0.059453	0.035184	0.109301
chr8	19071898	20889851	0.248503	0.170519	0.085237	0.198327
chr8	20892024	22601552	0.540328	0.276673	0.168172	0.448802
chr8	22610841	24949285	0.233491	0.122474	0.072982	0.198397
chr8	24949322	26861365	0.195122	0.123881	0.070031	0.140969
chr8	26960665	29462939	0.171649	0.069463	0.043913	0.136086
chr8	29476122	29949981	0.236052	0.114440	0.075883	0.183701
chr8	29971390	31052574	0.398374	0.194027	0.116922	0.333333
chr8	31054935	32378221	0.290073	0.106676	0.078140	0.224380
chr8	32378228	33166166	0.125755	0.091530	0.051774	0.108601
chr8	33170628	33946032	0.446828	0.220890	0.154616	0.304631
chr8	33951395	34386742	0.343636	0.205491	0.123328	0.216743
chr8	34388285	34763954	0.397313	0.203740	0.141514	0.280445
chr8	34765769	35207475	0.074647	0.041218	0.024966	0.067153
chr8	35236482	35796980	-0.232595	-0.116343	-0.066940	-0.151079
chr8	35799512	36479240	0.028140	0.011714	0.007468	0.019652
chr8	36487050	37129771	-0.024230	-0.011530	-0.005987	-0.019002
chr8	37136867	37514829	0.104685	0.065343	0.029058	0.071301
chr8	37517979	37930252	-0.073288	-0.053920	-0.023313	-0.062589
chr8	37954245	38567638	0.288421	0.135342	0.085305	0.179085
chr8	38578688	39107507	-0.002686	-0.001380	-0.000825	-0.001853
chr8	39110566	39744070	0.355621	0.201847	0.126700	0.320876
chr8	39767745	40229871	0.127556	0.066633	0.035700	0.056047
chr8	40230054	40410773	0.438581	0.233754	0.158579	0.291063
chr8	40411972	41041652	0.336102	0.193157	0.131554	0.275617
chr8	41141059	41496197	0.267717	0.207760	0.098608	0.224274
chr8	41509487	42158656	0.385185	0.217018	0.121780	0.305882
chr8	42205091	42788648	-0.010695	-0.004473	-0.002742	0.008264
chr8	42793507	43301485	-0.009319	-0.006819	-0.003612	-0.007077
chr9	583385	1191305	0.315865	0.169674	0.091854	0.209068
chr9	1211135	2356561	0.335457	0.213067	0.102976	0.282839
chr9	2411564	2905809	0.010058	0.006577	0.003224	0.006327
chr9	2907608	3737196	0.399628	0.192998	0.099124	0.273537
chr9	3755546	4131212	0.371324	0.265527	0.137743	0.283708
chr9	4142430	4611115	-0.078446	-0.053590	-0.025808	-0.060482
chr9	4611385	5150578	-0.000000	-0.000000	-0.000000	0.000000
chr9	5161232	6474391	0.392484	0.195884	0.108718	0.239509
chr9	6479251	6962401	0.026022	0.018466	0.010962	0.019737
chr9	6966723	8409664	-0.025492	-0.008950	-0.005927	-0.021097
chr9	8479049	9795134	0.528217	0.286985	0.202444	0.488877
chr9	9800925	10582038	0.240725	0.090845	0.056284	0.193377
chr9	10597343	11064328	0.255396	0.137119	0.090079	0.197113
chr9	11064342	11561852	0.346850	0.172893	0.109963	0.298551
chr9	11563121	11919619	0.440750	0.280978	0.153504	0.348358
chr9	11923592	12762191	0.061286	0.031388	0.016418	0.046750
chr9	12762764	13393542	0.657253	0.363249	0.177500	0.612440
chr9	13410759	13789560	0.082375	0.070185	0.026942	0.068027
chr9	13789974	14508253	0.307317	0.172053	0.086410	0.291139
chr9	14512407	15764634	0.205977	0.152740	0.059810	0.141588
chr9	15812436	16601925	0.077807	0.056525	0.023749	0.059481
chr9	16602669	17164969	0.279524	0.230634	0.119854	0.186826
chr9	17182804	18222934	0.380306	0.180282	0.106629	0.302294
chr9	18227045	19536323	0.235197	0.095941	0.062795	0.180101
chr9	19540046	21712070	0.555443	0.210718	0.142468	0.397896
chr9	21718302	22631573	0.379366	0.240784	0.154969	0.313213
chr9	22649567	26066383	0.568421	0.218978	0.156962	0.483871
chr9	26084527	27662413	0.330907	0.172504	0.089390	0.295057
chr9	27662487	28919030	-0.005534	-0.003575	-0.001642	0.003636
chr9	28919031	30203753	0.090406	0.046589	0.020728	0.063802
chr9	30210351	31328373	0.266578	0.090868	0.064902	0.238154
chr9	31346597	31824866	-0.158447	-0.075287	-0.044803	-0.107132
chr9	31831859	32552434	0.359572	0.197407	0.125329	0.305838
chr9	32558074	33633351	0.081312	0.041575	0.022463	0.076566
chr9	33633478	34527035	-0.069559	-0.038327	-0.021605	-0.058675
chr9	34528844	35341442	0.094783	0.048224	0.032150	0.077015
chr9	35343225	36058903	0.278239	0.143736	0.089490	0.243139
chr9	36064899	36750715	0.207770	0.145562	0.073389	0.178851
chr9	36753140	37508984	0.312779	0.202605	0.105980	0.233379
chr9	37534142	38387847	0.344153	0.256671	0.148260	0.286812
chr9	38400708	38660010	0.329964	0.261442	0.120517	0.245303
chr9	38674467	39457954	0.169471	0.077700	0.048738	0.122929
chr9	39457982	40112394	-0.263478	-0.207962	-0.102555	-0.204834
chr9	40113697	40661242	0.059675	0.035938	0.019234	0.046235
chr9	40683975	41612578	0.025812	0.013091	0.007570	0.022254
chr9	41644343	42573889	-0.192171	-0.134496	-0.061095	-0.156069
chr9	42578390	43193566	0.303053	0.207600	0.122905	0.260221
chr10	2883786	5957736	0.136691	0.048248	0.031163	0.103599
chr10	5957766	8077921	0.530120	0.259731	0.147080	0.442211
chr10	8131355	10573999	0.257257	0.094537	0.062990	0.193670
chr10	10615971	12547684	0.484496	0.287971	0.166461	0.428711
chr10	12551473	13952285	0.603581	0.384835	0.210456	0.481142
chr10	13970981	15523308	-0.190157	-0.169435	-0.068947	-0.178947
chr10	15524259	16741067	0.101746	0.077998	0.043282	0.070064
chr10	16912931	18852392	0.250847	0.158373	0.090742	0.184466
chr10	18852420	19366037	0.163895	0.122384	0.053480	0.164737
chr10	19388766	20017786	0.005655	0.005017	0.002274	0.004102
chr10	20025877	21416293	0.510373	0.209504	0.116898	0.338098
chr10	21419120	23083978	0.542857	0.194302	0.141912	0.427103
chr10	23123431	24909118	0.517241	0.253462	0.133416	0.394737
chr10	24918270	25688477	0.248902	0.150776	0.078044	0.225554
chr10	25752635	26357577	0.319224	0.219327	0.099369	0.262700
chr10	26365380	26745272	0.197479	0.129254	0.061228	0.138643
chr10	26770329	27164899	0.128378	0.097400	0.049259	0.088255
chr10	27166277	27918089	0.034331	0.022707	0.009778	0.029658
chr10	27918332	29079877	0.326672	0.188931	0.123762	0.272611
chr10	29079918	30530464	0.125673	0.048077	0.029010	0.109034
chr10	30563884	30787597	0.099948	0.070515	0.039598	0.071881
chr10	30800461	31240206	0.195525	0.086248	0.053880	0.169089
chr10	31248928	32699373	0.161454	0.089419	0.051275	0.128102
chr10	32765500	33406886	0.499225	0.260202	0.185004	0.424603
chr10	33440114	33822469	0.112211	0.053177	0.032606	0.080283
chr10	33825216	34376275	0.333833	0.174066	0.101936	0.265672
chr10	34435068	35341915	0.170155	0.074950	0.040560	0.110830
chr10	35383218	36234759	0.252944	0.115434	0.064543	0.203119
chr10	36240559	36855325	0.094107	0.055773	0.026777	0.078503
chr10	36859775	37496387	0.003717	0.001652	0.001002	0.019900
chr10	37526226	38792062	-0.455749	-0.406492	-0.161135	-0.383254
chr10	38795670	39140898	-0.019108	-0.013544	-0.006359	-0.026549
chr10	39140990	39624975	0.283979	0.140575	0.089463	0.254768
chr10	39636985	40782801	0.346888	0.173480	0.095423	0.236961
chr11	260944	2822519	0.371771	0.123091	0.078626	0.278642
chr11	2822603	3177906	0.408407	0.251840	0.112799	0.256603
chr11	3181783	3787279	0.291553	0.167712	0.096803	0.241535
chr11	3788262	4063676	0.578776	0.320307	0.206675	0.453465
chr11	4075950	4433064	0.198910	0.112452	0.060082	0.149284
chr11	4466947	4988235	-0.145707	-0.080248	-0.047237	-0.100962
chr11	5069093	5586924	0.340090	0.167005	0.094365	0.276051
chr11	5588736	5913610	0.292564	0.141605	0.086304	0.211307
chr11	5915430	6459485	0.221254	0.142138	0.073432	0.180654
chr11	6494036	7298574	0.339286	0.201932	0.107138	0.246172
chr11	7300316	7663307	-0.068146	-0.029237	-0.018692	-0.056878
chr11	7665113	7877620	0.110561	0.081212	0.040024	0.105068
chr11	7879339	8286886	-0.015586	-0.012500	-0.004956	-0.009636
chr11	8294090	8611103	0.271264	0.170685	0.111076	0.205788
chr11	8624080	9432303	0.027680	0.010273	0.006848	0.021545
chr11	9434970	9953483	-0.072365	-0.073157	-0.036510	-0.065229
chr11	9953503	10587706	0.545455	0.230736	0.159549	0.469751
chr11	10619126	11075743	-0.118609	-0.081863	-0.034617	-0.089783
chr11	11079911	11355358	0.302483	0.203107	0.134067	0.202417
chr11	11366951	11869477	0.112477	0.054807	0.024547	0.074640
chr11	11906348	12536212	-0.007651	-0.005951	-0.002762	-0.009756
chr11	12538863	13328600	0.283658	0.140964	0.075205	0.233775
chr11	13332500	13925262	0.382473	0.218122	0.120005	0.290242
chr11	13929540	14532166	0.349747	0.257669	0.152896	0.282621
chr11	14540786	14853241	-0.095280	-0.074811	-0.033533	-0.071102
chr11	14853575	15430857	0.136968	0.066624	0.039134	0.120468
chr11	15438363	16213983	-0.058279	-0.030928	-0.015986	-0.072827
chr11	16235985	16710169	0.158165	0.139403	0.066141	0.121023
chr11	16717751	17318393	-0.191621	-0.186626	-0.074096	-0.168730
chr11	17346115	17839670	0.500000	0.230023	0.148303	0.380734
chr11	17839676	18926030	-0.175573	-0.133851	-0.051984	-0.144637
chr11	18927799	20928862	0.319736	0.148179	0.076624	0.280379
chr11	21013511	22607684	-0.039484	-0.024911	-0.015168	-0.019363
chr11	22622251	23505916	0.204830	0.128004	0.060279	0.177743
chr11	23505917	25568341	0.071330	0.035493	0.022945	0.064935
chr11	25569838	26897652	-0.122886	-0.066404	-0.034903	-0.101379
chr11	26918499	27643206	0.241525	0.172989	0.089272	0.160405
chr11	27666841	28078716	0.027379	0.019839	0.009144	0.022526
chr11	28081792	28531200	0.115556	0.072829	0.031793	0.097015
chr11	28547000	29131058	0.476706	0.282413	0.157143	0.333837
chr11	29134483	29594065	0.032527	0.030035	0.013140	0.020433
chr11	29594107	30006999	0.273026	0.240318	0.123260	0.222432
chr11	30030984	30631670	0.332113	0.178818	0.088764	0.233741
chr11	30633861	31109055	0.240705	0.155382	0.078524	0.187370
chr11	31109312	31392510	0.359912	0.262891	0.148483	0.292162
chr11	31395912	31822652	0.055192	0.041001	0.019063	0.039571
chr11	31827102	32140604	0.421538	0.321596	0.205737	0.367358
chr11	32140670	33226630	0.300885	0.175587	0.097650	0.245407
chr11	33226641	33563235	0.187773	0.146060	0.074549	0.133292
chr11	33564156	34106526	0.295385	0.172662	0.087193	0.176471
chr11	34106690	34537493	0.398261	0.203194	0.118653	0.285893
chr11	34554156	34913319	0.243882	0.156132	0.096205	0.184665
chr11	34951314	35368586	0.073636	0.053300	0.024207	0.054382
chr11	35372926	35811696	0.364782	0.223694	0.132444	0.333771
chr11	35813292	36534075	-0.076463	-0.043637	-0.020768	-0.062391
chr11	36534100	36967112	-0.077945	-0.058240	-0.026610	-0.054523
chr11	36976095	37531748	0.233745	0.133240	0.072054	0.186597
chr11	37531749	38426887	0.415842	0.325942	0.158704	0.348341
chr12	1032447	3348353	0.090444	0.072865	0.032408	0.068641
chr12	3376797	4798856	0.173618	0.091048	0.055815	0.123875
chr12	4809424	7817775	0.172938	0.061679	0.036983	0.161954
chr12	7845726	9799728	0.205101	0.076481	0.044455	0.172996
chr12	9803184	10700039	0.174617	0.091791	0.056256	0.112660
chr12	10700048	11997484	0.112186	0.056835	0.036193	0.072864
chr12	12000720	14394419	0.209748	0.104555	0.068602	0.151097
chr12	14399575	15134593	0.385782	0.249847	0.148243	0.256136
chr12	15151756	16419771	0.086753	0.037317	0.018746	0.051821
chr12	16436369	17215622	0.016013	0.008937	0.003545	0.010265
chr12	17215855	18027122	0.050725	0.040346	0.015096	0.038147
chr12	18069304	18779077	-0.081352	-0.070169	-0.025139	-0.095398
chr12	18787310	19913704	0.123862	0.047255	0.030432	0.114083
chr12	19927107	20633909	-0.063819	-0.038672	-0.018242	-0.047432
chr12	20637230	21405350	0.301934	0.224023	0.097660	0.245430
chr12	21441949	22506215	0.616162	0.384555	0.217922	0.514768
chr12	22510332	22876372	0.247328	0.126021	0.075807	0.215426
chr12	22881689	23356357	0.206485	0.090705	0.059797	0.143902
chr12	23390652	23730057	0.146259	0.059198	0.040112	0.101176
chr12	23731227	24213801	-0.004170	-0.001575	-0.001022	-0.003353
chr12	24289132	24936923	-0.064364	-0.023624	-0.016280	-0.038280
chr12	24958010	25528891	0.250886	0.183610	0.105640	0.219059
chr12	25554954	25952806	0.028674	0.017142	0.008598	0.019518
chr12	25952910	26341568	-0.177520	-0.124414	-0.056719	-0.137231
chr12	26349382	27137907	0.229088	0.134901	0.065797	0.173291
chr12	27137917	28084135	0.158197	0.130759	0.057845	0.113463
chr12	28089619	28921122	0.501725	0.397510	0.234378	0.373893
chr12	28955643	29635204	0.109325	0.063955	0.032822	0.085132
chr12	29641601	29835978	0.287534	0.184958	0.117124	0.206806
chr12	29841704	30492798	0.603022	0.376501	0.251144	0.520759
chr12	30494954	30921098	0.217178	0.102967	0.057300	0.136469
chr12	30922077	31331905	0.045652	0.028856	0.015016	0.031019
chr12	31334159	31633177	0.051495	0.029566	0.017484	0.033146
chr12	31637130	32019017	0.272425	0.126081	0.081410	0.186788
chr12	32041489	32540979	0.355577	0.192021	0.107045	0.261754
chr12	32549651	33362384	-0.020443	-0.012152	-0.006733	-0.015979
chr12	33369041	34951836	0.001305	0.000480	0.000300	0.001105
chr13	870991	2088029	0.189125	0.097899	0.055543	0.159363
chr13	2115894	2516388	0.482987	0.339422	0.177215	0.354795
chr13	2529118	3261773	0.328921	0.150723	0.092062	0.248787
chr13	3262023	3719026	-0.151913	-0.110274	-0.051310	-0.103645
chr13	3740072	4137990	0.050000	0.028325	0.015367	0.048601
chr13	4146806	4510171	0.397975	0.208104	0.125847	0.327774
chr13	4512290	5191819	0.154571	0.062027	0.039452	0.108205
chr13	5202285	5567446	-0.194574	-0.103367	-0.057791	-0.146762
chr13	5569583	6130957	0.421774	0.244361	0.148855	0.300159
chr13	6132754	6683490	0.494746	0.201714	0.138007	0.301292
chr13	6684040	7723046	-0.044470	-0.023150	-0.012102	-0.020906
chr13	7770069	8334412	0.314159	0.130475	0.085328	0.250000
chr13	8343589	8856000	0.230422	0.114843	0.068664	0.168502
chr13	8948501	9534723	0.075021	0.055118	0.027055	0.057197
chr13	9534765	10764686	0.093461	0.043478	0.026503	0.057388
chr13	10793068	11746966	-0.113719	-0.058214	-0.026895	-0.095093
chr13	11752528	12154853	-0.001976	-0.001723	-0.000814	-0.001357
chr13	12156501	12513590	0.256461	0.129518	0.063516	0.196049
chr13	12513623	13122575	0.110719	0.064397	0.036717	0.078461
chr13	13134046	13753567	0.459299	0.228578	0.130319	0.306720
chr13	13754083	14704976	-0.136240	-0.068104	-0.034618	-0.120482
chr13	14705015	15541013	0.253137	0.128368	0.077990	0.210559
chr13	15545750	17156202	0.086245	0.037656	0.023296	0.068802
chr13	17190791	18624472	0.023941	0.017190	0.007956	0.017639
chr13	18624473	19988418	0.210604	0.115230	0.064183	0.161290
chr13	20018053	20486963	-0.052308	-0.034367	-0.019202	-0.034343
chr13	20492306	21159527	0.056968	0.047008	0.019301	0.042401
chr13	21161476	22038143	0.610039	0.324352	0.211761	0.414698
chr13	22163479	22863183	0.105907	0.116990	0.042603	0.068081
chr13	22875977	23594494	0.413613	0.303496	0.149282	0.294556
chr13	23595231	24033937	-0.025717	-0.024482	-0.007921	-0.018492
chr13	24033938	24467288	0.562021	0.352630	0.229053	0.395901
chr13	24469554	25142147	0.107176	0.063483	0.028743	0.078072
chr13	25151118	26031484	0.110704	0.054127	0.030923	0.079273
chr13	26034444	27459131	0.352150	0.180427	0.122839	0.315865
chr13	27459963	27691344	0.199025	0.141865	0.079160	0.164983
chr13	27743071	28031379	0.033825	0.030781	0.015498	0.005795
chr13	28042556	28517069	-0.019625	-0.013329	-0.006595	-0.010695
chr13	28519809	28808163	-0.129921	-0.131901	-0.048713	-0.092958
chr13	28841608	29334711	0.395904	0.290272	0.163467	0.314528
chr13	29350604	29844116	0.278101	0.246988	0.094751	0.184987
chr13	29880424	30524887	0.117757	0.047583	0.030672	0.079646
chr13	30531154	30843844	0.036855	0.026798	0.013523	0.019815
chr13	30855757	31414204	-0.013186	-0.008356	-0.004242	-0.016810
chr13	31416659	31874691	-0.037071	-0.018282	-0.009613	-0.036458
chr13	31875995	32506865	0.313464	0.202523	0.117330	0.243684
chr13	32507673	33119696	-0.100000	-0.071323	-0.039829	-0.084556
chr13	33131481	33620479	0.254576	0.149378	0.086821	0.199463
chr14	594444	1672008	-0.136842	-0.064489	-0.034586	-0.104000
chr14	1673130	2126831	0.166147	0.108218	0.050529	0.123267
chr14	2153712	2904431	0.342618	0.119163	0.077720	0.220603
chr14	2909390	3817234	0.697151	0.455771	0.281222	0.508753
chr14	3820798	4997100	-0.079545	-0.034451	-0.018367	-0.067146
chr14	5002888	5631970	0.236563	0.089451	0.056364	0.189237
chr14	5635407	6284845	0.257286	0.138876	0.075256	0.189577
chr14	6316668	7239001	0.241317	0.137250	0.077491	0.194758
chr14	7249182	8264166	0.049924	0.014768	0.009690	0.046676
chr14	8327982	8821101	0.157983	0.092794	0.046535	0.101622
chr14	8828358	9294519	0.164589	0.099099	0.046294	0.138790
chr14	9312290	9605245	0.487876	0.340786	0.185199	0.297756
chr14	9611537	10512702	0.192875	0.082787	0.054058	0.145803
chr14	10515165	11002331	-0.055731	-0.035216	-0.016772	-0.029891
chr14	11007664	11268715	0.264706	0.164827	0.098168	0.225209
chr14	11281228	12443160	0.195029	0.076447	0.047977	0.134565
chr14	12450733	13028435	0.108617	0.067682	0.037149	0.086114
chr15	574018	1116300	0.484500	0.274576	0.173636	0.396183
chr15	1131453	1775806	0.427981	0.226766	0.148832	0.383097
chr15	1861622	2557339	0.213933	0.121223	0.067536	0.181375
chr15	2563344	3020008	-0.169335	-0.112728	-0.058629	-0.135458
chr15	3020778	3526748	0.179601	0.058162	0.039997	0.155470
chr15	3526977	4131698	0.158488	0.082088	0.044862	0.139848
chr15	4142104	4895686	-0.147959	-0.089025	-0.031326	-0.117534
chr15	4895687	5147996	0.090781	0.072492	0.029965	0.079581
chr15	5149891	5496817	0.272381	0.167644	0.094172	0.190316
chr15	5549712	5749493	0.301426	0.197136	0.087496	0.196547
chr15	5783672	6182926	0.114831	0.073748	0.040892	0.094882
chr15	6318301	6911623	0.006873	0.003158	0.001645	0.005340
chr15	6952596	7352361	0.292827	0.153032	0.088520	0.224015
chr15	7352375	7821641	0.282581	0.138739	0.085698	0.196680
chr15	7830230	8512543	0.326211	0.172278	0.095616	0.289507
chr15	8527774	9283477	0.416769	0.207536	0.130091	0.336335
chr15	9301980	9820395	0.389427	0.203383	0.112594	0.350771
chr15	9897404	10857134	0.190341	0.118900	0.057721	0.159714
chr15	10872769	11573685	0.242124	0.102672	0.063005	0.168864
chr15	11597986	12023481	0.561914	0.402757	0.234488	0.395574
chr15	12027906	12508561	0.264151	0.175860	0.091620	0.183623
chr16	242256	693117	0.259968	0.141309	0.084819	0.192584
chr16	720242	1418511	-0.150123	-0.109844	-0.054782	-0.130435
chr16	1431312	2618275	0.372014	0.217348	0.138062	0.267157
chr16	2640346	3854085	0.286025	0.132140	0.079023	0.233694
chr16	3856885	4332792	0.107195	0.038763	0.030350	0.082164
chr16	4333320	5396764	0.236769	0.118247	0.070549	0.172414
chr16	5418179	5894418	0.107934	0.070823	0.035476	0.075630
chr16	5927769	7097147	0.080460	0.038877	0.018198	0.046358
chr16	7103776	7566459	0.826560	0.487012	0.357754	0.706568
chr16	7596407	8878457	0.042211	0.022920	0.009757	0.048847
chr16	8881851	9286469	0.135266	0.075438	0.042743	0.094595
chr17	230748	556458	0.404092	0.223756	0.123401	0.329167
chr17	566145	870708	0.199007	0.117906	0.067679	0.141947
chr17	873460	1454568	0.190164	0.110397	0.063780	0.146465
chr17	1468306	2213704	0.239933	0.107955	0.066388	0.191689
chr17	2213755	2667279	0.004281	0.002546	0.001055	0.015254
chr17	2668656	3435194	-0.082878	-0.040097	-0.020144	-0.061611
chr17	3438460	3968568	-0.015200	-0.006416	-0.004019	0.011075
chr17	3974538	4396825	0.290437	0.192598	0.090727	0.231966
chr17	4396913	4999993	0.032360	0.021349	0.010891	0.012757
chr17	5001242	6040883	0.414754	0.131394	0.086481	0.338235
chr17	6041891	7166832	0.312920	0.123800	0.084595	0.239321
chr17	7167372	8304018	0.462201	0.172870	0.116176	0.318028
chr18	1012630	2059041	0.286275	0.113867	0.066010	0.236552
chr18	2059946	3300913	0.187126	0.159608	0.072887	0.113347
chr18	3345258	3806078	0.267736	0.176405	0.100491	0.187463
chr18	3821883	4466859	0.154251	0.085244	0.052617	0.095090
chr18	4467051	5046819	-0.019820	-0.015027	-0.006924	-0.005758
chr18	5056697	5462794	0.154331	0.120950	0.065431	0.111617
chr18	5464496	5805794	0.027883	0.022680	0.009726	0.007143
chr18	5806345	6554080	0.050818	0.044096	0.017096	0.036669
chr18	6556275	7231911	0.134607	0.064509	0.037570	0.086202
chr18	7236630	7893284	0.046699	0.029044	0.016188	0.031566
chr19	342357	2219826	-0.136589	-0.089084	-0.046311	-0.114404
chr19	2219908	3095374	-0.287543	-0.194348	-0.094016	-0.248794
chr19	3104050	4023283	0.037245	0.020475	0.010756	0.028721
chr19	4035659	4507502	-0.133949	-0.066552	-0.029847	-0.084098
chr19	4536672	5557698	0.382582	0.169714	0.092403	0.256018
chr19	5593692	6095033	0.141051	0.104920	0.056071	0.084647
chr19	6095084	6643226	0.432070	0.239702	0.134829	0.346814
chr19	6649394	7307739	0.091674	0.041185	0.023406	0.064559
chr19	7309977	8087686	0.295675	0.118794	0.073772	0.234758
chr20	76566	467744	0.210755	0.180267	0.077045	0.181355
chr20	480591	1280028	0.120451	0.086389	0.038536	0.083184
chr20	1286048	2074899	0.159657	0.124207	0.075334	0.140052
chr20	2115675	2606332	-0.084811	-0.063086	-0.029791	-0.030796
chr20	2632775	3172405	0.278884	0.154015	0.087954	0.175070
chr20	3175169	3652240	0.152245	0.089677	0.041228	0.071478
chr20	3718597	4087465	0.277778	0.140783	0.077783	0.195599
chr20	4087474	4392394	0.324176	0.217378	0.134883	0.220974
chr20	4392528	4972425	0.370417	0.219695	0.133485	0.289240
chr20	4972437	5312975	0.113326	0.090414	0.045695	0.078621
chr20	5313089	5848411	0.092409	0.073491	0.026407	0.070707
chr20	5849684	6323565	0.033276	0.023473	0.010609	0.024239
chr20	6323578	6750560	0.333912	0.228190	0.142249	0.225051
chr21	276633	1033264	0.142026	0.067871	0.036879	0.100321
chr21	1033408	2015090	-0.020833	-0.011216	-0.006121	-0.014686
chr21	2015423	2962443	-0.050783	-0.027912	-0.014184	-0.040364
chr21	2962470	3939481	-0.046420	-0.027622	-0.015359	-0.028852
chr21	3948183	4900063	0.366795	0.176334	0.074067	0.222222
chr21	4904696	5538462	0.332364	0.194675	0.117360	0.267095
chr21	5540401	6390928	0.203741	0.111050	0.069271	0.161290
chr22	184292	1188954	-0.179089	-0.120181	-0.055139	-0.115874
chr22	1195214	2086011	0.202145	0.084483	0.048917	0.145352
chr22	2086039	3003883	0.427347	0.253883	0.145463	0.334003
chr22	3012581	3720980	0.134650	0.074571	0.042427	0.087617
chr22	3729647	4353138	0.034273	0.016225	0.009704	0.024513
chr22	4366503	5275024	-0.118737	-0.057678	-0.034894	-0.111746
chr22	5304709	5636381	-0.046003	-0.022509	-0.013277	-0.034004
chr23	68674	815230	0.087171	0.042915	0.023325	0.069645
chr23	830684	1196931	0.191118	0.116229	0.065232	0.128366
chr23	1202939	1743251	0.280533	0.173218	0.098199	0.267915
chr23	1751296	2616325	0.478562	0.319778	0.160111	0.365364
chr24	478846	840578	-0.090576	-0.081988	-0.028943	-0.062535
chr24	850706	1587217	-0.038995	-0.022636	-0.012014	-0.030970
chr24	1587431	2302499	-0.003653	-0.001694	-0.000960	0.012225
chrZ	718415	740511	0.483117	0.281427	0.106003	0.350294
chrZ	746188	1416721	0.301476	0.149191	0.071115	0.272036
chrZ	1417009	3264930	0.596756	0.293180	0.199949	0.506892
chrZ	3274641	3851724	-0.137181	-0.105263	-0.045662	-0.083333
chrZ	3866736	4279096	0.096215	0.077918	0.041581	0.067757
chrZ	4280660	4361825	0.270627	0.380510	0.187357	0.186364
chrZ	4363208	4424543	0.376151	0.330072	0.242500	0.256444
chrZ	4424600	4513597	0.247479	0.241395	0.163785	0.176702
chrZ	4514698	4551458	0.123798	0.182301	0.098423	0.083672
chrZ	4551486	4609148	0.259076	0.284420	0.173035	0.178612
chrZ	4609184	4634267	0.209451	0.396614	0.174283	0.126739
chrZ	4634312	4948922	0.399789	0.440186	0.247389	0.294292
chrZ	4948961	5351289	0.185065	0.247557	0.110859	0.130435
chrZ	5351316	6789156	0.360106	0.491270	0.243002	0.271277
chrZ	6815826	7238521	0.404555	0.528434	0.289688	0.256149
chrZ	7240209	8873573	0.270925	0.407960	0.205000	0.196486
chrZ	8877869	9264938	0.368396	0.433889	0.249680	0.275485
chrZ	9264949	9435315	0.253361	0.294294	0.151844	0.173390
chrZ	9435362	10278090	0.118662	0.149153	0.064365	0.086207
chrZ	10304828	12683866	0.345745	0.163960	0.110862	0.294118
chrZ	12758602	17697705	0.426859	0.286519	0.134289	0.298658
chrZ	17697717	21203245	0.407269	0.310921	0.192681	0.334353
chrZ	22131601	25604586	0.152568	0.158225	0.070074	0.115429
chrZ	25719605	45508932	0.269597	0.132724	0.067706	0.223506
chrZ	45841427	76210992	0.489127	0.190329	0.102119	0.413956
