chr	windowStart	windowEnd	D	f_d	f_dM	d_f
chr1	1475975	2023225	0.138089	0.057232	0.032944	0.084251
chr1	2031053	2482066	-0.100917	-0.046218	-0.028072	-0.059429
chr1	2499841	3389077	-0.393939	-0.157576	-0.091176	-0.292401
chr1	3389126	4465980	0.203024	0.056287	0.038944	0.119441
chr1	4509224	5377139	-0.012308	-0.003845	-0.002293	-0.008584
chr1	5377266	6773225	0.153689	0.054673	0.032541	0.107245
chr1	6774141	7571086	0.243355	0.067946	0.045023	0.182537
chr1	7571966	8106120	0.170491	0.059961	0.041367	0.119142
chr1	8117204	8755093	0.189781	0.088720	0.044466	0.125000
chr1	8776189	12146777	0.291716	0.079406	0.051394	0.203297
chr1	12162397	14276881	0.227120	0.067828	0.040843	0.196325
chr1	14283390	15596517	0.252898	0.064891	0.045279	0.146433
chr1	15612048	17120783	-0.203991	-0.042294	-0.028186	-0.146802
chr1	17132834	18666361	-0.129758	-0.046744	-0.021484	-0.101695
chr1	18666401	22610852	0.111551	0.023399	0.014884	0.102780
chr1	22617366	24581186	0.131833	0.033279	0.021781	0.099274
chr1	24669786	26115394	0.165033	0.043413	0.026603	0.131851
chr1	26135807	28069921	0.109924	0.037500	0.022145	0.120133
chr1	28080455	29817328	0.082943	0.020099	0.012651	0.064099
chr1	29837782	32378767	-0.021198	-0.006150	-0.003723	-0.015003
chr1	32396683	33816836	-0.136290	-0.039154	-0.023345	-0.109462
chr1	33816935	36100831	-0.154605	-0.049601	-0.027838	-0.122078
chr1	36259371	36988195	0.116546	0.046826	0.028502	0.099781
chr1	36992839	38209931	0.031370	0.008108	0.005780	0.026098
chr1	38221134	39516567	0.268363	0.091208	0.060929	0.232248
chr1	39522706	41636563	0.071865	0.016934	0.011498	0.059045
chr1	41638636	43469751	0.165985	0.041647	0.029341	0.109778
chr1	43491474	45758409	-0.133478	-0.051467	-0.030270	-0.116706
chr1	45758435	48860566	0.060491	0.015153	0.009861	0.033333
chr1	49007834	50651068	0.212335	0.040115	0.026816	0.173008
chr1	50651087	52103122	0.054910	0.013988	0.008703	0.039801
chr1	52116652	53138649	-0.140029	-0.066603	-0.034011	-0.127104
chr1	53159858	53736862	-0.100803	-0.041407	-0.023855	-0.090794
chr1	53743652	55019564	-0.058694	-0.012652	-0.007836	-0.038652
chr1	55020039	55893578	0.024429	0.010002	0.005441	0.037243
chr1	55908811	56865688	0.218477	0.047945	0.031416	0.136998
chr1	56877396	57427112	0.034303	0.012015	0.007286	0.021288
chr1	57430315	58711910	-0.147059	-0.038923	-0.021581	-0.117456
chr1	58766014	59588627	-0.096174	-0.033070	-0.019504	-0.062303
chr1	59596700	60824270	-0.092366	-0.024873	-0.015267	-0.064559
chr1	60864083	62060467	0.254438	0.076425	0.048156	0.178825
chr1	62070430	63211589	0.279249	0.084726	0.050796	0.192014
chr1	63218942	64296317	-0.209003	-0.065647	-0.039972	-0.145702
chr1	64531273	66155847	-0.315472	-0.129653	-0.084624	-0.240091
chr1	66159044	67196018	-0.116746	-0.036703	-0.020432	-0.079843
chr1	67196314	68485843	-0.394796	-0.127637	-0.071929	-0.329200
chr1	68534333	69717575	0.138196	0.037490	0.024106	0.088127
chr1	69754896	71489622	0.253654	0.085520	0.053773	0.171828
chr1	71544607	72452598	0.077298	0.037923	0.023036	0.061005
chr1	72494846	73465720	0.349057	0.133593	0.085065	0.260141
chr1	73465775	76207216	0.152367	0.029170	0.020190	0.088450
chr1	76211860	77178641	0.214984	0.061827	0.036467	0.118774
chr1	77178651	78371842	0.035938	0.012488	0.006633	0.026901
chr1	78372682	80393645	-0.028290	-0.010048	-0.005685	-0.027179
chr1	80397500	81231273	-0.062786	-0.026129	-0.013606	-0.049074
chr1	81243371	82811822	0.061375	0.025463	0.015361	0.035338
chr1	82811955	84499961	0.300235	0.092208	0.059512	0.229117
chr1	84508676	85638237	-0.104258	-0.029190	-0.017679	-0.073575
chr1	85651494	87106145	0.101010	0.022168	0.015142	0.070953
chr1	87106686	88628916	0.062317	0.013749	0.009734	0.025677
chr1	88630420	89641995	0.283633	0.067821	0.043276	0.200728
chr1	89658258	90588219	0.396524	0.072570	0.045929	0.295154
chr1	90611426	92952514	-0.125117	-0.012703	-0.008520	-0.095752
chr1	92964653	95025550	0.320183	0.069349	0.050245	0.201917
chr1	95025645	97374771	0.237113	0.041215	0.028986	0.136000
chr1	97418513	99524381	-0.087175	-0.027368	-0.014978	-0.071920
chr1	99818783	101233973	0.506677	0.101847	0.075452	0.346961
chr1	101236616	104086098	0.372913	0.058240	0.045156	0.259355
chr1	104086193	107309177	0.189849	0.039730	0.027074	0.113751
chr1	107313666	108918605	0.023449	0.007947	0.004675	0.016021
chr1	108947998	113642665	0.208423	0.055100	0.036532	0.166477
chr1	113686889	114658054	-0.001878	-0.000369	-0.000291	-0.000576
chr1	114658076	116284834	0.155810	0.027248	0.018563	0.106748
chr1	116311915	117817817	0.052604	0.012821	0.007852	0.022743
chr1	117887072	119653926	-0.150423	-0.032068	-0.019545	-0.092118
chr1	119660384	121192418	0.078577	0.029416	0.017017	0.055907
chr1	121204848	122879930	0.286195	0.060736	0.042775	0.183190
chr1	122881286	123227798	0.213537	0.101630	0.062207	0.166353
chr1	123227829	124651539	0.142206	0.051536	0.032208	0.086763
chr1	124661234	126525259	0.172227	0.052305	0.033684	0.103899
chr1	126604388	129350648	0.118321	0.027190	0.018301	0.071815
chr1	129400610	130387177	-0.385714	-0.242152	-0.113764	-0.282230
chr1	130436981	132060787	-0.056604	-0.014724	-0.010073	-0.050491
chr1	132061486	133091997	0.083558	0.025427	0.012312	0.062626
chr1	133137968	134387334	0.301558	0.093175	0.057202	0.211068
chr1	134388463	135821723	-0.073239	-0.021661	-0.013665	-0.055773
chr1	135827809	137583108	0.353999	0.108561	0.080017	0.272359
chr1	137583140	141060545	0.013240	0.003977	0.002597	0.010334
chr1	141193287	143126979	-0.106420	-0.024245	-0.015695	-0.078772
chr1	143134128	144936646	0.217871	0.055741	0.037501	0.137081
chr1	144940583	145596381	-0.120438	-0.038194	-0.022660	-0.067179
chr1	145599861	146386920	0.121164	0.057993	0.030660	0.084475
chr1	146456487	147810916	0.146679	0.044284	0.024739	0.062937
chr1	147843362	149193046	-0.121403	-0.039694	-0.024476	-0.090036
chr1	149197921	150115197	-0.266722	-0.109631	-0.051114	-0.179146
chr1	150136221	151629608	0.025484	0.007581	0.004372	0.014680
chr1	151659006	152201037	0.228845	0.099628	0.056525	0.176248
chr1	152205837	154047945	-0.126402	-0.042557	-0.022516	-0.087500
chr1	154060985	156547741	0.216686	0.083800	0.044839	0.114485
chr1	156566556	157448736	0.256346	0.095743	0.050411	0.153777
chr1	157448777	158794077	0.176845	0.049130	0.028972	0.110963
chr1	158795108	159812740	-0.026168	-0.009144	-0.005661	-0.006427
chr1	159842578	167958262	0.413712	0.113428	0.082166	0.334566
chr1	167973036	169985584	0.156051	0.047729	0.031943	0.113095
chr1	170003341	171531576	0.005119	0.001536	0.000891	0.025406
chr1	171533290	175096234	-0.110790	-0.037073	-0.024560	-0.073560
chr1	175128185	180541670	0.257034	0.073293	0.047206	0.175057
chr1	180619590	181892134	-0.120993	-0.032930	-0.020709	-0.101401
chr1	181895205	182949813	0.071651	0.031181	0.017266	0.060447
chr1	182967853	183849089	0.305099	0.093983	0.057534	0.222798
chr1	183849136	185569292	-0.134969	-0.047229	-0.027619	-0.100114
chr1	185584815	186783312	0.135000	0.032152	0.022071	0.097122
chr1	186799661	187472329	0.090909	0.035099	0.020502	0.055363
chr1	187489651	190009969	-0.008172	-0.001931	-0.001205	-0.005096
chr1	190046274	191893330	0.188663	0.046403	0.033435	0.140143
chr1	191964843	193450404	0.219219	0.043732	0.032580	0.171765
chr1	193500075	195027531	0.034274	0.008713	0.005797	0.024042
chr1	195084576	197019046	0.182086	0.051104	0.034698	0.147494
chr1	197027390	198812465	-0.011121	-0.003883	-0.002314	-0.008120
chr1	198824331	201183610	0.093675	0.030019	0.018376	0.067748
chr1	201301588	203217501	0.080214	0.024817	0.016092	0.068672
chr1	203264825	204484720	0.173085	0.060029	0.034339	0.114261
chr1	204484728	205505696	0.008209	0.002910	0.001742	0.005695
chr1	205505768	206664137	0.053683	0.008767	0.006217	0.029513
chr1	206664817	207648594	0.090749	0.031561	0.018439	0.057190
chr1	207649862	208672446	-0.269070	-0.136683	-0.067458	-0.178972
chr1	208676487	209431116	0.234007	0.068872	0.046149	0.192638
chr1	209443625	210095032	-0.063460	-0.027756	-0.016037	-0.047428
chr1	210124321	210738103	-0.016422	-0.005365	-0.003356	-0.011564
chr1	210738155	212670766	0.408736	0.126509	0.089184	0.310692
chr1	212779989	214561810	-0.043895	-0.023337	-0.012728	-0.037678
chr2	510964	1291915	-0.294860	-0.137829	-0.069663	-0.192466
chr2	1320489	2721656	0.020193	0.010621	0.005726	0.013601
chr2	2737684	3982305	0.310036	0.095166	0.062878	0.181729
chr2	4028287	5507955	-0.166102	-0.045788	-0.026068	-0.096632
chr2	5512331	6421249	0.101215	0.042373	0.027295	0.077882
chr2	6422358	7219918	0.284180	0.094896	0.055255	0.224233
chr2	7259284	8832700	0.141536	0.032292	0.019177	0.082167
chr2	8833477	10276850	0.167869	0.048607	0.028064	0.116140
chr2	10279733	12989020	0.142306	0.030861	0.017003	0.103754
chr2	12994178	15600954	-0.021446	-0.004224	-0.002672	-0.005316
chr2	15606019	16958431	0.012111	0.003860	0.002093	0.007650
chr2	16967938	19016698	0.096710	0.029382	0.018668	0.073474
chr2	19026326	20343112	0.320698	0.086239	0.054882	0.211461
chr2	20345290	22590905	-0.119280	-0.036390	-0.020653	-0.104736
chr2	22590919	24642696	0.040000	0.008001	0.004895	0.021731
chr2	24722922	26110105	-0.117571	-0.033349	-0.022015	-0.091274
chr2	26136781	27431989	0.054582	0.015708	0.010535	0.039164
chr2	27443406	30133989	0.181865	0.040710	0.024884	0.157094
chr2	30165774	32265582	0.042863	0.015481	0.008388	0.021689
chr2	32279891	33967544	0.324841	0.081950	0.044708	0.184917
chr2	33995459	35067004	0.495929	0.162621	0.117699	0.364130
chr2	35165507	36057874	0.073028	0.025907	0.014136	0.045540
chr2	36058108	36892040	0.092067	0.032775	0.018853	0.060680
chr2	36908865	37629022	0.434119	0.207011	0.126618	0.339479
chr2	37630367	38077688	0.320688	0.158768	0.091343	0.199124
chr2	38078908	39119716	0.217330	0.096348	0.058576	0.202918
chr2	39119751	40430504	-0.005908	-0.001813	-0.001192	-0.008663
chr2	40432142	41858927	0.067206	0.017874	0.011285	0.052038
chr2	41864395	42651381	0.207634	0.075978	0.045946	0.174136
chr2	42769801	44266509	0.076113	0.021053	0.013104	0.057387
chr2	44293065	45938113	0.312891	0.095193	0.063585	0.234297
chr2	45951787	46965751	-0.358457	-0.165822	-0.089409	-0.209766
chr2	47093050	48039398	-0.318490	-0.122693	-0.065741	-0.183049
chr2	48047533	49007478	-0.036397	-0.012706	-0.008487	-0.028736
chr2	49011169	49943560	0.113056	0.038740	0.026630	0.095620
chr2	49953240	51198782	0.013881	0.003657	0.002535	0.010060
chr2	51207623	52228642	0.068063	0.039334	0.019609	0.051245
chr2	52233066	52824328	-0.060729	-0.022124	-0.014445	-0.053004
chr2	52834398	54162918	-0.347478	-0.118401	-0.068105	-0.230606
chr2	54163734	55469782	0.199599	0.056736	0.033867	0.120097
chr2	55481424	56745720	-0.058925	-0.018196	-0.012079	-0.028221
chr2	56764459	57574010	0.027454	0.009472	0.005949	0.020358
chr2	57580987	58675933	0.310409	0.107344	0.061818	0.200963
chr2	58676930	63385285	0.079622	0.012856	0.008396	0.063507
chr2	63387766	65611279	0.124742	0.027540	0.017323	0.090745
chr2	65618466	66719580	0.019849	0.006738	0.004523	0.033549
chr2	66746452	67928870	0.142214	0.035962	0.024341	0.110246
chr2	67948057	69131595	0.118661	0.024239	0.016859	0.063576
chr2	69287576	70878430	-0.006438	-0.001373	-0.000828	-0.004261
chr2	70880556	72063843	0.073418	0.017423	0.011051	0.038340
chr2	72076488	73830056	0.280419	0.062165	0.043887	0.178535
chr2	73830060	74950535	0.364817	0.098769	0.057430	0.297710
chr2	74950783	76916124	0.170548	0.042754	0.026259	0.141617
chr2	76939990	83133379	0.020240	0.004388	0.002948	-0.006121
chr2	83158188	85341409	0.007214	0.001869	0.001182	-0.006502
chr2	85372104	87040460	-0.010944	-0.005249	-0.002921	-0.011730
chr2	87041157	89653496	-0.021340	-0.004183	-0.002982	-0.012688
chr2	89679904	92920713	0.326368	0.064793	0.044627	0.235821
chr2	92952851	95015055	0.016760	0.005449	0.003224	0.010563
chr2	95021722	97353970	0.097883	0.028112	0.017396	0.055946
chr2	97376384	99547508	0.012435	0.002517	0.001702	0.008011
chr2	99578390	100920057	0.122051	0.029990	0.019414	0.076824
chr2	100925191	101918714	-0.096365	-0.019464	-0.011928	-0.057649
chr2	101942381	107487964	0.168519	0.031186	0.020727	0.118182
chr2	107501895	108943534	0.260556	0.062269	0.040958	0.168330
chr2	108986080	110649754	0.292453	0.093262	0.059290	0.238095
chr2	110649947	111715218	0.551373	0.165952	0.113555	0.334155
chr2	111718700	112956696	0.494624	0.219683	0.132551	0.360582
chr2	113113832	113934378	0.228656	0.096122	0.064866	0.131949
chr2	113934386	114652904	0.002358	0.000816	0.000519	0.001189
chr2	114652932	115395261	0.133753	0.033857	0.022968	0.096565
chr2	115397006	116099472	0.231947	0.072915	0.043301	0.152080
chr2	116169585	117879559	0.519496	0.183804	0.112573	0.371694
chr2	117893635	118968424	0.133130	0.042604	0.025911	0.100693
chr2	118975632	120957604	-0.188078	-0.053674	-0.030308	-0.102064
chr2	121021444	122527923	0.083193	0.039154	0.020662	0.063391
chr2	122530034	124179492	-0.003342	-0.000844	-0.000544	0.001139
chr2	124245904	125721404	0.072848	0.026214	0.013691	0.054523
chr2	125810832	127827491	0.420814	0.104304	0.065322	0.342857
chr2	127889370	128805234	0.194868	0.069201	0.040727	0.149907
chr2	128807658	130099724	-0.184466	-0.064033	-0.030659	-0.111984
chr2	130111456	132319359	0.066155	0.014024	0.010011	0.045605
chr2	132343496	133725943	0.016416	0.006751	0.004109	0.012565
chr2	133737608	136757079	0.316549	0.094498	0.058092	0.256041
chr2	136886156	138135502	-0.012036	-0.003716	-0.001984	-0.008119
chr2	138180732	138960030	-0.199504	-0.054009	-0.033247	-0.101430
chr2	138998488	140149397	-0.106796	-0.029234	-0.015635	-0.083718
chr2	140151899	141813104	-0.103541	-0.024323	-0.013777	-0.066360
chr2	141905815	143331304	0.461180	0.145964	0.093891	0.355810
chr2	143347635	145117504	0.200000	0.075697	0.044690	0.139910
chr2	145142627	148859687	0.070866	0.025795	0.014085	0.049127
chr2	148919267	149833951	0.493238	0.136594	0.073161	0.334773
chr2	149835598	151080466	0.313403	0.114074	0.081860	0.248567
chr2	151092590	151920275	-0.335479	-0.102422	-0.054095	-0.226582
chr2	151921317	152860870	-0.088571	-0.030392	-0.016911	-0.078125
chr2	152924815	154044271	0.013861	0.003918	0.002084	0.008009
chr2	154065580	155576607	0.162390	0.051112	0.035248	0.121384
chr2	155650960	156483485	-0.049318	-0.017175	-0.009195	-0.025850
chr2	156485771	158363655	-0.006073	-0.002098	-0.001193	0.030730
chr2	158501264	160391578	0.218127	0.070384	0.040062	0.107447
chr2	160393782	161871123	0.077562	0.033386	0.019163	0.055655
chr2	161877675	163477464	0.186537	0.081143	0.045808	0.129651
chr3	417712	3470074	0.298999	0.036620	0.027568	0.227746
chr3	3479167	5802061	0.050049	0.008865	0.006593	0.039694
chr3	5802062	7184688	0.249305	0.075541	0.047510	0.158338
chr3	7191246	8540984	0.024353	0.008442	0.004663	0.028769
chr3	8540990	11583915	0.251858	0.050637	0.036797	0.175995
chr3	11597747	13303467	0.042254	0.008890	0.006006	0.030801
chr3	13360335	14883782	0.372014	0.109727	0.071593	0.254079
chr3	14883786	16268067	-0.000895	-0.000268	-0.000148	-0.000584
chr3	16268329	17928021	-0.110813	-0.026888	-0.019382	-0.096307
chr3	17953285	20312432	0.177869	0.021040	0.016271	0.128936
chr3	20430785	22552450	0.038608	0.007029	0.004963	0.025598
chr3	22559166	23868692	0.118617	0.038481	0.020799	0.083378
chr3	23976657	24855067	-0.024814	-0.008159	-0.003827	-0.030405
chr3	24860932	25714686	-0.423109	-0.206491	-0.111014	-0.347915
chr3	25723805	26512898	-0.196347	-0.072330	-0.036238	-0.129310
chr3	26515050	28243369	0.160911	0.049481	0.031534	0.109333
chr3	28246662	30021666	0.279889	0.074179	0.046125	0.199630
chr3	30022605	30923544	0.165206	0.062206	0.034075	0.148215
chr3	30923664	32815418	0.276771	0.077002	0.046390	0.204629
chr3	32863977	34091170	0.000684	0.000167	0.000111	0.005038
chr3	34094740	34818338	0.073171	0.018838	0.012522	0.035170
chr3	34834482	36246514	0.462451	0.113455	0.087887	0.279236
chr3	36246573	37502146	0.077088	0.039452	0.022479	0.049699
chr3	37755667	39995231	-0.040445	-0.007692	-0.004709	-0.002632
chr3	40152363	41985519	-0.206657	-0.072594	-0.045615	-0.158006
chr3	41986656	43502757	0.229796	0.084556	0.047590	0.193377
chr3	43502761	44144145	-0.173880	-0.064740	-0.039174	-0.133840
chr3	44198707	45236458	0.053543	0.013661	0.009426	0.035230
chr3	45242741	46298510	-0.046862	-0.015909	-0.009618	-0.044796
chr3	46300234	47402248	-0.194052	-0.070665	-0.037495	-0.150086
chr3	47444472	48101244	0.025834	0.009760	0.006222	0.016620
chr3	48101636	48916065	0.170614	0.088228	0.043807	0.113395
chr3	48922490	50604145	0.316620	0.098498	0.064140	0.186199
chr3	50634140	51855286	-0.054945	-0.018882	-0.010924	-0.039124
chr3	51855367	52445893	-0.175547	-0.101943	-0.036854	-0.119494
chr3	52471434	53646116	-0.008682	-0.004414	-0.002476	-0.009877
chr3	53651868	54401903	0.305242	0.118824	0.083989	0.244043
chr3	54403476	55161112	-0.335423	-0.129175	-0.073413	-0.219316
chr3	55174085	56246788	0.090489	0.036249	0.022643	0.069307
chr3	56251515	57076801	0.086207	0.036655	0.022303	0.053322
chr3	57079427	57534175	0.366584	0.167936	0.101765	0.221350
chr3	57567954	57894867	0.029182	0.010911	0.006784	0.021470
chr3	57895331	58970621	0.147105	0.050597	0.036025	0.110253
chr3	58971989	61662031	-0.045699	-0.006009	-0.004077	-0.021804
chr3	61681870	63014028	-0.039922	-0.010616	-0.006316	-0.020886
chr3	63089414	63954533	0.169596	0.042647	0.025217	0.101507
chr3	63957688	65042759	-0.044500	-0.014426	-0.009230	-0.036852
chr3	65042767	66832605	-0.518088	-0.210179	-0.115365	-0.420641
chr3	66834132	67595012	0.166205	0.064205	0.039587	0.136929
chr3	67701336	69144724	0.228650	0.067875	0.041667	0.145870
chr3	69144726	71181888	0.216134	0.057496	0.036551	0.159091
chr3	71204052	73523577	0.248574	0.073836	0.048311	0.170269
chr3	73526742	75023288	0.163541	0.055316	0.034220	0.114169
chr3	75042185	76101566	0.096404	0.037763	0.022738	0.064125
chr3	76103547	76585366	-0.140809	-0.071933	-0.030937	-0.092251
chr3	76585724	77680394	0.087531	0.028106	0.017019	0.067363
chr3	77737862	80515762	0.456976	0.149556	0.104310	0.294054
chr3	80556012	83170148	-0.187190	-0.035804	-0.021255	-0.127106
chr3	83170846	84665462	0.080239	0.029102	0.018592	0.046650
chr3	84687072	86234815	0.199818	0.043480	0.026745	0.120879
chr3	86235966	87617457	0.420561	0.125436	0.073200	0.289994
chr3	87640336	89159993	-0.023186	-0.009569	-0.005730	-0.035348
chr3	89160894	91091242	0.231188	0.060177	0.033246	0.179867
chr3	91112259	92768602	0.060994	0.023564	0.013753	0.070566
chr3	92844825	97098182	0.072886	0.024359	0.015412	0.045154
chr3	97098916	98115110	-0.097832	-0.055286	-0.026216	-0.046869
chr3	98116922	99241300	-0.378796	-0.145966	-0.065349	-0.265912
chr3	99242085	102615667	0.284998	0.069560	0.047754	0.185076
chr3	102622761	104886698	0.029052	0.008584	0.005528	0.043174
chr3	104894530	107214504	0.209828	0.045869	0.029949	0.115875
chr3	107261521	108425298	0.086394	0.028889	0.017623	0.068402
chr3	108432256	109848306	-0.057686	-0.014213	-0.009665	-0.049260
chr3	109870031	112076287	0.096943	0.038101	0.022636	0.066804
chr3	112117808	113754673	0.045435	0.023622	0.010250	0.046003
chr3	113761025	114737685	0.172258	0.067275	0.043016	0.132196
chr3	114780907	116541627	0.170548	0.048252	0.032080	0.124112
chr3	116551015	117336915	0.086829	0.027664	0.017891	0.074500
chr3	117339992	117886173	-0.254500	-0.109817	-0.065215	-0.166825
chr3	117901949	119279926	-0.067829	-0.024592	-0.013317	-0.044796
chr3	119296822	120567772	0.339948	0.119978	0.081548	0.222073
chr3	120662213	122011918	-0.046883	-0.015111	-0.008395	-0.028078
chr3	122012306	122855917	0.439774	0.157112	0.118764	0.331303
chr3	122859799	123922686	0.253012	0.073733	0.049238	0.199066
chr3	123922691	124778617	-0.027211	-0.015362	-0.008900	-0.029247
chr4	948138	3391068	-0.345009	-0.174491	-0.085680	-0.221597
chr4	3422657	6725901	-0.016698	-0.003439	-0.002231	0.012597
chr4	6893591	8080172	-0.211962	-0.046662	-0.030221	-0.145675
chr4	8088934	10468783	0.427739	0.114318	0.080248	0.326222
chr4	10606902	12822002	0.318744	0.085285	0.052437	0.243111
chr4	12828172	13630193	0.179420	0.100184	0.051369	0.132675
chr4	13637663	15520209	-0.055841	-0.013063	-0.009095	-0.030268
chr4	15598119	16754274	0.128559	0.049224	0.028190	0.101767
chr4	16758793	17932420	0.104772	0.044730	0.025531	0.070285
chr4	17937331	19583374	0.299431	0.110376	0.074208	0.241538
chr4	19588746	21221530	-0.049126	-0.019917	-0.011548	-0.036130
chr4	21231356	21763935	-0.112811	-0.072249	-0.030941	-0.069658
chr4	21806444	22872637	0.050595	0.012616	0.008679	0.035775
chr4	22936956	24425393	-0.078486	-0.021651	-0.012076	-0.052243
chr4	24456133	25788169	0.249326	0.084024	0.049745	0.178744
chr4	25788841	27649967	-0.088905	-0.027607	-0.016071	-0.074188
chr4	27721952	29362336	0.292487	0.076366	0.051848	0.246445
chr4	29371819	30591157	0.235513	0.051587	0.035315	0.179439
chr4	30696959	32820331	-0.008755	-0.002249	-0.001472	-0.017146
chr4	32820954	33948954	0.214869	0.064818	0.040839	0.161647
chr4	33991322	35410106	0.041702	0.016150	0.010062	0.031839
chr4	35424779	38753663	0.344751	0.116757	0.075114	0.240770
chr4	38845560	40800446	-0.313819	-0.198493	-0.102547	-0.245867
chr4	40800593	42181306	0.176072	0.048442	0.030246	0.139785
chr4	42214216	43382186	0.086182	0.016938	0.012011	0.031817
chr4	43387469	46937165	0.288577	0.078247	0.049807	0.236025
chr4	46941919	48718654	-0.146613	-0.030963	-0.018102	-0.104242
chr4	48724248	49741834	0.384135	0.123283	0.069496	0.245619
chr4	49749566	52287463	0.072776	0.013298	0.009017	0.051335
chr4	52395704	54873623	0.118411	0.034676	0.022331	0.087422
chr4	54896504	56432837	0.005732	0.001886	0.001024	0.014400
chr4	56449085	58332395	0.063352	0.017537	0.008960	0.046183
chr4	58338986	60351749	-0.072259	-0.022146	-0.013249	-0.052378
chr4	60359324	65291147	0.386667	0.066383	0.045796	0.243243
chr4	65291608	66863433	0.322841	0.077866	0.049646	0.286301
chr4	66882065	68534593	0.163210	0.061304	0.038580	0.129129
chr4	68538767	69913028	-0.057865	-0.026185	-0.014542	-0.040410
chr4	69913148	70776745	0.417284	0.142544	0.077211	0.243182
chr4	70776882	72162292	0.407837	0.136640	0.095529	0.326744
chr4	72580359	75112909	-0.086973	-0.023908	-0.013781	-0.069209
chr4	75131129	76869165	-0.339056	-0.187680	-0.091254	-0.272012
chr4	76876499	79646183	0.035103	0.010237	0.005920	0.008032
chr4	79849363	81692581	0.005671	0.001984	0.001182	0.011780
chr5	793250	1916179	0.060656	0.020490	0.012583	0.022867
chr5	1916644	2753680	-0.015475	-0.006508	-0.004160	-0.011152
chr5	2758344	3394555	-0.098174	-0.035781	-0.016876	-0.053035
chr5	3400848	3837553	0.398067	0.154978	0.092430	0.321941
chr5	3838285	4649892	-0.011894	-0.004502	-0.002745	0.029138
chr5	4662029	5402711	0.029386	0.010545	0.005966	0.020233
chr5	5416662	6017213	0.310289	0.106836	0.074209	0.237978
chr5	6071931	6978100	-0.058158	-0.019972	-0.012593	-0.041427
chr5	6979987	8066441	0.041127	0.017156	0.008948	0.037868
chr5	8068101	8663357	-0.024327	-0.007288	-0.004481	-0.008570
chr5	8666064	9407154	-0.146951	-0.057633	-0.034363	-0.118800
chr5	9408903	10096167	0.257713	0.088598	0.054323	0.170426
chr5	10096371	11553661	0.097826	0.022261	0.013240	0.057579
chr5	11553716	12309176	0.379579	0.110531	0.074665	0.282750
chr5	12324231	13558120	0.093201	0.020077	0.013739	0.059317
chr5	13561305	14230472	0.347305	0.094591	0.063267	0.221780
chr5	14248478	14987374	0.210744	0.065144	0.043234	0.100840
chr5	14988536	15698480	0.373312	0.119883	0.076766	0.270737
chr5	15706250	16481125	-0.085579	-0.027617	-0.015187	-0.060677
chr5	16485614	17583367	0.003751	0.001050	0.000660	-0.042118
chr5	17598596	21289889	-0.048736	-0.009257	-0.006778	-0.033048
chr5	21294029	22938077	0.168627	0.046643	0.029058	0.120949
chr5	22949280	24812378	0.110801	0.019985	0.012000	0.072193
chr5	24837453	26721528	0.225084	0.043775	0.028310	0.173127
chr5	26830028	28480164	-0.190261	-0.046093	-0.027639	-0.134639
chr5	28483444	29996380	0.323561	0.072712	0.038054	0.195734
chr5	29997199	33026058	0.256849	0.042708	0.028963	0.190597
chr5	33063713	37473807	0.408903	0.077043	0.052295	0.249415
chr5	37577230	40149039	0.086538	0.015671	0.009664	0.053749
chr5	40198923	42168152	0.146468	0.036235	0.023324	0.120856
chr5	42171338	43429341	0.280389	0.062949	0.044706	0.217907
chr5	43451797	45265487	0.145380	0.045010	0.025042	0.117325
chr5	45284280	48438119	0.282523	0.067525	0.048562	0.199259
chr5	48463046	50580048	-0.041315	-0.007917	-0.005073	-0.033312
chr5	50626969	52433013	0.362534	0.093523	0.069862	0.278965
chr5	52437976	52981422	0.302730	0.127349	0.078465	0.224832
chr5	53011150	55846971	-0.299326	-0.037108	-0.025403	-0.189843
chr5	55849892	57339867	0.101365	0.024234	0.017010	0.064389
chr5	57340943	59860793	0.091335	0.021755	0.015096	0.079929
chr5	59865637	61525982	0.354949	0.113475	0.078684	0.275064
chr5	61692223	62985983	0.546990	0.174351	0.119362	0.393140
chr5	63201841	63958659	0.181818	0.101841	0.048058	0.146214
chr5	63958700	65705735	0.168430	0.071656	0.044254	0.108584
chr5	65706342	67018869	0.110803	0.031279	0.018846	0.076923
chr5	67019553	68207242	-0.006346	-0.002551	-0.001430	-0.006574
chr5	68243050	69121758	0.137184	0.061688	0.034165	0.094455
chr5	69135100	69890750	0.043159	0.016224	0.008844	0.015508
chr5	69891940	70694435	-0.229229	-0.100926	-0.048180	-0.142857
chr6	757500	2208390	0.014573	0.004945	0.002904	0.021955
chr6	2213854	3631204	0.021875	0.008493	0.004999	0.014778
chr6	3645005	4945735	0.331839	0.123026	0.078866	0.256868
chr6	4948386	5675266	0.082692	0.027949	0.016914	0.056136
chr6	5681560	6308797	-0.051717	-0.023413	-0.011656	-0.022873
chr6	6308850	7966846	0.100466	0.040041	0.022903	0.072839
chr6	7997649	8648487	0.191489	0.084906	0.050746	0.148335
chr6	8648559	9038375	0.545385	0.305209	0.203327	0.385955
chr6	9040010	10291144	-0.017572	-0.004111	-0.002557	-0.010506
chr6	10310297	11434627	0.183803	0.066777	0.040546	0.111233
chr6	11435845	11874233	-0.202487	-0.112343	-0.047709	-0.124854
chr6	11875159	12625936	0.214531	0.091695	0.053313	0.166578
chr6	12634726	13193543	0.155455	0.072106	0.041948	0.117688
chr6	13196404	14149033	-0.240608	-0.088284	-0.048416	-0.163327
chr6	14222382	15438585	0.487654	0.123978	0.083994	0.322835
chr6	15474708	16305308	0.056812	0.015819	0.009073	0.027536
chr6	16305311	19104787	0.089144	0.022145	0.015104	0.064537
chr6	19108419	20304311	-0.030090	-0.009793	-0.005008	-0.024161
chr6	20310263	21078675	-0.335275	-0.129530	-0.063723	-0.223269
chr6	21082315	24383342	-0.230360	-0.063384	-0.039671	-0.151367
chr6	24384717	25070543	-0.253357	-0.111802	-0.061696	-0.156484
chr6	25098748	25939049	0.106126	0.031147	0.019647	0.073258
chr6	25949818	27087858	0.431982	0.106983	0.067846	0.283880
chr6	27087893	28837054	0.090759	0.025401	0.014049	0.078797
chr6	29066502	32963052	-0.142102	-0.021576	-0.015293	-0.126100
chr6	32963057	35738480	-0.181675	-0.032103	-0.021719	-0.150131
chr6	35740979	39228232	0.016119	0.003637	0.002354	0.013669
chr6	39238744	40069523	0.240107	0.106977	0.068820	0.215923
chr6	40069528	41218247	0.046429	0.011122	0.005783	0.037390
chr6	41219091	41960595	0.077834	0.022837	0.012406	0.055422
chr6	41962388	42909494	0.049257	0.014873	0.008790	0.058545
chr6	42972316	43654188	0.183690	0.075281	0.052754	0.151717
chr6	43665664	44744640	-0.108019	-0.030787	-0.019524	-0.080813
chr6	44744642	45411263	0.018911	0.007056	0.004025	0.015539
chr6	45421060	45818986	0.250107	0.102650	0.065043	0.187905
chr6	45820119	46645074	0.254930	0.099945	0.069956	0.181910
chr6	46656515	47324948	0.121479	0.051782	0.030187	0.073780
chr6	47331774	47890704	0.273312	0.109784	0.065047	0.190157
chr6	47890706	48189602	0.112741	0.050451	0.032292	0.072652
chr6	48189640	48566736	0.073783	0.040804	0.022806	0.043812
chr6	48566797	49248319	0.050710	0.016308	0.010080	0.050767
chr6	49266086	50049706	0.094675	0.034675	0.022869	0.067295
chr6	50079821	50869038	0.185872	0.061001	0.038583	0.150677
chr6	50880951	51698485	0.126697	0.035897	0.023129	0.092316
chr6	51700785	52277550	0.167413	0.043162	0.029071	0.109103
chr7	796054	1728416	-0.009772	-0.004287	-0.002217	-0.006637
chr7	1728725	2145205	0.122290	0.085845	0.038859	0.088070
chr7	2147819	2868873	-0.039190	-0.016959	-0.008622	-0.043783
chr7	2871546	3689868	0.201439	0.065516	0.039801	0.157347
chr7	3698705	4141845	-0.184739	-0.067313	-0.040853	-0.130127
chr7	4155852	4703005	-0.056135	-0.024196	-0.016671	-0.051702
chr7	4706779	5640603	-0.152166	-0.071453	-0.037108	-0.114160
chr7	5650708	6168658	0.238784	0.103774	0.059050	0.205011
chr7	6177782	7683497	-0.014137	-0.005690	-0.003229	-0.013609
chr7	7739761	9017405	-0.085020	-0.022402	-0.013069	-0.071090
chr7	9030488	9824894	0.016365	0.006486	0.004099	0.032296
chr7	9825309	10972009	-0.159337	-0.042963	-0.025671	-0.123120
chr7	10972010	12864892	0.214115	0.045709	0.030987	0.139838
chr7	12865060	15121411	0.270723	0.057190	0.041060	0.204693
chr7	15136141	18753516	-0.112703	-0.024279	-0.017102	-0.079080
chr7	18918524	21177118	0.347676	0.073702	0.047298	0.230860
chr7	21181131	22516499	0.190299	0.057453	0.035486	0.150386
chr7	22563435	25091755	0.275819	0.053415	0.038047	0.243063
chr7	25121477	27971104	-0.244101	-0.044068	-0.029054	-0.207135
chr7	28144081	29470550	0.137234	0.028759	0.019633	0.078229
chr7	29497742	31937050	0.260007	0.059701	0.041696	0.197100
chr7	31943077	34116725	0.328036	0.065022	0.040072	0.229318
chr7	34116806	34745067	-0.026777	-0.007661	-0.004774	-0.020153
chr7	34745068	35723188	-0.383048	-0.144378	-0.075346	-0.260308
chr7	35777364	36646601	-0.036208	-0.013063	-0.007858	-0.040096
chr7	36712113	38170458	-0.154786	-0.030879	-0.018402	-0.100662
chr7	38192227	40594738	0.208569	0.042891	0.029605	0.142699
chr7	40597495	40931247	0.017765	0.011220	0.006063	0.009318
chr7	40936178	41381369	-0.038786	-0.019726	-0.010112	-0.027578
chr7	41389669	42503945	0.242553	0.072704	0.047980	0.159702
chr7	42510869	43811629	0.315245	0.098520	0.064819	0.185976
chr7	43821788	44521350	-0.300226	-0.119390	-0.055090	-0.183448
chr7	44528135	45478310	0.144535	0.043944	0.025383	0.080283
chr7	45478511	45774594	-0.023859	-0.010666	-0.006699	-0.016789
chr7	45777951	46304625	0.098696	0.035190	0.022041	0.061272
chr7	46304626	46793250	0.149016	0.062525	0.039313	0.129396
chr8	318937	1194381	0.128448	0.045083	0.031342	0.100505
chr8	1245608	2228698	0.302020	0.115914	0.058835	0.152785
chr8	2230594	2524040	-0.265659	-0.215412	-0.071972	-0.132743
chr8	2532989	2884137	-0.251482	-0.167702	-0.075104	-0.144919
chr8	2884306	3534928	-0.361473	-0.159311	-0.083758	-0.273948
chr8	3546075	4300148	0.351570	0.111128	0.074271	0.240669
chr8	4303475	4648478	-0.312836	-0.193902	-0.102159	-0.217764
chr8	4657778	5132469	0.390387	0.165692	0.091015	0.183445
chr8	5132472	5536665	-0.038066	-0.016599	-0.009330	-0.047224
chr8	5563998	5900538	0.294118	0.114416	0.068664	0.184393
chr8	5903652	6281905	-0.137560	-0.076633	-0.037680	-0.096558
chr8	6291584	6625112	-0.265155	-0.130821	-0.062976	-0.179894
chr8	6625134	7131507	-0.386364	-0.165019	-0.088388	-0.313819
chr8	7141246	7410680	0.040573	0.022531	0.011644	0.035067
chr8	7430378	8042604	-0.204092	-0.091640	-0.047119	-0.102227
chr8	8047733	8532715	0.233618	0.076043	0.046808	0.175245
chr8	8536473	9381797	-0.077419	-0.024184	-0.012960	-0.035672
chr8	9382114	10313949	0.068429	0.025141	0.015197	0.041088
chr8	10324592	13103400	-0.205063	-0.045365	-0.027014	-0.133005
chr8	13106117	14393133	0.337989	0.106859	0.062393	0.220401
chr8	14474675	17039222	0.027176	0.004547	0.003115	0.029439
chr8	17044326	20468848	-0.110684	-0.017401	-0.012577	-0.095745
chr8	20473137	22673657	0.111111	0.027110	0.018255	0.097027
chr8	22700538	25836296	0.330008	0.051659	0.039131	0.248903
chr8	25938959	29563538	0.108834	0.017501	0.012795	0.075418
chr8	29564377	30854799	0.321085	0.076867	0.053753	0.255263
chr8	30869113	32378228	0.112295	0.021560	0.016530	0.103779
chr8	32378318	33811430	0.295918	0.067908	0.046580	0.187758
chr8	33829451	34368696	0.129225	0.050053	0.031278	0.071586
chr8	34378413	34967976	-0.045323	-0.013014	-0.008344	-0.035954
chr8	34968387	35651158	0.074561	0.021786	0.014655	0.054863
chr8	35694392	36057979	-0.006961	-0.002545	-0.001653	-0.007551
chr8	36068110	37088238	-0.275500	-0.067824	-0.038451	-0.173992
chr8	37116524	37758263	-0.084181	-0.032757	-0.015281	-0.060741
chr8	37762279	38611235	0.216623	0.056428	0.037399	0.141789
chr8	38625891	39411796	0.122285	0.047545	0.029383	0.095597
chr8	39415041	40132938	0.088696	0.022244	0.014526	0.038961
chr8	40134643	40432946	0.047404	0.016667	0.010490	0.026889
chr8	40440758	41255354	0.270056	0.082205	0.059607	0.219638
chr8	41265317	41887613	0.193676	0.070821	0.040337	0.149542
chr8	41904262	42607047	0.048951	0.024917	0.013652	0.052701
chr8	42608349	43230770	-0.066331	-0.029243	-0.016971	-0.048556
chr9	664514	1779351	0.237014	0.095506	0.051942	0.190306
chr9	1798062	2773429	0.160832	0.059587	0.034813	0.102647
chr9	2774518	3561106	-0.251342	-0.150832	-0.064627	-0.164040
chr9	3595621	4185577	0.353135	0.127939	0.073288	0.212724
chr9	4188151	4782233	-0.070707	-0.021031	-0.011696	-0.039785
chr9	4825183	5749256	0.149204	0.067501	0.035847	0.106715
chr9	5754403	6840742	0.032850	0.015521	0.009067	0.013253
chr9	6845581	8344012	0.019408	0.004138	0.002764	0.013023
chr9	8348135	10189306	0.388314	0.110994	0.075878	0.349382
chr9	10191250	10753473	-0.017250	-0.006985	-0.003802	-0.012113
chr9	10765411	11392352	0.213636	0.075321	0.050719	0.165444
chr9	11394769	12242139	-0.153781	-0.043794	-0.026268	-0.090075
chr9	12248715	13099963	0.203264	0.063025	0.034338	0.160422
chr9	13117012	13789554	0.158747	0.064799	0.030073	0.125409
chr9	13797323	14556178	0.268007	0.097919	0.053081	0.181932
chr9	14560548	16349571	0.100000	0.035149	0.017740	0.078005
chr9	16409189	17838400	0.438997	0.097435	0.065662	0.281227
chr9	17849953	19685098	0.175250	0.042693	0.028813	0.134911
chr9	19898016	24224254	-0.040473	-0.005844	-0.004689	-0.037594
chr9	24401193	27485976	0.113744	0.020764	0.013467	0.086643
chr9	27501920	29045232	0.122347	0.039126	0.022088	0.108288
chr9	29078704	30897732	-0.148090	-0.032866	-0.020355	-0.118203
chr9	30906162	31799052	-0.020331	-0.004165	-0.003016	-0.014802
chr9	31799056	32774454	0.213836	0.054684	0.035912	0.139630
chr9	32784192	34132632	-0.132100	-0.061228	-0.033878	-0.094792
chr9	34132663	35349059	0.166667	0.047963	0.032237	0.121739
chr9	35349260	36207987	0.207921	0.070615	0.044757	0.141214
chr9	36208462	37216307	0.062923	0.020582	0.011667	0.062147
chr9	37219801	38382780	0.349840	0.143677	0.089461	0.254948
chr9	38382848	38560919	0.101215	0.055264	0.029771	0.058754
chr9	38566418	39305738	0.081788	0.031798	0.019895	0.056891
chr9	39336674	40298896	-0.247761	-0.085655	-0.047017	-0.164021
chr9	40305366	41107553	0.148421	0.046366	0.029467	0.103905
chr9	41145778	42241406	-0.158065	-0.087150	-0.041645	-0.115839
chr9	42258139	43078619	0.175651	0.070919	0.043938	0.126469
chr10	2809830	8077917	0.366035	0.052471	0.037140	0.288533
chr10	8077921	11054633	0.421658	0.099132	0.070131	0.359835
chr10	11055692	14170391	0.123107	0.031832	0.021238	0.094112
chr10	14261706	17604781	-0.120029	-0.022459	-0.014829	-0.106359
chr10	17741817	19397391	-0.434743	-0.054779	-0.041719	-0.308743
chr10	19403128	21145643	0.143830	0.025857	0.017177	0.086269
chr10	21145648	23578919	0.344000	0.082472	0.057004	0.251462
chr10	23638029	25247872	0.329389	0.094789	0.058298	0.229711
chr10	25248273	26169536	0.065448	0.018011	0.011209	0.047222
chr10	26265590	26861722	-0.232413	-0.121537	-0.055338	-0.167415
chr10	26861779	27670751	-0.056898	-0.018822	-0.010777	-0.048505
chr10	27670831	29366649	0.200454	0.058765	0.039526	0.146977
chr10	29541859	30755985	0.244780	0.050260	0.036084	0.139680
chr10	30762018	31301148	0.060511	0.024017	0.014587	0.074181
chr10	31440322	32990319	0.318692	0.089361	0.060958	0.214332
chr10	32992412	33650181	0.350218	0.114900	0.077064	0.278666
chr10	33670746	34447401	0.001331	0.000415	0.000257	0.001005
chr10	34491120	35862078	-0.100874	-0.032348	-0.019059	-0.068867
chr10	35867756	36840566	0.152244	0.060690	0.029958	0.112479
chr10	36848003	37496205	0.329178	0.152170	0.087230	0.249789
chr10	37496387	38916405	-0.269685	-0.135728	-0.061096	-0.183805
chr10	38930592	39449491	-0.105042	-0.034377	-0.019622	-0.090742
chr10	39463031	40695304	0.356828	0.126900	0.079001	0.231296
chr11	271214	2892191	-0.064116	-0.016272	-0.010008	-0.043296
chr11	2906343	3641642	0.006605	0.001666	0.000909	0.003436
chr11	3643825	4014234	0.056782	0.019159	0.012746	0.027650
chr11	4015975	4488296	0.394256	0.170605	0.097640	0.289062
chr11	4576008	5240204	-0.060816	-0.022724	-0.013963	-0.040743
chr11	5252419	5755878	-0.009548	-0.003773	-0.002327	-0.007141
chr11	5765526	6322239	0.012346	0.005884	0.003247	0.008767
chr11	6380755	7335283	-0.005029	-0.001769	-0.001079	-0.003628
chr11	7336045	7739305	0.440066	0.144494	0.099048	0.332506
chr11	7750449	8081613	0.039604	0.018389	0.009891	0.052830
chr11	8083972	8508020	-0.071357	-0.037897	-0.019709	-0.034063
chr11	8508070	9112509	0.073705	0.028947	0.017782	0.051320
chr11	9169840	9707860	0.096230	0.030484	0.017496	0.070036
chr11	9712450	10848160	0.235385	0.044911	0.033174	0.188656
chr11	10857234	11251808	0.120224	0.052804	0.030161	0.080097
chr11	11267466	12261150	-0.186347	-0.041611	-0.025034	-0.142667
chr11	12263047	13412685	0.016636	0.003814	0.002249	0.011378
chr11	13414204	14205796	0.291647	0.074758	0.046971	0.177256
chr11	14206941	14853575	0.079263	0.025417	0.014994	0.052248
chr11	14853641	15645686	0.230277	0.050961	0.032980	0.153383
chr11	15645830	16486323	-0.118708	-0.041322	-0.022841	-0.094539
chr11	16491237	17546800	-0.198847	-0.055407	-0.031552	-0.145368
chr11	17547236	18966945	0.102193	0.023766	0.014155	0.070060
chr11	19097788	22400404	0.250000	0.036726	0.024942	0.193306
chr11	22415882	23842747	0.120746	0.032511	0.020463	0.098371
chr11	23981100	26883874	0.144372	0.022113	0.015533	0.110429
chr11	26883904	27798856	0.246377	0.083847	0.051638	0.135041
chr11	27827120	28339936	-0.188765	-0.121607	-0.053438	-0.116179
chr11	28339937	28899130	0.174587	0.063478	0.037689	0.125314
chr11	28913077	29568716	0.055861	0.026973	0.014862	0.033823
chr11	29570424	30123932	0.069110	0.028272	0.015778	0.045087
chr11	30200900	30776918	0.278974	0.112118	0.064458	0.199531
chr11	30781596	31335929	-0.022222	-0.007647	-0.004358	-0.017089
chr11	31345337	31898363	-0.213142	-0.086260	-0.050040	-0.164730
chr11	31913090	32983618	0.276068	0.077033	0.053472	0.190786
chr11	33010557	33755137	-0.128329	-0.044112	-0.026533	-0.079223
chr11	33771182	34444292	0.191119	0.066384	0.038984	0.129156
chr11	34444326	34910854	0.141903	0.059691	0.037569	0.104551
chr11	34911645	35347461	-0.117391	-0.073831	-0.035933	-0.079834
chr11	35360625	35859463	0.381910	0.167848	0.091305	0.280443
chr11	35867184	36523588	-0.297185	-0.128032	-0.067504	-0.193746
chr11	36534075	37150411	-0.007081	-0.002658	-0.001579	-0.005788
chr11	37190992	38084344	0.174648	0.074059	0.037406	0.089606
chr12	1499009	4771932	-0.120109	-0.023895	-0.016133	-0.083863
chr12	4798856	8257926	0.134921	0.025937	0.016733	0.105751
chr12	8267362	10700131	0.040782	0.010274	0.006878	0.031991
chr12	10745778	12867518	0.354825	0.098634	0.071568	0.239519
chr12	13095514	15258707	0.122232	0.021388	0.015571	0.079769
chr12	15371905	17218988	-0.021801	-0.005050	-0.002692	-0.012426
chr12	17221030	18960153	0.140092	0.032347	0.015827	0.085459
chr12	19011954	20663945	-0.339943	-0.093113	-0.058003	-0.239588
chr12	20675003	21911924	-0.077173	-0.024210	-0.014435	-0.060858
chr12	21993780	22942601	0.125874	0.026243	0.018204	0.103567
chr12	22945688	23561507	-0.050309	-0.014169	-0.009311	-0.039598
chr12	23582359	24150211	0.061654	0.015784	0.011607	0.043850
chr12	24191018	24958052	0.176786	0.057077	0.037877	0.132191
chr12	24983313	25693977	0.136401	0.042822	0.026992	0.106693
chr12	25696002	26091990	0.129231	0.065243	0.032483	0.086228
chr12	26124384	27088307	-0.005199	-0.001803	-0.000979	-0.003628
chr12	27111114	28568470	0.267863	0.132319	0.072027	0.205829
chr12	28609339	29409179	0.289552	0.100727	0.060771	0.199195
chr12	29409576	29746436	0.034996	0.021053	0.011744	0.024390
chr12	29748070	30195209	0.269970	0.113496	0.074125	0.189227
chr12	30269771	30938543	0.284008	0.062931	0.044829	0.177080
chr12	30939937	31501880	0.189052	0.074214	0.040810	0.112723
chr12	31503502	31781257	0.216162	0.081679	0.052496	0.128045
chr12	31782878	32502108	0.091324	0.035180	0.021840	0.062893
chr12	32539347	33417277	0.088561	0.031867	0.018400	0.066574
chr12	33418160	35017716	0.017884	0.006261	0.003805	0.014269
chr13	1573362	2322733	-0.087844	-0.029088	-0.018706	-0.049240
chr13	2323306	2986347	-0.234783	-0.092677	-0.054921	-0.150278
chr13	3015025	3613933	-0.186957	-0.072039	-0.048212	-0.108504
chr13	3615989	4125024	0.022263	0.010738	0.006073	0.028535
chr13	4125060	4580223	-0.039773	-0.017073	-0.010071	-0.020754
chr13	4607600	5354995	-0.116259	-0.035538	-0.022698	-0.077371
chr13	5355060	6018832	0.167257	0.050684	0.031666	0.127660
chr13	6020631	6662241	0.188889	0.058242	0.039339	0.111389
chr13	6672580	7859531	0.095849	0.028795	0.017768	0.107546
chr13	7910763	8578016	0.054427	0.015881	0.010059	0.043591
chr13	8589520	9578601	-0.108423	-0.036017	-0.020749	-0.087244
chr13	9578620	10950164	-0.034543	-0.009312	-0.006124	-0.039527
chr13	11067850	11988123	-0.369161	-0.142572	-0.072841	-0.296974
chr13	11994934	12424097	0.118859	0.045281	0.023817	0.069509
chr13	12429497	13086483	0.235115	0.080770	0.050975	0.171801
chr13	13094704	14197175	0.238892	0.069771	0.039718	0.142948
chr13	14197181	15076361	-0.257947	-0.102103	-0.053144	-0.198684
chr13	15162897	18061092	-0.219105	-0.036096	-0.025157	-0.185375
chr13	18112734	19609753	0.270361	0.091856	0.055565	0.211009
chr13	19619139	20492306	0.227778	0.082778	0.048162	0.110602
chr13	20492308	21861599	0.125749	0.028807	0.018471	0.094534
chr13	21867029	23581741	0.371923	0.067960	0.046472	0.231555
chr13	23585932	24203482	-0.282988	-0.107368	-0.058946	-0.217336
chr13	24209477	25048529	-0.248082	-0.071262	-0.041622	-0.186898
chr13	25048567	26237389	-0.338743	-0.142308	-0.082339	-0.254557
chr13	26237536	27604970	-0.047819	-0.012491	-0.008743	-0.038285
chr13	27611433	28034303	-0.012140	-0.006345	-0.003748	-0.025471
chr13	28042556	28681673	-0.173251	-0.083852	-0.042824	-0.133788
chr13	28688616	29304434	0.114094	0.047147	0.029049	0.071903
chr13	29306449	29889118	0.173821	0.079356	0.042547	0.098769
chr13	29889894	30629690	0.124307	0.047497	0.033224	0.085839
chr13	30632295	31202053	-0.243392	-0.096930	-0.052858	-0.153333
chr13	31202060	31667536	0.054737	0.029420	0.013051	0.025641
chr13	31667538	32517408	0.172391	0.055158	0.031437	0.097727
chr13	32523186	33246739	-0.007699	-0.003011	-0.001921	-0.005788
chr14	294104	1702409	0.041812	0.015284	0.008189	0.029126
chr14	1723403	3012421	0.210204	0.031293	0.021265	0.142313
chr14	3027248	4546556	-0.011694	-0.004545	-0.002710	-0.008139
chr14	4589058	5446076	0.181907	0.042684	0.025136	0.101026
chr14	5453929	6474836	-0.036974	-0.009978	-0.005742	-0.032061
chr14	6493727	7700023	0.062749	0.016237	0.010064	0.041475
chr14	7732785	8821656	0.159073	0.037808	0.023890	0.116035
chr14	8838462	9420874	0.287469	0.092826	0.053717	0.200000
chr14	9421595	10418878	0.121764	0.037140	0.025037	0.078382
chr14	10434612	11022079	-0.158965	-0.050700	-0.031398	-0.101266
chr14	11023304	11561895	-0.019936	-0.009003	-0.005413	-0.004818
chr14	11563595	12917686	0.248920	0.061525	0.041361	0.187744
chr15	630069	1428917	0.301141	0.082581	0.054981	0.203803
chr15	1455428	2191576	0.422809	0.164904	0.101503	0.325026
chr15	2192211	2871773	-0.284965	-0.118095	-0.062452	-0.190786
chr15	2888841	3471294	0.301445	0.091940	0.062621	0.236757
chr15	3473719	4348929	0.196845	0.059347	0.035406	0.160221
chr15	4348932	5051775	-0.167309	-0.048357	-0.023768	-0.121115
chr15	5058371	5569919	0.139592	0.048373	0.028593	0.099286
chr15	5579278	5887575	0.026854	0.011578	0.005907	0.017544
chr15	5889029	6723360	-0.036408	-0.011074	-0.006819	-0.027322
chr15	6737167	7463242	0.276801	0.066072	0.042593	0.197492
chr15	7467178	8359888	0.232635	0.050960	0.034784	0.143130
chr15	8413071	9417481	0.028832	0.007184	0.004480	0.022864
chr15	9432369	10613224	-0.125197	-0.037124	-0.022216	-0.105648
chr15	10699559	11659518	0.070662	0.019807	0.012308	0.047108
chr15	11681157	12249521	0.113208	0.050157	0.029268	0.036088
chr15	12250867	12757924	0.095575	0.040563	0.025862	0.069858
chr16	612744	1418511	0.180272	0.074991	0.045169	0.141522
chr16	1431312	3416111	0.193431	0.043901	0.030841	0.136673
chr16	3418685	4474280	0.101105	0.015199	0.012052	0.058755
chr16	4492514	6008108	-0.199642	-0.038541	-0.025420	-0.125776
chr16	6008113	7487194	0.357863	0.085749	0.057411	0.238845
chr16	7489123	8795996	-0.077096	-0.023052	-0.014112	-0.057946
chr16	8797902	9288155	-0.058921	-0.023978	-0.013788	-0.045252
chr17	358906	750215	0.212766	0.080437	0.049252	0.140658
chr17	753485	1338255	-0.089686	-0.033864	-0.020536	-0.061881
chr17	1339694	2184762	0.154106	0.040458	0.025512	0.089367
chr17	2207527	2922477	-0.409683	-0.126038	-0.067253	-0.255786
chr17	2926564	3735368	-0.164112	-0.056173	-0.033971	-0.095425
chr17	3749041	4367111	0.006981	0.002286	0.001286	-0.002608
chr17	4381114	4999646	0.083197	0.043904	0.022866	0.049896
chr17	4999802	6144849	0.106877	0.026954	0.018572	0.057430
chr17	6155156	7469259	0.210000	0.054334	0.036027	0.142663
chr18	922938	2059946	0.034114	0.011911	0.006825	0.036987
chr18	2114194	3581618	-0.039263	-0.014164	-0.008527	-0.030140
chr18	3581931	4485183	0.352537	0.114246	0.073319	0.217195
chr18	4509402	5348489	0.168467	0.057087	0.036011	0.128205
chr18	5372059	5738718	-0.088812	-0.037931	-0.019987	-0.051040
chr18	5793914	6566910	-0.106845	-0.038823	-0.022831	-0.077954
chr18	6648627	7253855	-0.176842	-0.082535	-0.045578	-0.103448
chr18	7273299	8054010	0.050980	0.016858	0.010544	0.031522
chr19	2165532	3019326	-0.107996	-0.044482	-0.025136	-0.086253
chr19	3053062	4081515	0.086463	0.026695	0.014265	0.081697
chr19	4086382	5063260	-0.038499	-0.010960	-0.006404	-0.026410
chr19	5072265	5703981	-0.013994	-0.005110	-0.003085	-0.023111
chr19	5714637	6567551	-0.107143	-0.046108	-0.026201	-0.079237
chr19	6569290	7358554	-0.195745	-0.058984	-0.033948	-0.118404
chr20	343478	1217107	-0.101289	-0.027940	-0.015851	-0.076923
chr20	1221321	2138397	-0.179163	-0.082539	-0.050903	-0.103074
chr20	2175235	2923227	-0.024458	-0.009583	-0.005096	-0.003936
chr20	2936534	3574754	-0.077647	-0.022653	-0.012829	-0.042746
chr20	3620758	4238460	0.194605	0.057739	0.034583	0.116763
chr20	4238514	4766846	-0.178894	-0.077123	-0.044729	-0.120433
chr20	4783270	5370201	0.176419	0.058568	0.036094	0.120401
chr20	5408920	6032120	-0.153239	-0.081564	-0.038715	-0.136691
chr20	6032694	6709362	0.042493	0.013745	0.008658	0.026087
chr21	503082	1416957	0.130454	0.049627	0.030751	0.086755
chr21	1434273	2923554	-0.006939	-0.002169	-0.001255	-0.005053
chr21	2936139	4030424	-0.025417	-0.009860	-0.005607	-0.011534
chr21	4031977	5024329	-0.124103	-0.042613	-0.021978	-0.077814
chr21	5050206	5932643	0.069359	0.023287	0.014167	0.048141
chr22	45540	1133628	-0.114789	-0.048964	-0.027081	-0.076540
chr22	1146175	2151819	0.515702	0.161407	0.099904	0.344207
chr22	2155621	3375129	0.226204	0.062950	0.040479	0.128035
chr22	3388577	4103858	-0.134070	-0.052721	-0.029920	-0.069802
chr22	4109766	5304709	-0.041096	-0.011026	-0.007267	-0.058518
chr22	5327271	5657698	-0.142857	-0.065222	-0.033065	-0.091131
chr23	670717	1183859	0.063361	0.021487	0.011833	0.021526
chr23	1196931	1827921	0.125996	0.054751	0.032529	0.118372
chr23	1830128	2985539	-0.059365	-0.019240	-0.010809	-0.027739
chr24	655156	1510928	-0.362235	-0.146218	-0.073718	-0.223610
chr24	1511217	2387130	-0.014521	-0.004525	-0.002679	0.001917
chrZ	177043	1159423	0.004098	0.001312	0.000627	0.003051
chrZ	1175307	3057898	0.461610	0.144469	0.097973	0.294680
chrZ	3057932	3846146	-0.195886	-0.100367	-0.051804	-0.140658
chrZ	3851724	4280660	-0.007303	-0.004829	-0.002581	-0.007555
chrZ	4284808	4361741	0.132221	0.292614	0.099373	0.080406
chrZ	4361825	4423996	0.363399	0.433022	0.264133	0.201742
chrZ	4424074	4509537	0.220189	0.299828	0.162477	0.124244
chrZ	4509829	4547744	0.175217	0.249763	0.136694	0.089365
chrZ	4548269	4604593	0.120968	0.160626	0.081624	0.077969
chrZ	4605823	4633183	-0.023416	-0.102719	-0.023546	-0.011863
chrZ	4633190	4896660	0.319672	0.478723	0.238873	0.216473
chrZ	4948748	5348601	0.124748	0.135056	0.061587	0.073488
chrZ	5349867	5659698	0.290566	0.469922	0.205255	0.175285
chrZ	5659726	6949791	0.303052	0.313280	0.180626	0.186057
chrZ	6949871	8817058	0.186354	0.187592	0.097058	0.090844
chrZ	8817086	9091409	0.232426	0.347209	0.156104	0.127122
chrZ	9093017	9335945	0.342249	0.516049	0.271899	0.213193
chrZ	9336471	9605271	0.280182	0.333108	0.135239	0.179300
chrZ	9605349	11832345	0.052574	0.015267	0.011021	0.038251
chrZ	11832372	14484719	0.230284	0.122483	0.074313	0.145709
chrZ	14484804	18233393	0.383172	0.231868	0.122556	0.260387
chrZ	18643965	21189999	0.253870	0.149799	0.095817	0.170833
chrZ	22131601	24168528	0.001393	0.001696	0.000766	0.000797
chrZ	24214686	53115424	0.239270	0.037438	0.024700	0.182766
