chr	windowStart	windowEnd	D	f_d	f_dM	d_f
chrZ	296688	536837	0.166494	0.022637	0.016701	0.166494
chrZ	545130	734845	-0.231884	-0.033666	-0.024788	-0.216749
chrZ	734856	953399	-0.207500	-0.031541	-0.021779	-0.217604
chrZ	956138	1147517	-0.017391	-0.002080	-0.001552	0.001346
chrZ	1148970	1312348	-0.176904	-0.022512	-0.017091	-0.176730
chrZ	1324801	1609938	0.286578	0.049346	0.035400	0.242494
chrZ	1613109	2276140	0.160134	0.029063	0.020662	0.140969
chrZ	2281132	2597421	0.071346	0.011494	0.008333	0.062780
chrZ	2598030	2881737	-0.131646	-0.018390	-0.013600	-0.151445
chrZ	2881885	3110009	0.070284	0.009256	0.006998	0.083840
chrZ	3110011	3476229	0.168539	0.024873	0.017443	0.165987
chrZ	3476515	3619142	0.081976	0.018510	0.012264	0.081843
chrZ	3619510	3769250	0.068263	0.014727	0.009912	0.084175
chrZ	3769713	3942426	0.008505	0.001335	0.000939	0.004843
chrZ	3944862	4096112	0.376765	0.069005	0.051988	0.360954
chrZ	4107881	4265102	0.269824	0.045156	0.032767	0.259030
chrZ	4265119	4311460	0.259304	0.103242	0.068412	0.177340
chrZ	4311511	4356812	0.301860	0.124545	0.082459	0.209901
chrZ	4356879	4389175	0.443299	0.140852	0.097034	0.327291
chrZ	4390134	4424828	0.544061	0.214322	0.162637	0.380357
chrZ	4426838	4481555	0.425997	0.155533	0.103121	0.349562
chrZ	4481701	4509285	0.227882	0.092224	0.068576	0.161905
chrZ	4509293	4542355	0.176849	0.058480	0.041915	0.141053
chrZ	4542572	4568855	0.232955	0.085849	0.057652	0.139706
chrZ	4569563	4609148	0.333333	0.097378	0.070606	0.228771
chrZ	4609184	4636010	0.118467	0.039284	0.026839	0.071429
chrZ	4636049	4763455	0.238788	0.045434	0.033771	0.185674
chrZ	4763521	5038799	0.360724	0.050076	0.036002	0.329936
chrZ	5038819	5167661	0.367451	0.083931	0.062868	0.315189
chrZ	5184587	5315132	0.380251	0.072250	0.047752	0.285481
chrZ	5316432	5406588	0.112987	0.023421	0.015577	0.080184
chrZ	5408482	5532003	0.143824	0.029854	0.020401	0.137255
chrZ	5532576	5659602	0.407153	0.099820	0.071406	0.331096
chrZ	5659611	6322103	0.404014	0.064731	0.045080	0.353705
chrZ	6322122	6775621	0.028783	0.004214	0.003004	0.042113
chrZ	6787139	6871913	0.358683	0.070557	0.045130	0.287796
chrZ	6871989	7060844	0.411633	0.089836	0.063907	0.285714
chrZ	7062970	7248555	0.116779	0.023089	0.015720	0.080332
chrZ	7248571	7548099	0.316710	0.055641	0.040571	0.284591
chrZ	7548816	7953979	0.227022	0.045103	0.033642	0.193422
chrZ	7956337	8253946	0.143387	0.026858	0.019673	0.107209
chrZ	8253947	8661358	0.517627	0.111840	0.087858	0.461656
chrZ	8666302	8846712	0.238095	0.043732	0.032486	0.192136
chrZ	8846722	8916775	0.193985	0.049112	0.032274	0.126844
chrZ	8916820	9064889	0.261029	0.040962	0.028547	0.190349
chrZ	9065760	9160421	0.278153	0.062765	0.042237	0.227792
chrZ	9160423	9260433	0.136449	0.029424	0.022184	0.079417
chrZ	9260461	9334540	0.445748	0.113339	0.073375	0.396522
chrZ	9337419	9416765	0.287805	0.056950	0.041626	0.207982
chrZ	9417407	9490936	0.168295	0.037910	0.025692	0.144186
chrZ	9497299	9610723	0.408986	0.049335	0.037794	0.334590
chrZ	9614331	9862491	0.514507	0.075575	0.055769	0.496377
chrZ	9879530	10382090	0.126381	0.014422	0.009708	0.119063
chrZ	10393981	10704286	0.098514	0.011988	0.007868	0.092891
chrZ	10709351	10977317	-0.051597	-0.005901	-0.004255	-0.062645
chrZ	10981879	11189586	-0.164557	-0.025205	-0.017463	-0.169697
chrZ	11189858	11422731	0.002211	0.000378	0.000274	0.000000
chrZ	11424519	11845246	0.260924	0.021100	0.015724	0.255491
chrZ	11845532	12102741	0.122203	0.019841	0.014668	0.121784
chrZ	12105449	12340027	0.151856	0.017154	0.011960	0.132743
chrZ	12340041	12752296	0.415119	0.032908	0.024138	0.381625
chrZ	12753007	13313164	0.318182	0.026411	0.019773	0.279728
chrZ	13313285	14237016	0.086729	0.007085	0.005132	0.107754
chrZ	14237034	14713224	0.325316	0.033524	0.026089	0.242682
chrZ	14721992	15147848	0.103982	0.009608	0.006962	0.099366
chrZ	15199615	16028867	0.496544	0.039980	0.029711	0.457052
chrZ	16031902	16670986	-0.192685	-0.013327	-0.009776	-0.218462
chrZ	16706549	17487956	0.307116	0.022224	0.016502	0.302600
chrZ	17488074	18070682	0.298601	0.029702	0.021600	0.284477
chrZ	18070758	18744853	0.115748	0.008097	0.005997	0.082828
chrZ	18744971	19168568	-0.016746	-0.001291	-0.000944	-0.015251
chrZ	19171063	19363245	0.249546	0.039855	0.028573	0.215884
chrZ	19363425	19768822	0.183803	0.018145	0.013491	0.167415
chrZ	19768824	20414799	0.302120	0.027996	0.020049	0.296360
chrZ	20414808	21189999	0.267313	0.018237	0.013462	0.233548
chrZ	21198430	22364969	0.229622	0.017098	0.012734	0.232261
chrZ	22390150	22466689	0.338219	0.091640	0.062288	0.286807
chrZ	22466695	23260542	0.168841	0.013983	0.010161	0.159477
chrZ	23304600	23979658	0.573670	0.043659	0.031996	0.462079
chrZ	23999817	24784316	0.153524	0.011818	0.008812	0.133655
chrZ	24797154	25426534	0.132948	0.011341	0.008179	0.129944
chrZ	25426540	26283070	0.232078	0.015993	0.011724	0.217788
chrZ	26284437	27120907	0.279974	0.014726	0.011057	0.272059
chrZ	27257153	28078678	0.241581	0.018022	0.013815	0.225251
chrZ	28082746	28640944	0.113232	0.010744	0.007930	0.102181
chrZ	28658211	29259791	0.428231	0.043280	0.031654	0.409687
chrZ	29292935	29717040	0.117238	0.011147	0.008040	0.125066
chrZ	29727607	30776066	-0.057448	-0.004854	-0.003529	-0.056415
chrZ	30784075	32124568	0.432432	0.036041	0.026546	0.433962
chrZ	32128659	34787932	-0.045455	-0.002544	-0.001902	-0.054104
chrZ	34805442	35703755	0.306189	0.020160	0.015172	0.296636
chrZ	35706183	36525486	0.374337	0.024531	0.019161	0.384000
chrZ	36530955	37559926	0.098646	0.006499	0.004665	0.096774
chrZ	37560539	38848928	0.424955	0.033615	0.024992	0.405310
chrZ	38859841	40520568	0.279887	0.018104	0.013431	0.279887
chrZ	40524477	41699039	0.095385	0.007457	0.005482	0.092537
chrZ	41786441	42969855	0.283951	0.016373	0.012227	0.268293
chrZ	43035865	44138478	-0.039474	-0.002075	-0.001513	-0.047619
chrZ	44188293	45278005	0.455621	0.027334	0.019920	0.436893
chrZ	45278033	46277552	0.354086	0.027025	0.020145	0.346008
chrZ	46361596	49045166	-0.015889	-0.001330	-0.000985	-0.027431
chrZ	49045241	50647991	0.116552	0.009024	0.006621	0.115198
chrZ	50661572	51943577	0.183071	0.013600	0.010061	0.182711
chrZ	51944579	52717851	-0.243009	-0.021749	-0.015724	-0.237736
chrZ	52723837	53396792	0.310734	0.023796	0.017075	0.310734
chrZ	53399993	54170456	-0.235908	-0.012227	-0.009173	-0.228216
chrZ	54216768	54841322	-0.052392	-0.003767	-0.002882	-0.058036
chrZ	54848337	56310996	0.233533	0.018537	0.013642	0.226190
chrZ	56337478	58522491	0.173866	0.010179	0.007395	0.172193
chrZ	58686752	60600541	0.238850	0.015066	0.010915	0.238850
chrZ	60600548	61978983	0.012567	0.001038	0.000751	0.012567
chrZ	61979016	63073189	0.309698	0.022324	0.015871	0.299180
chrZ	63083494	64259327	0.174528	0.011262	0.008603	0.174036
chrZ	64259359	65336064	0.243715	0.015957	0.012112	0.221187
chrZ	65338984	67178675	0.129338	0.008254	0.006064	0.097166
chrZ	67242037	67960348	-0.117944	-0.008453	-0.006440	-0.112825
chrZ	67960771	68927769	0.328474	0.028794	0.021394	0.335893
chrZ	68927772	69470509	0.400278	0.037338	0.027817	0.384897
chrZ	69535130	71446102	0.212371	0.014594	0.010669	0.214575
chrZ	71446132	73030325	0.400000	0.033627	0.025027	0.406593
chrZ	73049709	73679860	0.105058	0.007803	0.005709	0.091954
chrZ	73679874	74513865	0.274854	0.023708	0.017179	0.247863
chrZ	74529315	74980914	-0.151135	-0.018988	-0.012809	-0.151135
chrZ	75024470	76237386	0.052174	0.004942	0.003507	0.044211
chrZ	76265417	76964034	0.315789	0.030578	0.021836	0.319767
chrZ	76964517	77709739	-0.027245	-0.002442	-0.001790	-0.041750
chrZ	77742600	78166090	0.022508	0.001974	0.001438	0.034921
chrZ	78169688	80011223	0.110244	0.010529	0.007333	0.082791
chrZ	80011324	80674047	-0.029573	-0.002251	-0.001655	-0.027806
chrZ	80674143	81142452	0.094891	0.012006	0.008127	0.090909
chrZ	81143591	81893355	0.177778	0.021426	0.015517	0.162281
chrZ	81907637	82314131	0.253446	0.027095	0.020032	0.222337
chrZ	82364305	82721125	0.074576	0.008276	0.005897	0.074157
chrZ	82728129	83776964	0.084986	0.008896	0.006099	0.081232
chrZ	83784735	84280842	0.009488	0.001515	0.001016	0.020638
