chr	windowStart	windowEnd	D	f_d	f_dM	d_f
chr1	1040535	1665762	0.220884	0.025048	0.018606	0.217391
chr1	1678796	2132742	0.174242	0.017442	0.012733	0.170909
chr1	2147263	2972545	0.251799	0.026158	0.018541	0.239437
chr1	2972932	3593622	-0.211155	-0.016668	-0.013084	-0.216418
chr1	3605106	4475246	0.093555	0.006175	0.004618	0.074447
chr1	4477865	5282708	0.245648	0.020961	0.015720	0.237077
chr1	5295436	6114599	0.077465	0.007205	0.005468	0.058824
chr1	6172351	6880895	-0.047445	-0.003947	-0.002909	-0.051546
chr1	6881089	7601186	-0.119835	-0.009079	-0.006852	-0.103704
chr1	7606248	8085596	0.117188	0.007928	0.005895	0.120623
chr1	8088462	8513226	0.074733	0.007830	0.005808	0.051195
chr1	8523814	9493244	0.092199	0.008440	0.006391	0.097222
chr1	9506505	10635717	0.239852	0.018692	0.014256	0.215827
chr1	10677607	12390149	0.074747	0.004813	0.003649	0.088409
chr1	12394431	14029877	-0.059423	-0.003295	-0.002315	-0.061360
chr1	14083195	14679399	-0.025090	-0.001797	-0.001289	-0.052265
chr1	14699033	15653355	0.043071	0.002172	0.001543	0.045531
chr1	15664235	16689278	-0.169708	-0.009788	-0.006975	-0.171289
chr1	16708128	17362939	-0.003610	-0.000312	-0.000223	0.017065
chr1	17365645	19926031	0.083032	0.004319	0.003166	0.087719
chr1	20020770	22353119	-0.040000	-0.002194	-0.001561	-0.032468
chr1	22353336	23017187	0.217626	0.014369	0.010799	0.213172
chr1	23082918	24988871	0.138686	0.008264	0.005910	0.118056
chr1	25034382	26060236	-0.058824	-0.004155	-0.002977	-0.051282
chr1	26113319	27771328	-0.292308	-0.016718	-0.012207	-0.246291
chr1	27779751	28740507	0.164286	0.011083	0.008307	0.166667
chr1	28953611	29867521	0.036496	0.002107	0.001547	0.049296
chr1	29930463	31967736	0.042623	0.002894	0.002058	0.041534
chr1	31980832	32730896	0.062612	0.005255	0.003798	0.055649
chr1	32755993	33778658	0.080925	0.004749	0.003500	0.109983
chr1	33782678	34454418	0.288256	0.024328	0.017816	0.285223
chr1	34473641	36093772	0.008945	0.000685	0.000525	-0.005128
chr1	36095697	36799455	-0.008264	-0.000697	-0.000502	-0.024000
chr1	36801477	37495640	0.113014	0.008260	0.005748	0.108911
chr1	37498379	38031647	0.074856	0.005185	0.003821	0.087850
chr1	38031848	39076203	0.055351	0.003059	0.002183	0.032491
chr1	39079579	39830575	0.055556	0.003716	0.002761	0.090909
chr1	39835086	41302472	0.041825	0.002301	0.001672	0.064748
chr1	41329732	42303398	0.035230	0.002860	0.002097	0.047458
chr1	42305485	43470970	0.081784	0.004671	0.003574	0.063830
chr1	43480350	44819118	-0.174497	-0.013582	-0.009140	-0.183740
chr1	44826881	47924445	-0.068392	-0.003355	-0.002489	-0.088388
chr1	47927842	49009325	-0.047957	-0.003800	-0.002821	-0.045531
chr1	49022035	49881430	-0.112605	-0.007683	-0.005500	-0.111481
chr1	49890605	50653072	0.234201	0.016216	0.012006	0.246377
chr1	50659813	51495016	0.266667	0.017697	0.013775	0.265683
chr1	51537437	52508229	-0.125230	-0.010417	-0.007542	-0.131059
chr1	52515525	53157956	-0.030717	-0.002726	-0.002022	-0.023256
chr1	53169778	53658096	0.024735	0.002114	0.001534	0.023569
chr1	53663887	54085991	-0.028986	-0.002824	-0.002057	-0.028169
chr1	54101401	54554179	0.353261	0.031210	0.022334	0.328647
chr1	54557946	55220198	-0.071429	-0.003903	-0.002879	-0.060150
chr1	55283154	55900255	0.089253	0.006356	0.004717	0.094474
chr1	55907339	56266465	0.115468	0.008956	0.006590	0.118908
chr1	56268505	56677174	0.162257	0.013285	0.009904	0.175084
chr1	56678333	57037761	-0.181208	-0.017462	-0.012232	-0.166667
chr1	57040578	57692369	0.077465	0.004313	0.003063	0.088435
chr1	57713048	58238266	-0.052252	-0.004423	-0.003182	-0.032702
chr1	58254935	59059937	-0.073171	-0.004595	-0.003434	-0.067568
chr1	59070114	59648507	0.220339	0.015051	0.011518	0.216216
chr1	59656038	60361707	-0.266116	-0.021149	-0.015996	-0.256039
chr1	60366043	60911360	-0.171429	-0.016080	-0.011465	-0.138889
chr1	60921192	61889852	0.295547	0.015940	0.012257	0.275472
chr1	61895654	62485404	0.214159	0.015191	0.011368	0.201401
chr1	62545832	63239376	0.047529	0.003096	0.002300	0.047081
chr1	63240623	64132051	-0.001969	-0.000112	-0.000083	-0.001934
chr1	64207643	65516100	-0.260073	-0.020550	-0.014387	-0.260073
chr1	65517123	66287497	-0.088000	-0.006134	-0.004487	-0.097744
chr1	66288041	66887915	-0.101961	-0.006014	-0.004506	-0.094891
chr1	66891080	67500864	-0.018450	-0.001588	-0.001174	-0.018182
chr1	67547233	68317836	0.003300	0.000228	0.000155	-0.006536
chr1	68323204	68938079	0.092338	0.006881	0.005004	0.098266
chr1	68946620	69864535	-0.101533	-0.006860	-0.005021	-0.111111
chr1	69871491	70648193	-0.023158	-0.001811	-0.001352	-0.030426
chr1	70660308	71877798	0.029304	0.002495	0.001757	0.028571
chr1	71903336	72554194	-0.220755	-0.017800	-0.013259	-0.214679
chr1	72554785	73151134	0.254826	0.018829	0.014556	0.237736
chr1	73172433	73905099	-0.145907	-0.013856	-0.009509	-0.142857
chr1	73905952	74613342	-0.089474	-0.007581	-0.005444	-0.098107
chr1	74613409	75344125	-0.159011	-0.013359	-0.009629	-0.175676
chr1	75407130	76583440	0.017422	0.001237	0.000893	0.013514
chr1	76583491	77034353	-0.087121	-0.007612	-0.005538	-0.062271
chr1	77039204	77894066	0.098394	0.009612	0.006733	0.086042
chr1	77899113	78654376	-0.049632	-0.003596	-0.002634	-0.073084
chr1	78685482	79839408	-0.086957	-0.005310	-0.003922	-0.079422
chr1	79856014	80560385	0.352827	0.022952	0.017610	0.341959
chr1	80581783	81217678	0.227666	0.013781	0.010356	0.226519
chr1	81217846	82212679	-0.114990	-0.005936	-0.004296	-0.108949
chr1	82230789	83249651	-0.033708	-0.002376	-0.001698	-0.018450
chr1	83332602	84473038	0.171908	0.008540	0.006082	0.129921
chr1	84485347	85573966	0.009653	0.000551	0.000389	0.009208
chr1	85580160	85988854	-0.079545	-0.006412	-0.004334	-0.091537
chr1	86012905	87193802	0.125628	0.006396	0.004629	0.120385
chr1	87246911	88080292	0.198020	0.012847	0.009227	0.185185
chr1	88088812	88835221	0.240642	0.016063	0.011887	0.223169
chr1	88837976	89474326	0.070485	0.003472	0.002501	0.055794
chr1	89476554	90315422	0.130621	0.005454	0.003946	0.150515
chr1	90320690	91112467	0.077491	0.003573	0.002652	0.087108
chr1	91157921	92246770	0.043178	0.001880	0.001356	0.040783
chr1	92254429	93504314	-0.094842	-0.005565	-0.003950	-0.092683
chr1	93512225	94885275	0.040268	0.002435	0.001750	0.032895
chr1	94888223	96048944	-0.085502	-0.005542	-0.004048	-0.093525
chr1	96104844	97377717	-0.056856	-0.004444	-0.003205	-0.056856
chr1	97410847	98903852	0.209964	0.013205	0.009837	0.195876
chr1	98910613	100749865	0.001647	0.000097	0.000069	0.014400
chr1	100755564	101373949	-0.103970	-0.005995	-0.004169	-0.104205
chr1	101376464	102328524	-0.182836	-0.010482	-0.007641	-0.200000
chr1	102334176	105553831	0.082312	0.003961	0.002956	0.074266
chr1	105561841	107482441	-0.186441	-0.009331	-0.007074	-0.189542
chr1	107490614	109652075	-0.162690	-0.006464	-0.004801	-0.179381
chr1	109832903	112869205	-0.043636	-0.002298	-0.001674	-0.059233
chr1	112895656	114072426	-0.080000	-0.004558	-0.003309	-0.059259
chr1	114072660	114625952	0.128631	0.008645	0.006207	0.128000
chr1	114631143	115225242	-0.316981	-0.026388	-0.018606	-0.304348
chr1	115354719	115872258	-0.237410	-0.016873	-0.012066	-0.248227
chr1	115888575	116329390	-0.328032	-0.020765	-0.015543	-0.320683
chr1	116363278	117425162	-0.307826	-0.022125	-0.015581	-0.305983
chr1	117425163	118252557	0.014644	0.000792	0.000600	0.030181
chr1	118257646	119310634	-0.089320	-0.004722	-0.003320	-0.069418
chr1	119310840	120113441	0.242938	0.018929	0.013187	0.233273
chr1	120113841	120905116	0.172414	0.010749	0.007868	0.178707
chr1	120908102	121740147	-0.010033	-0.000671	-0.000496	-0.016611
chr1	121763910	122725576	0.052065	0.003316	0.002454	0.063683
chr1	122733876	123097008	-0.280000	-0.019575	-0.014452	-0.275362
chr1	123097180	123644848	-0.366038	-0.028371	-0.020573	-0.365314
chr1	123646227	125078983	-0.106227	-0.007592	-0.005362	-0.123675
chr1	125087553	127400659	0.269841	0.014916	0.010775	0.257576
chr1	127417862	129228325	-0.035363	-0.002164	-0.001513	-0.036364
chr1	129239021	130355076	0.078740	0.003625	0.002598	0.126866
chr1	130373640	131821486	0.062500	0.003204	0.002330	0.060498
chr1	131831021	132371599	-0.108209	-0.006938	-0.005130	-0.109489
chr1	132372075	133362750	0.168831	0.010122	0.007351	0.172662
chr1	133365231	134240954	0.034056	0.002723	0.001859	0.034765
chr1	134273180	135283771	0.013158	0.000913	0.000681	0.009074
chr1	135301115	136005419	0.078431	0.005633	0.004056	0.051095
chr1	136009771	136800825	-0.032319	-0.001953	-0.001443	-0.026455
chr1	136805879	140494660	-0.162055	-0.007808	-0.005789	-0.143939
chr1	140495915	141462260	0.033808	0.002269	0.001684	0.026362
chr1	141504570	142324930	0.006110	0.000385	0.000275	0.015748
chr1	142328037	143406966	-0.046595	-0.004107	-0.002913	-0.042254
chr1	143407007	144510081	-0.101103	-0.005671	-0.004010	-0.088083
chr1	144542958	145208951	-0.084780	-0.004963	-0.003772	-0.115010
chr1	145227599	145713401	-0.044355	-0.003083	-0.002265	-0.046154
chr1	145737243	146156306	-0.359665	-0.032644	-0.023449	-0.353791
chr1	146186194	147245074	0.056058	0.003909	0.002911	0.055456
chr1	147267594	147943211	0.058824	0.003740	0.002758	0.075099
chr1	147947538	148819858	0.077519	0.005470	0.004104	0.076336
chr1	148820118	149354604	0.009804	0.000634	0.000457	0.031079
chr1	149363197	149949159	-0.100000	-0.009952	-0.007011	-0.060811
chr1	149956836	150927893	0.188049	0.014072	0.010256	0.169179
chr1	150934478	151794855	0.141153	0.010519	0.007620	0.149905
chr1	151802565	152510492	-0.001883	-0.000128	-0.000094	-0.008945
chr1	152524164	154108558	-0.029470	-0.001719	-0.001278	-0.035917
chr1	154120552	156066234	0.062612	0.005004	0.003644	0.047285
chr1	156067952	157365035	0.026738	0.001841	0.001347	0.056027
chr1	157422899	158113186	-0.154930	-0.012780	-0.009440	-0.151724
chr1	158120866	158701492	0.107345	0.009343	0.006712	0.105360
chr1	158703703	159351281	0.025729	0.003073	0.002107	0.030695
chr1	159361563	159974982	-0.284519	-0.021043	-0.015611	-0.273438
chr1	160003291	167826776	0.129032	0.007551	0.005476	0.118211
chr1	167846907	169472054	-0.097015	-0.006468	-0.004831	-0.086331
chr1	169490893	170708987	0.133595	0.008854	0.006689	0.114068
chr1	170724477	171530208	-0.053498	-0.003947	-0.002891	-0.053061
chr1	171545516	174297056	0.142726	0.011420	0.008575	0.124780
chr1	174299201	179021983	-0.090909	-0.005132	-0.003850	-0.096085
chr1	179507944	181292580	-0.224138	-0.012634	-0.009480	-0.208711
chr1	181310148	182220429	0.428016	0.036060	0.026008	0.400000
chr1	182220474	182967390	-0.218638	-0.017948	-0.012829	-0.237113
chr1	182971635	183655994	0.270224	0.022504	0.016429	0.244519
chr1	183668086	184572315	0.174603	0.014181	0.010785	0.175573
chr1	184606132	185292469	0.046263	0.004048	0.002857	0.031359
chr1	185294306	186021701	0.373030	0.021846	0.016652	0.372681
chr1	186021831	186650577	0.017794	0.001529	0.001123	-0.017182
chr1	186651870	187174820	0.300373	0.022750	0.017166	0.299083
chr1	187176334	188222096	-0.066667	-0.005275	-0.003861	-0.060241
chr1	188224900	189467161	-0.047882	-0.002532	-0.001853	-0.053872
chr1	189474396	190599032	-0.036680	-0.002187	-0.001581	-0.017857
chr1	190607161	191869587	-0.060606	-0.003059	-0.002226	-0.028986
chr1	191969766	192754256	0.215190	0.013067	0.009324	0.211180
chr1	192760213	194031184	-0.078740	-0.003746	-0.002707	-0.076336
chr1	194036954	195125034	-0.029514	-0.001633	-0.001189	-0.041051
chr1	195151106	196025603	-0.129326	-0.007474	-0.005218	-0.136915
chr1	196027987	197210572	0.046181	0.002485	0.001799	0.035948
chr1	197234778	198615061	0.040925	0.002606	0.001850	0.054101
chr1	198615186	200365279	0.242105	0.013901	0.010257	0.252595
chr1	200402599	202684964	-0.072505	-0.003719	-0.002792	-0.063985
chr1	202686102	203176453	0.169675	0.012208	0.009318	0.160839
chr1	203196607	203736172	0.099624	0.009638	0.006746	0.099130
chr1	203844768	204653478	0.005894	0.000388	0.000283	0.001862
chr1	204656382	205724238	0.206667	0.016688	0.012360	0.195699
chr1	205724992	206006396	-0.214485	-0.047634	-0.033854	-0.227397
chr1	206014053	206189921	0.010309	0.003075	0.001960	0.020000
chr1	206189961	206693074	0.063529	0.011709	0.009045	0.062645
chr1	206698191	207217792	0.011538	0.001274	0.000923	0.000000
chr1	207222255	207516519	0.311871	0.040218	0.029711	0.271347
chr1	207517191	208287158	-0.057377	-0.004561	-0.003378	-0.082707
chr1	208321488	208880127	-0.067568	-0.006900	-0.005070	-0.092105
chr1	208896630	209560684	-0.007407	-0.000606	-0.000455	-0.007299
chr1	209561622	209945762	-0.010638	-0.001523	-0.001127	-0.017301
chr1	209961717	210381005	0.069680	0.007235	0.005379	0.067395
chr1	210381107	210927267	0.063655	0.005542	0.004086	0.063830
chr1	210931574	212889213	0.085664	0.007732	0.005635	0.091537
chr1	212976483	214380644	0.371134	0.047989	0.033598	0.369128
chr2	7833	680205	-0.023454	-0.002171	-0.001527	-0.006036
chr2	693476	1662651	0.082456	0.008074	0.005768	0.038526
chr2	1689076	2664904	-0.032129	-0.002716	-0.002056	-0.036496
chr2	2679662	3112378	-0.101549	-0.013105	-0.009576	-0.101549
chr2	3114019	4576533	0.142384	0.013401	0.010008	0.121019
chr2	4578264	5221924	-0.050360	-0.003874	-0.002929	-0.042254
chr2	5234349	5869605	0.172000	0.012181	0.008840	0.145558
chr2	5871354	6431690	-0.099812	-0.010173	-0.007274	-0.090239
chr2	6433187	6769729	0.314775	0.027077	0.020887	0.297405
chr2	6779875	7598447	0.011583	0.000647	0.000473	-0.006944
chr2	7598631	8624433	-0.014085	-0.001048	-0.000779	-0.006993
chr2	8639967	9248732	-0.200000	-0.014448	-0.010918	-0.202899
chr2	9253433	10294369	0.104693	0.004937	0.003768	0.112676
chr2	10349563	11848047	-0.036364	-0.001263	-0.000927	-0.063910
chr2	11854026	13185484	-0.145038	-0.008059	-0.006125	-0.144928
chr2	13186353	15075852	-0.169811	-0.007513	-0.005384	-0.137809
chr2	15114912	16020626	-0.108656	-0.005376	-0.003839	-0.117750
chr2	16042546	16783255	0.160256	0.010805	0.007449	0.155556
chr2	16786266	17657759	0.039936	0.002295	0.001625	0.029096
chr2	17661775	18507510	0.107492	0.009153	0.006262	0.103448
chr2	18514491	19569664	-0.011551	-0.000627	-0.000447	0.010853
chr2	19571608	20506859	-0.107900	-0.005734	-0.004142	-0.130909
chr2	20534866	22357212	0.027422	0.001424	0.001010	0.001770
chr2	22366215	23120286	-0.137391	-0.009661	-0.006767	-0.126476
chr2	23122183	24197093	0.142857	0.007456	0.005393	0.121019
chr2	24320190	25156261	0.186257	0.010702	0.008000	0.183533
chr2	25181368	26240168	0.276190	0.020541	0.014459	0.274448
chr2	26280783	27171302	-0.238832	-0.018997	-0.012904	-0.250415
chr2	27171816	27591530	-0.003717	-0.000288	-0.000218	-0.018315
chr2	27591652	28845774	0.121951	0.007490	0.005499	0.109565
chr2	29142094	30767448	-0.079038	-0.006115	-0.004326	-0.071672
chr2	30782968	32069144	0.046341	0.002110	0.001561	0.025974
chr2	32077203	33310663	-0.139085	-0.007542	-0.005529	-0.131012
chr2	33314288	34352534	0.058601	0.003510	0.002613	0.054004
chr2	34419121	35143030	0.318386	0.017857	0.013530	0.252101
chr2	35165507	35924268	0.275261	0.019906	0.014916	0.280277
chr2	35932924	36565984	-0.228137	-0.018821	-0.014086	-0.240143
chr2	36586155	37044784	-0.202479	-0.012440	-0.009293	-0.168784
chr2	37044961	37628460	-0.118519	-0.010607	-0.007687	-0.112676
chr2	37629236	37973880	0.246493	0.021609	0.016428	0.222857
chr2	37985777	38566862	0.180952	0.015999	0.011986	0.161634
chr2	38591736	39522040	-0.043011	-0.003075	-0.002231	-0.052991
chr2	39531076	40342760	0.026022	0.001959	0.001443	0.010526
chr2	40342818	41618878	0.007576	0.000463	0.000341	-0.007246
chr2	41634752	42260367	-0.176883	-0.011612	-0.008666	-0.178510
chr2	42278599	43293885	0.168831	0.009107	0.006825	0.129771
chr2	43310572	44212064	0.282609	0.014867	0.011273	0.263889
chr2	44220359	44979076	0.039216	0.003424	0.002434	0.045802
chr2	45109162	46033530	0.114286	0.007513	0.005611	0.099338
chr2	46036219	46850464	-0.085714	-0.007767	-0.005633	-0.092937
chr2	46888101	47752445	0.040385	0.003111	0.002311	0.060773
chr2	47752617	48504121	0.145299	0.012390	0.008685	0.119869
chr2	48506344	49307287	0.072664	0.005901	0.004229	0.084746
chr2	49309049	49937004	0.053211	0.006008	0.004252	0.037975
chr2	49942035	51031011	0.053191	0.002839	0.002183	0.042770
chr2	51065242	51879373	0.258979	0.018135	0.013315	0.239488
chr2	51894217	52676158	-0.056338	-0.004096	-0.002822	-0.033784
chr2	52678081	53331038	-0.431493	-0.034262	-0.024215	-0.427992
chr2	53331041	54336460	0.275416	0.023029	0.016580	0.291139
chr2	54351554	55096182	0.149606	0.011589	0.008853	0.138462
chr2	55141464	56448462	-0.327172	-0.017803	-0.013061	-0.333333
chr2	56465738	57141250	0.187726	0.011806	0.009019	0.169014
chr2	57143044	57653549	-0.007937	-0.000671	-0.000500	-0.023077
chr2	57661325	58516854	-0.084967	-0.007052	-0.005103	-0.082803
chr2	58541244	60012956	-0.206049	-0.015166	-0.010635	-0.218018
chr2	60141361	62732023	-0.109635	-0.006977	-0.004749	-0.106796
chr2	62739040	63691623	-0.019549	-0.001430	-0.000960	-0.019034
chr2	63700540	65189105	0.001821	0.000085	0.000059	0.005405
chr2	65190305	66375937	0.209924	0.011332	0.008275	0.220974
chr2	66400162	66890296	0.259516	0.023209	0.017617	0.255034
chr2	66891890	67513682	-0.185185	-0.014628	-0.010546	-0.207018
chr2	67534079	68047796	0.106383	0.007928	0.005771	0.082192
chr2	68055233	68727929	-0.032075	-0.002218	-0.001542	-0.023508
chr2	68737632	69393501	-0.105925	-0.006533	-0.004756	-0.099494
chr2	69441351	70024960	-0.032381	-0.002089	-0.001523	-0.053407
chr2	70133558	70866691	0.081136	0.004629	0.003350	0.070896
chr2	70869080	71761201	0.038760	0.002267	0.001659	0.038251
chr2	71785790	72344741	0.012739	0.000720	0.000515	0.013436
chr2	72348157	73442534	-0.096045	-0.005358	-0.003792	-0.094812
chr2	73442721	74097864	0.082677	0.007325	0.005397	0.091603
chr2	74098500	74581968	0.003534	0.000236	0.000175	-0.021559
chr2	74600101	75408620	0.197674	0.010602	0.007796	0.152174
chr2	75410509	76343519	0.043152	0.002155	0.001581	0.046632
chr2	76355746	78787131	-0.151163	-0.008202	-0.005909	-0.152174
chr2	78921877	83800865	-0.112811	-0.005114	-0.003737	-0.089631
chr2	83809548	84516850	0.048327	0.003517	0.002684	0.054945
chr2	84545111	86383095	0.346154	0.020323	0.015059	0.346154
chr2	86470698	87562659	0.127413	0.009755	0.006931	0.116981
chr2	87571896	89153052	0.295203	0.018982	0.013707	0.275986
chr2	89205125	90764996	0.000000	0.000000	0.000000	-0.006897
chr2	90914175	93374615	-0.115646	-0.005648	-0.004162	-0.117647
chr2	93406233	94901283	-0.062500	-0.004232	-0.003087	-0.067358
chr2	94902592	96498498	0.136531	0.006868	0.005175	0.146953
chr2	96553806	97942933	0.315175	0.019746	0.014690	0.298893
chr2	97955459	98755793	-0.289474	-0.024783	-0.017020	-0.313131
chr2	98778148	99662012	-0.016000	-0.000958	-0.000707	-0.015152
chr2	99689873	100780100	-0.022556	-0.001470	-0.001067	-0.037037
chr2	100782083	101232950	0.350294	0.026637	0.020819	0.344762
chr2	101235008	101798501	-0.218468	-0.012473	-0.009491	-0.203219
chr2	101904188	106560953	0.288809	0.014434	0.010670	0.275261
chr2	106639726	107601232	-0.214801	-0.015479	-0.011085	-0.235800
chr2	107608699	108472440	0.129436	0.008102	0.006068	0.109848
chr2	108481103	109278262	-0.013514	-0.001005	-0.000732	-0.038961
chr2	109278313	110039994	0.074447	0.004882	0.003782	0.099029
chr2	110044587	110889893	0.213483	0.018537	0.013242	0.195572
chr2	110890825	111913811	-0.309222	-0.022476	-0.015996	-0.307282
chr2	111968897	112947383	0.076923	0.004910	0.003656	0.053846
chr2	112947971	113654121	0.283019	0.021240	0.015156	0.277372
chr2	113659228	114189140	0.075269	0.006897	0.005301	0.093426
chr2	114203101	114725122	0.080420	0.007334	0.005429	0.072848
chr2	114735951	115306174	-0.137750	-0.008284	-0.006145	-0.115312
chr2	115308422	115858052	0.087452	0.006934	0.005376	0.107807
chr2	115858304	117431909	-0.078156	-0.005218	-0.003858	-0.083172
chr2	117458958	117933068	0.205674	0.021432	0.016006	0.205674
chr2	117933131	118809789	0.003745	0.000250	0.000177	0.031579
chr2	118817922	119507929	-0.185714	-0.013673	-0.010303	-0.185714
chr2	119511374	121103092	-0.071429	-0.004509	-0.003380	-0.075862
chr2	121111659	122619012	-0.115108	-0.006754	-0.004996	-0.120805
chr2	122631148	123406694	-0.176471	-0.015867	-0.011716	-0.119403
chr2	123429139	124077937	0.141153	0.011442	0.008283	0.176252
chr2	124090356	124930982	0.013841	0.000931	0.000712	-0.006711
chr2	124939214	126146124	0.175337	0.009939	0.007381	0.162791
chr2	126189471	127079402	-0.204724	-0.011539	-0.008781	-0.204724
chr2	127091728	128154211	-0.137112	-0.010653	-0.007596	-0.128205
chr2	128162741	129108561	-0.130930	-0.008062	-0.005762	-0.135436
chr2	129116483	129843415	0.125000	0.008909	0.006647	0.107914
chr2	129844654	130787600	-0.134216	-0.009367	-0.006770	-0.173524
chr2	130794691	132295420	-0.073826	-0.003716	-0.002896	-0.085595
chr2	132301385	133376058	0.167213	0.011243	0.008350	0.150769
chr2	133400510	135229642	-0.013384	-0.000677	-0.000500	-0.034111
chr2	135237907	137375132	0.147705	0.008422	0.006113	0.150538
chr2	137379163	138216352	0.208566	0.011499	0.008649	0.178322
chr2	138229254	138989031	-0.189716	-0.011613	-0.008539	-0.184801
chr2	139016998	139677709	0.042672	0.002771	0.001956	0.070270
chr2	139682848	140518077	0.085106	0.005086	0.003602	0.114094
chr2	140602286	141969054	0.162338	0.007531	0.005386	0.144654
chr2	141969705	142821188	0.142086	0.008419	0.005937	0.144852
chr2	142838866	144091011	-0.068493	-0.003452	-0.002541	-0.089631
chr2	144104488	145639999	-0.001748	-0.000103	-0.000074	-0.028286
chr2	145674439	148889328	-0.060764	-0.003163	-0.002338	-0.037891
chr2	148928290	149482235	0.112186	0.008272	0.006192	0.109848
chr2	149495705	150006206	0.016760	0.000999	0.000735	0.001770
chr2	150025661	150673396	0.293694	0.024916	0.017770	0.287478
chr2	150676746	151260703	-0.083186	-0.006766	-0.005049	-0.075571
chr2	151262236	151874496	-0.072692	-0.005376	-0.004036	-0.092896
chr2	151874616	152461296	0.132686	0.013088	0.009512	0.130159
chr2	152461598	153215286	0.313653	0.018207	0.013805	0.323741
chr2	153218860	153941515	0.037500	0.002486	0.001896	0.005128
chr2	153966894	154830847	0.117871	0.007834	0.005778	0.125000
chr2	154832904	155842290	0.134328	0.012345	0.009237	0.126354
chr2	155862330	156991922	0.139918	0.010870	0.007762	0.125984
chr2	157010959	158940887	0.090535	0.008263	0.005932	0.085271
chr2	159008041	160089918	-0.168459	-0.015301	-0.011429	-0.205479
chr2	160101711	160725934	0.241256	0.021359	0.016019	0.234188
chr2	160728854	162677486	-0.223629	-0.013527	-0.010148	-0.204040
chr2	162907578	163621793	-0.153846	-0.011699	-0.008842	-0.153846
chr2	163649569	164750009	0.187500	0.027976	0.018850	0.144876
chr3	478153	1957261	0.237237	0.013605	0.009258	0.247863
chr3	2001817	2988901	-0.033808	-0.001740	-0.001236	-0.046312
chr3	2995701	4064835	0.134658	0.005054	0.003633	0.119497
chr3	4107418	5642178	-0.079225	-0.004599	-0.003195	-0.094842
chr3	5644561	6162936	0.398261	0.029808	0.021285	0.375212
chr3	6207882	7009281	0.066038	0.005668	0.003991	0.071207
chr3	7010084	7597260	-0.024476	-0.001913	-0.001345	-0.013333
chr3	7667418	8979442	-0.029520	-0.001645	-0.001132	-0.013699
chr3	8987201	10941349	0.321168	0.023219	0.016462	0.291667
chr3	10959913	11959868	0.015267	0.000941	0.000685	-0.007299
chr3	11961426	12613666	0.080460	0.005616	0.004114	0.066667
chr3	12613774	13705708	0.127660	0.007587	0.005480	0.125000
chr3	13780359	14930813	0.028381	0.001627	0.001154	0.018122
chr3	14931485	15707793	0.025271	0.001830	0.001290	0.024735
chr3	15712762	16629024	-0.139932	-0.009217	-0.006430	-0.132203
chr3	16636439	17679573	0.011696	0.000530	0.000382	0.007491
chr3	17688727	18373077	-0.103594	-0.006190	-0.004627	-0.083503
chr3	18385732	19823241	-0.063465	-0.002987	-0.002159	-0.048093
chr3	19862716	20960456	0.214286	0.013911	0.009552	0.184094
chr3	20991259	22017638	-0.237316	-0.014927	-0.010862	-0.226324
chr3	22020078	22898176	-0.103870	-0.005916	-0.004403	-0.122807
chr3	22912849	24111669	-0.281139	-0.014854	-0.010954	-0.232323
chr3	24115583	24669787	-0.037453	-0.002478	-0.001798	-0.028571
chr3	24676196	25447241	-0.052448	-0.003773	-0.002665	-0.025806
chr3	25454277	25970733	-0.001938	-0.000191	-0.000139	0.009208
chr3	26007599	26634799	-0.035782	-0.002256	-0.001673	0.003584
chr3	26658885	27748904	-0.154762	-0.014652	-0.010329	-0.154762
chr3	27767277	29176113	0.051903	0.002473	0.001873	0.043189
chr3	29191309	30057990	0.038306	0.002245	0.001659	0.028571
chr3	30073284	30804228	0.023649	0.001632	0.001177	0.006579
chr3	30826578	31706003	0.012456	0.000732	0.000531	-0.001745
chr3	31741496	33080987	0.222846	0.011500	0.008541	0.188049
chr3	33102160	34015619	-0.176056	-0.012438	-0.008862	-0.186964
chr3	34033313	34576308	0.006803	0.000487	0.000339	0.013514
chr3	34592526	35111691	0.016886	0.000859	0.000640	-0.008881
chr3	35111692	36234284	0.192523	0.012343	0.008411	0.191710
chr3	36234286	36771017	0.326260	0.034879	0.024405	0.267974
chr3	36807328	39004397	0.152516	0.006760	0.004786	0.135053
chr3	39085815	40004765	-0.121339	-0.005943	-0.004378	-0.135135
chr3	40133649	41519590	-0.133550	-0.009838	-0.007089	-0.142857
chr3	41552732	43391098	0.065549	0.004491	0.003104	0.075332
chr3	43400577	43910731	-0.289803	-0.026197	-0.017622	-0.293919
chr3	43933759	45063626	0.157986	0.008899	0.006447	0.138211
chr3	45064400	45558969	-0.205323	-0.017027	-0.012024	-0.192857
chr3	45564377	46301140	0.077799	0.005647	0.004239	0.081374
chr3	46301145	46858868	0.092559	0.007881	0.005975	0.084922
chr3	46860865	47903597	0.022388	0.001390	0.001030	0.022388
chr3	47908963	48748023	-0.013462	-0.000932	-0.000669	-0.020873
chr3	48777548	49870704	0.177143	0.010473	0.007558	0.183365
chr3	49874074	51372722	0.203065	0.012281	0.009136	0.197026
chr3	51403494	51980182	0.003861	0.000333	0.000244	-0.018587
chr3	51981079	52707092	-0.405941	-0.039891	-0.028303	-0.407266
chr3	52732231	53548416	0.285171	0.027203	0.020240	0.259259
chr3	53554441	54278523	-0.271698	-0.020325	-0.015003	-0.268657
chr3	54296426	55032481	-0.106272	-0.008533	-0.006108	-0.098107
chr3	55032497	55787830	-0.162978	-0.013131	-0.008978	-0.161034
chr3	55794891	56910429	0.297619	0.024129	0.015492	0.274102
chr3	56917434	57399563	0.152416	0.015459	0.010561	0.166667
chr3	57401073	57738014	0.132246	0.014953	0.009904	0.131532
chr3	57738016	58167763	-0.138889	-0.011423	-0.007958	-0.138889
chr3	58170233	58893570	0.053191	0.005274	0.003768	0.051195
chr3	58899652	59596710	0.113752	0.006438	0.004470	0.081862
chr3	59596873	61049711	0.000000	0.000000	0.000000	0.011976
chr3	61072840	61745823	-0.029197	-0.001862	-0.001329	-0.058824
chr3	61774067	62665263	0.269076	0.017038	0.012099	0.250000
chr3	62669816	63282608	-0.085299	-0.007939	-0.005777	-0.085217
chr3	63284002	63783907	0.091667	0.008083	0.005868	0.088567
chr3	63806960	64440742	0.343854	0.026711	0.019834	0.337684
chr3	64455973	65358999	0.173145	0.014066	0.009737	0.165563
chr3	65431558	66744420	0.255973	0.014722	0.010804	0.259016
chr3	66744875	67149082	-0.108000	-0.009212	-0.006929	-0.132075
chr3	67158730	67900436	0.136201	0.010566	0.007714	0.139932
chr3	67902743	69096410	-0.109890	-0.007882	-0.005731	-0.109541
chr3	69097554	69993177	-0.040892	-0.003690	-0.002728	-0.047273
chr3	70011402	71314973	-0.120075	-0.007008	-0.005076	-0.143369
chr3	71315200	71944231	0.099567	0.007906	0.005614	0.070539
chr3	72010622	73541008	-0.172816	-0.010210	-0.007615	-0.176471
chr3	73541032	74595934	-0.022556	-0.001208	-0.000867	-0.029851
chr3	74633786	75603951	0.203390	0.013664	0.009893	0.186131
chr3	75605781	76161053	-0.018059	-0.001100	-0.000809	-0.021552
chr3	76168347	76754301	0.240143	0.019958	0.014624	0.240143
chr3	76766564	77344249	-0.047710	-0.003216	-0.002302	-0.036395
chr3	77344948	80005048	-0.130742	-0.008106	-0.005964	-0.111111
chr3	80093650	80760876	0.036907	0.003138	0.002367	0.004785
chr3	80803821	81584773	-0.159851	-0.010640	-0.008143	-0.145833
chr3	81598673	84116755	0.065177	0.004235	0.003073	0.074681
chr3	84139991	84809939	-0.150084	-0.010224	-0.007654	-0.153213
chr3	84814786	85560592	0.184165	0.014505	0.010740	0.132137
chr3	85561949	86364549	-0.195402	-0.016745	-0.011679	-0.190400
chr3	86435889	86889785	-0.117857	-0.010258	-0.007561	-0.108772
chr3	86914148	87836307	-0.358362	-0.025097	-0.018321	-0.362126
chr3	87910823	89068235	0.446208	0.032787	0.024914	0.426667
chr3	89099087	90731947	-0.076531	-0.004758	-0.003438	-0.104670
chr3	90734739	91680030	0.247563	0.017321	0.012093	0.252408
chr3	91690784	92753856	-0.304979	-0.018389	-0.013217	-0.311155
chr3	92773981	95640654	-0.092652	-0.006472	-0.004846	-0.104101
chr3	95706253	98140207	0.258586	0.012873	0.009057	0.262963
chr3	98141015	99241182	-0.082759	-0.006312	-0.004643	-0.072848
chr3	99303376	100786075	-0.278146	-0.016341	-0.011543	-0.288462
chr3	100797486	102991075	-0.040816	-0.002769	-0.001974	-0.039735
chr3	103001741	104444003	0.218266	0.017973	0.012439	0.184094
chr3	104506644	106078413	0.141524	0.008944	0.006711	0.148426
chr3	106211784	107308230	-0.091371	-0.006016	-0.004543	-0.106452
chr3	107308268	108093972	0.127490	0.007625	0.005603	0.129771
chr3	108137413	108980237	0.138889	0.009749	0.006787	0.136986
chr3	108980630	109959171	0.067961	0.004376	0.003144	0.076433
chr3	109975133	112067717	-0.058712	-0.003477	-0.002581	-0.055856
chr3	112075882	113713104	0.132743	0.008235	0.006253	0.115717
chr3	113743024	114497763	-0.093525	-0.006315	-0.004697	-0.093426
chr3	114523245	115422966	0.105263	0.006599	0.004967	0.105263
chr3	115495209	116804380	-0.119608	-0.007670	-0.005879	-0.118644
chr3	116806918	117345658	0.165517	0.014191	0.010771	0.134228
chr3	117360205	118260731	-0.023256	-0.001804	-0.001282	-0.035971
chr3	118260792	119126204	-0.129758	-0.013311	-0.009035	-0.160331
chr3	119146339	119795362	0.040998	0.004056	0.002977	0.063683
chr3	119799085	121381981	-0.139344	-0.010047	-0.007519	-0.162791
chr3	121382713	122199152	-0.095238	-0.008914	-0.006509	-0.086093
chr3	122210736	122933972	-0.039216	-0.003833	-0.002896	-0.037037
chr3	122948838	123467200	-0.114053	-0.010002	-0.007178	-0.119522
chr3	123469489	124093876	0.232558	0.020884	0.015337	0.171429
chr3	124120807	124997891	0.035556	0.003766	0.002631	0.008264
chr4	2149545	3766569	0.248945	0.023993	0.017825	0.250996
chr4	3809851	5987677	-0.130435	-0.008927	-0.006074	-0.132530
chr4	6016557	6904729	-0.120567	-0.009786	-0.006830	-0.119718
chr4	6906263	7444794	0.143925	0.013655	0.009808	0.152603
chr4	7447228	8015137	-0.019730	-0.002408	-0.001819	0.001996
chr4	8078533	9848990	-0.031690	-0.001990	-0.001491	-0.031579
chr4	9953076	11256609	0.119705	0.008797	0.006489	0.100885
chr4	11257741	12935285	0.265347	0.019596	0.014423	0.236842
chr4	12963852	13658100	-0.080214	-0.006669	-0.005039	-0.104631
chr4	13659185	14549200	-0.131944	-0.011664	-0.008496	-0.152542
chr4	14555645	15494237	0.178295	0.010081	0.007381	0.161049
chr4	15494268	16346731	0.257692	0.022230	0.017179	0.267290
chr4	16409305	17045531	0.210216	0.016878	0.012533	0.177570
chr4	17079123	17878814	-0.205776	-0.019273	-0.013659	-0.169550
chr4	17888731	18736990	-0.077181	-0.006620	-0.004554	-0.069767
chr4	18741075	19588704	0.081081	0.008220	0.005414	0.066874
chr4	19615557	21115636	0.037924	0.002982	0.002086	0.041257
chr4	21119527	21646800	0.140625	0.012468	0.009232	0.124088
chr4	21694587	22533972	-0.216049	-0.014187	-0.010250	-0.211268
chr4	22533978	23353003	0.080524	0.005140	0.003755	0.059034
chr4	23360820	24138095	0.018182	0.001160	0.000891	0.028571
chr4	24146930	24859781	-0.136986	-0.012500	-0.008983	-0.136054
chr4	24859782	25300081	0.036298	0.004535	0.003144	0.035336
chr4	25334153	26514150	0.073579	0.004243	0.003236	0.069307
chr4	26539871	27764079	0.167883	0.010156	0.007280	0.161972
chr4	27779459	28946181	0.001815	0.000123	0.000089	-0.029160
chr4	28950105	29742814	0.089655	0.006714	0.004902	0.087248
chr4	29743211	31497504	0.195730	0.011036	0.008214	0.191489
chr4	31526611	32894339	-0.046205	-0.002667	-0.001927	-0.045752
chr4	32929344	33908137	0.205128	0.012102	0.008605	0.200000
chr4	33994648	34802443	0.045997	0.002635	0.001902	0.044776
chr4	34827217	36444668	-0.082781	-0.005597	-0.004085	-0.085174
chr4	36452430	38928443	0.132616	0.008894	0.006292	0.101351
chr4	38992656	40600932	-0.156900	-0.009632	-0.006962	-0.146953
chr4	40607857	41363544	-0.158672	-0.013150	-0.009375	-0.154930
chr4	41377166	42112090	0.166994	0.008520	0.006171	0.192593
chr4	42118644	42806181	-0.162950	-0.010734	-0.007626	-0.161290
chr4	42820585	43978843	0.023009	0.001049	0.000790	0.028862
chr4	43979019	46220665	0.228464	0.012788	0.008997	0.247312
chr4	46348970	47619344	0.289782	0.015607	0.010982	0.285950
chr4	47625770	48266807	0.044776	0.002965	0.002127	0.014493
chr4	48267629	49210130	-0.143636	-0.008352	-0.006159	-0.142355
chr4	49228155	49756961	0.015548	0.001153	0.000863	0.001605
chr4	49760197	50696062	0.142395	0.009162	0.006795	0.100304
chr4	50696577	52343994	0.008636	0.000437	0.000326	0.001642
chr4	52422913	53760131	0.270073	0.014690	0.010625	0.270073
chr4	53813568	55000144	-0.036765	-0.002312	-0.001613	-0.021277
chr4	55000433	56423557	-0.055901	-0.003229	-0.002355	-0.055901
chr4	56429611	57477844	0.000000	0.000000	0.000000	-0.006897
chr4	57507563	59058821	-0.023026	-0.001357	-0.000968	-0.041801
chr4	59090395	60354282	-0.027422	-0.001658	-0.001191	-0.046154
chr4	60355652	61368482	-0.031278	-0.001761	-0.001271	-0.058626
chr4	61391699	65312562	0.056478	0.003216	0.002336	0.061489
chr4	65387496	66383592	-0.177258	-0.012121	-0.008638	-0.184466
chr4	66408006	67150959	0.181347	0.013128	0.009351	0.170178
chr4	67153717	68723805	0.138225	0.009992	0.007625	0.150413
chr4	68744739	69829876	0.026224	0.001843	0.001341	0.008183
chr4	69850350	70660887	0.058419	0.003998	0.003020	0.061889
chr4	70701920	71150581	0.249524	0.025447	0.018961	0.217082
chr4	71168631	73319327	-0.012552	-0.000682	-0.000519	-0.057471
chr4	73338986	75013720	0.063291	0.004631	0.003367	0.075838
chr4	75063680	76677774	0.011650	0.000952	0.000669	-0.017483
chr4	76683075	77346317	-0.049310	-0.004017	-0.003069	-0.064078
chr4	77353293	79360156	-0.050000	-0.004546	-0.003395	-0.040000
chr4	79365072	81117346	0.113553	0.012927	0.008900	0.120000
chr4	81121929	82420266	0.178761	0.018390	0.012825	0.160069
chr5	1165241	2214816	0.040590	0.004473	0.003169	0.031802
chr5	2279565	2779839	0.099609	0.009627	0.006839	0.097889
chr5	2781729	3290502	0.234973	0.027520	0.019699	0.245961
chr5	3291879	3812241	-0.160000	-0.013279	-0.009709	-0.189189
chr5	3812242	4640745	-0.008439	-0.000604	-0.000451	-0.042424
chr5	4643127	5377779	0.159236	0.011312	0.008549	0.173278
chr5	5394451	6003328	-0.277652	-0.024987	-0.017204	-0.277899
chr5	6015566	6554039	0.387454	0.035910	0.026673	0.379061
chr5	6555429	7186793	-0.157895	-0.016427	-0.011741	-0.162872
chr5	7201862	8079956	0.001783	0.000167	0.000121	0.022530
chr5	8110104	8537421	0.099548	0.008391	0.006355	0.103734
chr5	8538318	8869166	-0.042506	-0.003862	-0.002985	-0.078471
chr5	8869829	9438816	-0.111111	-0.008622	-0.006600	-0.107807
chr5	9443680	9806792	0.084926	0.007486	0.005620	0.112450
chr5	9806883	10480634	0.149606	0.012100	0.009064	0.169231
chr5	10489195	11266785	-0.250000	-0.022494	-0.016056	-0.251534
chr5	11267807	11935795	0.023423	0.001864	0.001333	0.043029
chr5	11938238	12808692	0.017301	0.001231	0.000876	0.016722
chr5	12839517	13566350	0.060134	0.002844	0.002091	0.070968
chr5	13617461	14115830	0.159420	0.011418	0.008571	0.143434
chr5	14118941	14694544	-0.338677	-0.021791	-0.016068	-0.328244
chr5	14722172	15272683	-0.226994	-0.013303	-0.009601	-0.220339
chr5	15275776	15888633	0.184028	0.014886	0.010895	0.174917
chr5	15890346	16591381	0.075540	0.006530	0.004659	0.044674
chr5	16595418	17114263	0.170412	0.013540	0.009212	0.170557
chr5	17114633	18109611	-0.088608	-0.005554	-0.003707	-0.073171
chr5	18126627	19736126	-0.021997	-0.001336	-0.000904	-0.021559
chr5	20415007	22456267	0.049645	0.002504	0.001781	0.048951
chr5	22459504	23083072	0.128617	0.009376	0.006760	0.118750
chr5	23093702	24340934	0.048253	0.002938	0.002061	0.039746
chr5	24342822	25067370	0.044248	0.002009	0.001440	0.039062
chr5	25089047	26011009	-0.099476	-0.005651	-0.004009	-0.089076
chr5	26031264	27138052	0.072464	0.003198	0.002340	0.052265
chr5	27146048	28889733	-0.063665	-0.002513	-0.001733	-0.055976
chr5	28893756	29751022	0.206349	0.013760	0.009617	0.192547
chr5	29755506	30409534	0.022222	0.001698	0.001171	0.021807
chr5	30436174	31657720	-0.060219	-0.002948	-0.002047	-0.071553
chr5	31677928	33576597	-0.163701	-0.008265	-0.005649	-0.144828
chr5	33621046	36564399	-0.309059	-0.015523	-0.010652	-0.293919
chr5	36564645	38857980	0.016453	0.000719	0.000510	0.001745
chr5	38899206	39688557	0.285985	0.017505	0.012516	0.282883
chr5	39688588	41422699	-0.161501	-0.008047	-0.005686	-0.170111
chr5	41422986	42084515	-0.081340	-0.005543	-0.003774	-0.090909
chr5	42108031	42808285	-0.027523	-0.001413	-0.000990	-0.009967
chr5	42810897	43672203	-0.144052	-0.006176	-0.004419	-0.138408
chr5	43710244	45060438	0.082437	0.004191	0.002949	0.076923
chr5	45077891	47728316	0.201818	0.011360	0.008291	0.165829
chr5	47728722	48593441	-0.207101	-0.012093	-0.008449	-0.200000
chr5	48609319	49983174	-0.042553	-0.002528	-0.001741	-0.030717
chr5	49997030	50810742	-0.107084	-0.007047	-0.005037	-0.092084
chr5	50947395	52407468	0.002128	0.000078	0.000056	0.001972
chr5	52409316	52902394	-0.231330	-0.014005	-0.009980	-0.218914
chr5	52904821	53913269	0.139896	0.007515	0.005266	0.168053
chr5	53930778	56589664	-0.150350	-0.004148	-0.003064	-0.142857
chr5	56779755	57353880	0.066667	0.004296	0.003145	0.057554
chr5	57357058	59106871	-0.093103	-0.004528	-0.003176	-0.094595
chr5	59142044	59960980	-0.269076	-0.014323	-0.010510	-0.272727
chr5	59968356	61749741	0.001992	0.000089	0.000066	-0.005871
chr5	61767072	62708474	-0.082828	-0.005287	-0.003862	-0.072978
chr5	62716799	63784470	0.136531	0.011951	0.009023	0.115942
chr5	63785577	65366651	0.457317	0.034309	0.025565	0.451056
chr5	65368838	66321122	-0.190840	-0.017940	-0.012948	-0.205882
chr5	66321274	66964556	-0.161290	-0.015244	-0.011805	-0.173145
chr5	66965965	67495700	0.240404	0.023555	0.017634	0.232558
chr5	67587986	68386800	0.043478	0.004516	0.003192	0.061538
chr5	68428059	69128948	0.113445	0.012292	0.008469	0.076305
chr5	69129306	69636112	0.090909	0.012969	0.009091	0.101887
chr5	69649214	70033012	0.154150	0.017165	0.012361	0.139623
chr5	70042435	70738593	0.283582	0.035748	0.025316	0.255474
chr6	279515	977916	-0.001972	-0.000177	-0.000124	-0.017078
chr6	991055	1518343	0.226824	0.024188	0.018055	0.205725
chr6	1542913	2391487	0.014706	0.001280	0.000930	0.017794
chr6	2400732	4085729	0.001942	0.000133	0.000100	-0.005671
chr6	4087272	5079273	0.031008	0.002386	0.001749	0.047970
chr6	5079319	5594413	0.075556	0.005935	0.004424	0.066116
chr6	5600871	6004549	0.309859	0.028708	0.020567	0.289474
chr6	6014795	7117695	-0.165323	-0.014126	-0.009991	-0.164659
chr6	7143475	8191279	0.192453	0.012945	0.009762	0.174377
chr6	8207354	8770395	-0.122137	-0.011313	-0.008221	-0.094891
chr6	8770437	9156941	-0.254083	-0.028992	-0.020883	-0.259649
chr6	9157500	9900997	-0.007491	-0.000540	-0.000409	-0.017921
chr6	9907310	10562284	-0.105960	-0.008749	-0.006438	-0.103226
chr6	10582476	11138779	-0.057944	-0.005360	-0.003833	-0.045045
chr6	11141173	11588394	0.049808	0.004217	0.003021	0.032028
chr6	11589828	12184410	0.146417	0.013318	0.009616	0.146417
chr6	12184972	12643638	-0.123457	-0.009102	-0.006651	-0.140625
chr6	12664897	13078782	0.035941	0.002249	0.001647	0.047259
chr6	13079294	13651848	-0.295113	-0.020601	-0.015165	-0.257443
chr6	13672963	14459752	0.349076	0.019492	0.014460	0.350394
chr6	14460509	15127594	-0.229541	-0.016065	-0.011759	-0.226054
chr6	15128455	16011465	-0.145511	-0.007540	-0.005585	-0.134328
chr6	16021612	17536646	0.103571	0.005911	0.004358	0.109589
chr6	17744794	19304929	-0.035250	-0.001622	-0.001174	-0.029982
chr6	19340676	20297512	-0.189189	-0.010603	-0.007325	-0.154839
chr6	20307041	21064326	-0.097561	-0.004670	-0.003339	-0.069767
chr6	21082794	23412679	-0.061914	-0.002592	-0.001814	-0.074010
chr6	23529983	24945447	0.004942	0.000280	0.000201	0.014493
chr6	24946417	25638406	0.301370	0.018233	0.012722	0.293729
chr6	25639014	26592168	-0.071186	-0.004605	-0.003329	-0.081433
chr6	26601241	27002999	0.007220	0.000596	0.000425	0.027397
chr6	27015035	28336714	0.091873	0.005167	0.003615	0.084967
chr6	28359406	29183555	-0.125424	-0.010251	-0.007193	-0.140000
chr6	29206674	30363294	-0.260479	-0.019684	-0.013798	-0.263768
chr6	30368804	32437199	-0.001745	-0.000088	-0.000062	-0.008403
chr6	32441422	33447817	0.108280	0.008757	0.006168	0.092593
chr6	33452417	34946157	0.052632	0.002742	0.001930	0.035211
chr6	34946243	36460602	0.076336	0.003861	0.002812	0.060932
chr6	36494769	39416832	0.161062	0.007104	0.005109	0.140440
chr6	39422528	40165929	0.149635	0.010753	0.007667	0.140845
chr6	40172530	40659293	-0.084871	-0.006473	-0.004601	-0.062069
chr6	40662858	41167480	-0.189420	-0.012002	-0.008619	-0.194763
chr6	41187980	41769384	0.105727	0.005672	0.004184	0.097872
chr6	41807536	42246959	0.243144	0.019464	0.014735	0.240069
chr6	42253246	42854216	-0.007968	-0.000640	-0.000463	0.003745
chr6	42855940	43169389	-0.223614	-0.031466	-0.022635	-0.212947
chr6	43171251	43528060	-0.034765	-0.003929	-0.002835	-0.039848
chr6	43551959	44066940	0.183398	0.014481	0.010596	0.160813
chr6	44086220	44546599	-0.195572	-0.018828	-0.014130	-0.195572
chr6	44556782	45090324	-0.325301	-0.025132	-0.018945	-0.333333
chr6	45096596	45493916	-0.159091	-0.017094	-0.012539	-0.145242
chr6	45499384	45831449	-0.042593	-0.004345	-0.003244	-0.060870
chr6	45833905	46633947	-0.084270	-0.007900	-0.005733	-0.110307
chr6	46634385	47154264	-0.097222	-0.007506	-0.005637	-0.087041
chr6	47162374	47549289	0.006316	0.000494	0.000373	-0.001942
chr6	47552021	48057373	0.179661	0.014587	0.011108	0.175676
chr6	48057511	48336660	-0.200000	-0.022420	-0.016444	-0.200000
chr6	48339655	48623939	-0.112360	-0.017815	-0.012428	-0.142857
chr6	48625622	49281014	-0.108303	-0.011194	-0.007892	-0.108772
chr6	49286122	49738905	0.123457	0.010987	0.008144	0.135135
chr6	49754503	50511940	0.223881	0.022712	0.016541	0.183099
chr6	50518193	51021386	0.105206	0.008436	0.006245	0.084886
chr6	51021387	51602981	0.096197	0.010192	0.007208	0.068041
chr6	51609409	51894110	0.062232	0.005552	0.004022	0.042084
chr7	56963	700494	0.028037	0.002243	0.001607	0.062500
chr7	704421	1427423	0.125257	0.009593	0.006773	0.104126
chr7	1465154	1878976	0.202899	0.030576	0.021896	0.204225
chr7	1883839	2497816	-0.144876	-0.012893	-0.009120	-0.156794
chr7	2499827	2994222	0.154786	0.012340	0.009654	0.147860
chr7	3006136	3661897	0.078652	0.007946	0.005728	0.076923
chr7	3663448	4082624	0.237410	0.025959	0.020088	0.242857
chr7	4103936	4582535	-0.063551	-0.006543	-0.004936	-0.085409
chr7	4589337	5160280	0.106870	0.011777	0.009000	0.096296
chr7	5160290	5623822	0.238095	0.018328	0.013605	0.222222
chr7	5626423	6040917	0.139344	0.013028	0.009665	0.149606
chr7	6053953	7036157	-0.159420	-0.011709	-0.008296	-0.161793
chr7	7052620	8450072	0.014315	0.000856	0.000616	0.045010
chr7	8463206	9129875	0.006110	0.000270	0.000207	-0.005894
chr7	9129877	9709009	-0.045113	-0.003656	-0.002707	-0.048689
chr7	9757274	10660559	0.161765	0.008978	0.006637	0.126761
chr7	10662626	11532006	0.136286	0.009165	0.006430	0.131148
chr7	11532008	13022871	-0.184466	-0.009308	-0.006724	-0.198529
chr7	13033907	14094453	-0.041736	-0.002353	-0.001693	-0.041459
chr7	14101636	15052786	-0.046624	-0.002738	-0.001921	-0.045242
chr7	15110453	16321212	-0.014925	-0.000756	-0.000573	-0.014706
chr7	16333342	19178295	-0.037037	-0.001753	-0.001270	-0.071429
chr7	19184855	20643757	0.162362	0.009658	0.006786	0.176056
chr7	20670764	21545881	0.112583	0.007687	0.005605	0.118971
chr7	21562959	22308131	0.061489	0.005482	0.003903	0.045814
chr7	22309232	22868765	0.000000	0.000000	0.000000	0.017274
chr7	22874223	23669405	0.036066	0.003416	0.002182	0.057325
chr7	23695986	24784482	0.144852	0.011507	0.007635	0.183413
chr7	24788005	26171331	-0.157233	-0.009107	-0.006358	-0.135802
chr7	26258263	27149077	0.100149	0.008865	0.006235	0.096961
chr7	27182029	28686431	0.042831	0.001846	0.001337	0.039724
chr7	28686454	29394197	-0.098592	-0.005084	-0.003692	-0.094077
chr7	29400120	30834081	0.007286	0.000366	0.000263	0.020619
chr7	30946214	32072059	0.016807	0.000867	0.000651	0.028662
chr7	32073963	33860287	-0.392857	-0.020132	-0.014376	-0.395833
chr7	33877941	34388288	-0.013304	-0.000680	-0.000514	0.020661
chr7	34390833	34928616	-0.132609	-0.006967	-0.005318	-0.139875
chr7	34930657	35961827	-0.116981	-0.008818	-0.006211	-0.120000
chr7	35969497	36498669	-0.098266	-0.005447	-0.004055	-0.114019
chr7	36498704	37047588	0.210884	0.017350	0.012593	0.176849
chr7	37055238	37647301	-0.111111	-0.009569	-0.006951	-0.111111
chr7	37661389	38397744	-0.140741	-0.008931	-0.006546	-0.140794
chr7	38504820	40067702	0.020080	0.001015	0.000756	-0.011236
chr7	40085179	40907684	-0.141491	-0.008184	-0.005978	-0.134058
chr7	40917157	41251277	-0.014327	-0.001471	-0.001075	-0.024119
chr7	41257419	41877136	0.064378	0.004290	0.003202	0.060729
chr7	41911379	42486274	-0.147766	-0.011419	-0.008350	-0.144781
chr7	42504861	43651093	-0.038168	-0.002554	-0.001884	-0.059701
chr7	43656531	44268727	0.088300	0.008004	0.005629	0.080508
chr7	44270048	44775462	-0.083700	-0.007907	-0.005943	-0.092369
chr7	44779024	45418172	-0.023170	-0.002541	-0.001848	-0.051878
chr7	45439543	45792877	-0.027451	-0.002637	-0.001883	-0.029412
chr7	45794283	46158218	-0.017751	-0.002073	-0.001469	-0.046382
chr7	46159563	46617073	-0.082251	-0.007388	-0.005533	-0.095238
chr7	46647076	47159584	0.065217	0.004016	0.003115	0.060134
chr7	47185963	47593043	0.144351	0.010392	0.007626	0.136095
chr8	758410	1514207	-0.045627	-0.003817	-0.002706	-0.058824
chr8	1516454	2154029	0.082609	0.006624	0.004673	0.074380
chr8	2155621	2489805	-0.058594	-0.005951	-0.004352	-0.060932
chr8	2492593	2893998	0.282565	0.025827	0.018945	0.249531
chr8	2904346	3341042	0.106472	0.008952	0.006701	0.130785
chr8	3346622	4137106	-0.030928	-0.003485	-0.002466	-0.025126
chr8	4140031	4485136	0.184644	0.019067	0.014859	0.163445
chr8	4485147	4745865	-0.067698	-0.007998	-0.005876	-0.056881
chr8	4746648	5191470	0.192771	0.019095	0.014862	0.169118
chr8	5199801	5505226	-0.056842	-0.005620	-0.004254	-0.060904
chr8	5506012	5643474	-0.167653	-0.029565	-0.020228	-0.132486
chr8	5667608	5917327	-0.271429	-0.033815	-0.023559	-0.268966
chr8	5940395	6395858	-0.277778	-0.021118	-0.015541	-0.258517
chr8	6397198	6612860	-0.104294	-0.011983	-0.008911	-0.115750
chr8	6618418	6919626	0.205821	0.020801	0.015701	0.234714
chr8	6919894	7224959	0.145038	0.015275	0.011638	0.139785
chr8	7226179	7446729	0.160211	0.020805	0.015136	0.111481
chr8	7447248	7845755	-0.205021	-0.020273	-0.014833	-0.204819
chr8	7846892	8169126	0.115242	0.012933	0.009958	0.093525
chr8	8170949	8492228	0.024000	0.002444	0.001876	0.035294
chr8	8498453	9083849	-0.109434	-0.009847	-0.007069	-0.119403
chr8	9093968	9790706	0.149749	0.009153	0.006885	0.146568
chr8	9797961	10410047	-0.093960	-0.007242	-0.004994	-0.084967
chr8	10448324	12148702	-0.107407	-0.005351	-0.004006	-0.091549
chr8	12259377	13500498	0.032967	0.001569	0.001124	0.046595
chr8	13507240	14847195	0.005837	0.000299	0.000213	0.001855
chr8	14909888	16512369	-0.075342	-0.004003	-0.002875	-0.085526
chr8	16515656	17414048	-0.051852	-0.004508	-0.002993	-0.050215
chr8	17415455	18609582	-0.157205	-0.011324	-0.007765	-0.137980
chr8	18630753	19879256	-0.145110	-0.012113	-0.008189	-0.160714
chr8	19887689	20879360	0.092308	0.007140	0.004858	0.088757
chr8	20887225	21906136	-0.158218	-0.014065	-0.009497	-0.122600
chr8	21912308	22718578	-0.145390	-0.012963	-0.008642	-0.138264
chr8	22723767	24826904	-0.015957	-0.000652	-0.000456	-0.015707
chr8	24842030	27069161	0.035413	0.001305	0.000948	0.037398
chr8	27100010	28631591	-0.034111	-0.001745	-0.001244	-0.033628
chr8	28633504	29708833	-0.184358	-0.011921	-0.008732	-0.159930
chr8	29714022	30854938	0.053211	0.002676	0.001900	0.046312
chr8	30871671	31482315	0.058394	0.003089	0.002254	0.068493
chr8	31549576	32485940	-0.085409	-0.004967	-0.003638	-0.082759
chr8	32486814	33576859	0.188581	0.011099	0.008423	0.185690
chr8	33583036	34134021	0.074205	0.005780	0.004368	0.086505
chr8	34160824	34530472	0.091603	0.007527	0.005624	0.075269
chr8	34538958	34821808	0.001565	0.000188	0.000142	-0.007496
chr8	34859496	35349844	0.044304	0.002698	0.002057	0.057199
chr8	35357943	35875218	-0.252285	-0.021367	-0.015706	-0.248201
chr8	35887703	36436252	0.303704	0.025332	0.018769	0.289855
chr8	36447349	36933774	-0.106719	-0.010194	-0.007619	-0.123596
chr8	36935713	37377808	-0.073575	-0.007262	-0.005271	-0.080868
chr8	37378328	37772273	-0.015119	-0.001340	-0.000970	-0.020576
chr8	37773860	38256513	-0.285417	-0.026220	-0.018944	-0.271287
chr8	38256706	38730236	-0.281307	-0.019925	-0.015103	-0.269162
chr8	38736802	39397187	-0.227184	-0.015480	-0.011940	-0.223265
chr8	39400097	39775414	0.073222	0.006493	0.004880	0.069860
chr8	39776269	40095132	-0.003876	-0.000382	-0.000283	0.005566
chr8	40104546	40456160	0.035971	0.003636	0.002622	0.075862
chr8	40458133	40857731	-0.131086	-0.012835	-0.009245	-0.134328
chr8	40882098	41509485	0.149485	0.012067	0.008921	0.140917
chr8	41523429	42455268	0.127490	0.008238	0.006268	0.118774
chr8	42464776	43090805	0.142857	0.013448	0.010176	0.159475
chr8	43100569	43574911	0.157783	0.016795	0.011972	0.146939
chr9	583605	1145815	0.296371	0.035580	0.027351	0.254237
chr9	1148550	2083227	0.157895	0.013535	0.010024	0.154150
chr9	2137453	2796425	0.226453	0.018371	0.013480	0.222004
chr9	2815712	3537680	-0.182482	-0.018864	-0.013256	-0.161512
chr9	3578535	4460972	0.172708	0.009580	0.007053	0.175258
chr9	4472040	5167841	0.313225	0.019471	0.014632	0.296703
chr9	5170917	6501853	0.184000	0.011096	0.008081	0.203125
chr9	6504224	7272923	-0.204991	-0.015244	-0.010994	-0.199307
chr9	7280646	8297229	-0.040541	-0.002811	-0.002025	-0.040541
chr9	8311803	8962776	-0.243421	-0.022804	-0.016319	-0.246835
chr9	8964683	10292601	0.038113	0.003109	0.002283	0.026270
chr9	10292751	10610895	-0.134529	-0.013979	-0.010709	-0.128631
chr9	10626853	11216642	-0.098743	-0.008338	-0.006054	-0.095986
chr9	11224114	11687188	-0.131783	-0.009090	-0.006465	-0.134545
chr9	11722780	12447238	-0.159420	-0.010348	-0.007278	-0.154930
chr9	12456486	12963353	0.078014	0.005179	0.003876	0.072664
chr9	12980612	13672087	-0.044922	-0.002610	-0.001846	-0.076350
chr9	13687537	14054866	-0.036017	-0.002380	-0.001753	-0.038314
chr9	14058810	15041419	-0.028807	-0.001565	-0.001148	-0.027027
chr9	15079730	16200009	-0.266667	-0.020549	-0.015078	-0.225166
chr9	16204560	16863434	-0.087108	-0.005791	-0.004030	-0.061224
chr9	16901639	17770232	-0.037906	-0.001662	-0.001201	-0.049914
chr9	17772953	18237505	0.132800	0.013435	0.009637	0.137876
chr9	18248795	18673304	0.108475	0.010022	0.006904	0.060703
chr9	18719836	20328427	-0.306288	-0.011322	-0.008194	-0.298311
chr9	20332375	22516347	-0.017647	-0.000938	-0.000652	-0.017442
chr9	22552837	25239501	0.019108	0.001098	0.000724	0.019108
chr9	25241959	26313125	-0.142379	-0.010658	-0.007354	-0.151033
chr9	26325566	27596886	0.003257	0.000205	0.000151	-0.003236
chr9	27622381	28933057	-0.039286	-0.002426	-0.001676	-0.051903
chr9	28954000	29822564	-0.025540	-0.001372	-0.000972	-0.032015
chr9	29878541	30692409	0.190741	0.011094	0.007875	0.187166
chr9	30693273	31260722	-0.030769	-0.002546	-0.001850	-0.016556
chr9	31285624	31650311	-0.167939	-0.011329	-0.008352	-0.166667
chr9	31655699	32328159	0.338374	0.023658	0.017046	0.334579
chr9	32338135	33061554	-0.096346	-0.010000	-0.006939	-0.094463
chr9	33092547	34340595	-0.081905	-0.005550	-0.004053	-0.109057
chr9	34352190	34619889	0.028777	0.003858	0.002729	0.049296
chr9	34638930	35292755	-0.186047	-0.016888	-0.012275	-0.167939
chr9	35301682	36025774	0.071220	0.004319	0.003351	0.071567
chr9	36026930	36702347	0.042802	0.004252	0.003212	0.065217
chr9	36734105	37280365	0.037313	0.003589	0.002645	0.000000
chr9	37288725	37991490	0.128492	0.010846	0.008124	0.137255
chr9	38016522	38692167	-0.109155	-0.010416	-0.007710	-0.105802
chr9	38729153	39336335	-0.090147	-0.008022	-0.005783	-0.092338
chr9	39340370	40086295	-0.096774	-0.009984	-0.007044	-0.098039
chr9	40092158	40630615	-0.002028	-0.000221	-0.000158	-0.010020
chr9	40657814	41281207	-0.094862	-0.009256	-0.006665	-0.094891
chr9	41293831	42090933	-0.055118	-0.004828	-0.003500	-0.067669
chr9	42101230	42970704	-0.088710	-0.006049	-0.004349	-0.097276
chr9	42985233	43470513	-0.028986	-0.002624	-0.001904	-0.028571
chr10	2677823	5917295	-0.140127	-0.005817	-0.004070	-0.138462
chr10	5963575	7678889	0.164131	0.007121	0.004931	0.159196
chr10	7693057	9514704	-0.062069	-0.003279	-0.002251	-0.060000
chr10	9549425	12421047	-0.032491	-0.001236	-0.000873	-0.085526
chr10	12433391	14023229	0.316092	0.013715	0.009782	0.289617
chr10	14030831	16302707	-0.122112	-0.006201	-0.004520	-0.090909
chr10	16304567	17454708	-0.210000	-0.014568	-0.010212	-0.214286
chr10	17457304	18982204	0.114217	0.003975	0.002815	0.120370
chr10	18983380	19758621	-0.070111	-0.002841	-0.001948	-0.079038
chr10	19802566	20823228	-0.067742	-0.004220	-0.002991	-0.065421
chr10	20829292	22071265	-0.156475	-0.007194	-0.005096	-0.169179
chr10	22085155	24015396	-0.220238	-0.011838	-0.008553	-0.215116
chr10	24062752	25080408	0.051418	0.003324	0.002398	0.047120
chr10	25106037	25762798	-0.138122	-0.008339	-0.005737	-0.119430
chr10	25769662	26275428	-0.154309	-0.009852	-0.006853	-0.127619
chr10	26275531	26708529	-0.150685	-0.011168	-0.008042	-0.150685
chr10	26731473	27184237	-0.109272	-0.008362	-0.005954	-0.105263
chr10	27212423	28080385	-0.048739	-0.003098	-0.002144	-0.047776
chr10	28086579	29443683	-0.101900	-0.006074	-0.004379	-0.077686
chr10	29449269	29935492	0.190476	0.014986	0.010936	0.165049
chr10	29939931	30808312	0.367550	0.027540	0.020596	0.339683
chr10	30823954	31154198	0.118573	0.009429	0.007332	0.110220
chr10	31181712	31782463	-0.246847	-0.022376	-0.016013	-0.252236
chr10	31819961	33133019	-0.075397	-0.004081	-0.002984	-0.088847
chr10	33150097	33541961	0.082405	0.008582	0.006351	0.061834
chr10	33547212	33952645	0.190141	0.018023	0.013526	0.168919
chr10	33952937	34408506	-0.156463	-0.014326	-0.010445	-0.167785
chr10	34421296	35303338	0.066667	0.005863	0.004194	0.066667
chr10	35319957	35878698	0.121212	0.011266	0.008499	0.098901
chr10	35882481	36845654	0.176000	0.012767	0.009299	0.166667
chr10	36859673	37427742	0.019643	0.001508	0.001132	-0.001733
chr10	37430929	38281664	-0.070312	-0.005612	-0.004200	-0.081081
chr10	38336652	39051795	0.005192	0.000514	0.000356	-0.005941
chr10	39053870	39458096	0.171171	0.015590	0.010992	0.113821
chr10	39470803	40154171	0.297694	0.031025	0.022786	0.282353
chr10	40226159	41210035	0.132150	0.009900	0.007220	0.134725
chr11	917112	2606779	0.200000	0.016486	0.012300	0.200000
chr11	2611629	2982830	-0.110266	-0.012622	-0.008995	-0.123596
chr11	2984159	3558206	0.084871	0.009797	0.007111	0.075269
chr11	3568814	3949570	0.156673	0.016027	0.012070	0.156309
chr11	3954022	4248390	0.160896	0.019550	0.014390	0.156187
chr11	4248766	4832706	-0.020325	-0.002019	-0.001423	-0.011494
chr11	4843115	5302618	0.035581	0.003370	0.002592	0.016216
chr11	5317055	5689117	0.011538	0.001318	0.000923	0.011407
chr11	5702466	5936013	0.373585	0.051697	0.038335	0.389091
chr11	5941227	6380825	-0.108696	-0.011524	-0.008568	-0.127660
chr11	6393417	7308931	-0.066922	-0.004883	-0.003620	-0.059459
chr11	7312354	7725021	0.452282	0.028500	0.021765	0.435115
chr11	7731360	8048534	-0.083164	-0.006695	-0.005110	-0.097416
chr11	8048565	8491182	0.039062	0.003834	0.002816	0.015038
chr11	8509497	8901889	0.140496	0.010597	0.008302	0.146341
chr11	8902606	9331732	0.328520	0.027138	0.019927	0.323944
chr11	9333347	9689673	-0.064935	-0.005057	-0.003816	-0.076649
chr11	9694697	10438224	-0.117647	-0.007138	-0.005250	-0.150000
chr11	10439933	10891969	0.084362	0.006837	0.005204	0.080868
chr11	10894924	11269915	0.191489	0.013667	0.010579	0.193974
chr11	11271308	11713809	-0.048638	-0.003091	-0.002204	-0.024209
chr11	11721674	12207284	0.012111	0.001081	0.000798	0.028571
chr11	12208182	12686443	0.061983	0.004247	0.003147	0.035573
chr11	12707939	13606278	-0.018587	-0.001117	-0.000855	-0.021583
chr11	13613525	14196673	-0.237354	-0.017795	-0.012799	-0.235521
chr11	14198865	14915414	0.007246	0.000514	0.000372	0.010753
chr11	14920561	15443662	0.060150	0.004974	0.003600	0.065693
chr11	15451004	16220085	0.284810	0.022730	0.015711	0.279503
chr11	16224227	16889534	-0.112853	-0.009235	-0.006237	-0.112500
chr11	16900484	17826614	-0.015748	-0.000633	-0.000463	-0.030534
chr11	17839670	18762075	0.248796	0.016857	0.012031	0.239567
chr11	18772894	19875939	-0.426829	-0.022438	-0.016309	-0.426829
chr11	19883433	21947135	0.181965	0.008859	0.006277	0.191153
chr11	21962345	23151837	0.065421	0.004074	0.002852	0.081081
chr11	23156447	24289338	-0.067485	-0.003747	-0.002509	-0.078788
chr11	24314940	26542726	-0.361973	-0.014981	-0.010789	-0.376744
chr11	26681966	27761970	-0.019608	-0.001347	-0.000962	-0.028571
chr11	27779595	28339937	0.034549	0.002405	0.001777	-0.023649
chr11	28340984	28944593	0.087049	0.005517	0.004071	0.085714
chr11	28946342	29411189	-0.146953	-0.021551	-0.014947	-0.164912
chr11	29422962	29853848	0.032193	0.002795	0.002096	-0.001848
chr11	29867589	30285866	-0.121429	-0.013652	-0.009565	-0.119718
chr11	30288734	30620729	-0.122736	-0.014635	-0.011059	-0.084746
chr11	30626592	30931991	0.272072	0.031554	0.022777	0.263339
chr11	30933891	31248208	0.096990	0.008607	0.006253	0.114754
chr11	31249654	31567521	0.075188	0.007691	0.005633	0.075188
chr11	31573193	32001909	-0.184162	-0.014984	-0.010981	-0.196491
chr11	32002749	32766631	0.135560	0.011852	0.009023	0.093923
chr11	32775006	33575211	-0.045936	-0.003512	-0.002519	-0.054422
chr11	33686486	34102371	-0.286290	-0.017323	-0.012766	-0.266409
chr11	34108501	34659367	-0.023077	-0.001681	-0.001269	-0.021739
chr11	34667609	35070458	0.266219	0.023033	0.018010	0.211499
chr11	35075913	35427844	0.080292	0.010155	0.007432	0.089606
chr11	35435309	35846972	0.416476	0.032968	0.026032	0.385593
chr11	35848561	36357229	0.027778	0.002973	0.002112	0.000000
chr11	36367809	36876767	0.237762	0.017077	0.012821	0.215247
chr11	36884625	37396451	0.039216	0.003329	0.002467	0.056680
chr11	37422287	38054410	-0.102222	-0.009068	-0.006576	-0.096491
chr12	288602	1719535	-0.122642	-0.006657	-0.004688	-0.091988
chr12	1758576	3465005	0.207679	0.011345	0.007937	0.209226
chr12	3473775	4802730	-0.170648	-0.009113	-0.006101	-0.176471
chr12	4807971	7185344	0.094737	0.004413	0.003159	0.095238
chr12	7189958	9819074	-0.160656	-0.007084	-0.004868	-0.137380
chr12	9819684	11000530	0.025090	0.001461	0.001051	-0.003322
chr12	11027751	13084294	0.031142	0.001622	0.001167	0.042623
chr12	13136232	14749230	-0.038745	-0.001827	-0.001362	-0.030088
chr12	14755127	15534848	-0.055133	-0.003259	-0.002319	-0.048649
chr12	15539829	17095571	-0.025210	-0.001429	-0.001005	-0.011272
chr12	17096425	18059707	-0.167203	-0.010758	-0.008034	-0.144654
chr12	18061839	18746055	-0.130019	-0.007875	-0.005790	-0.117216
chr12	18753002	19808512	-0.096322	-0.005349	-0.003807	-0.073005
chr12	19930082	21137573	-0.189824	-0.009273	-0.007096	-0.191011
chr12	21137582	21998562	-0.007937	-0.000581	-0.000431	0.000000
chr12	21998861	22650300	-0.011407	-0.000810	-0.000594	0.003663
chr12	22650952	23024494	0.082353	0.005711	0.004291	0.085502
chr12	23027244	23546412	0.087121	0.005591	0.004171	0.035714
chr12	23549562	23959572	-0.182186	-0.012452	-0.009361	-0.203065
chr12	23959613	24184642	0.016000	0.001879	0.001442	0.038760
chr12	24198159	24866969	0.042389	0.002721	0.002070	0.037736
chr12	24889528	25322554	0.267857	0.023596	0.017525	0.243056
chr12	25327739	25714336	-0.120155	-0.010261	-0.007739	-0.111940
chr12	25735970	26142605	-0.086556	-0.006456	-0.004835	-0.084381
chr12	26142621	26652826	-0.060078	-0.004826	-0.003595	-0.070476
chr12	26654554	27634475	0.106291	0.005815	0.004548	0.081188
chr12	27634891	28243734	0.153025	0.014641	0.010915	0.140940
chr12	28253276	28985571	-0.041045	-0.002488	-0.001878	-0.044118
chr12	28989376	29377326	-0.184825	-0.017570	-0.013356	-0.183044
chr12	29379220	29731323	-0.089494	-0.007761	-0.005972	-0.090226
chr12	29738778	30178928	-0.197959	-0.021161	-0.014673	-0.175337
chr12	30205370	30819921	-0.227723	-0.018480	-0.012838	-0.219697
chr12	30836070	31376441	0.051625	0.003647	0.002713	0.049724
chr12	31474408	31709271	-0.097345	-0.007378	-0.005538	-0.093220
chr12	31710097	32050419	0.145969	0.013474	0.009986	0.099391
chr12	32054835	32431067	0.133106	0.013863	0.010034	0.133758
chr12	32431407	32948997	0.071685	0.007167	0.005226	0.060071
chr12	32953313	33496872	0.200000	0.021503	0.015777	0.169811
chr12	33497354	34193932	0.320354	0.042329	0.030688	0.311072
chr12	34244380	35267442	-0.201550	-0.016555	-0.011894	-0.226277
chr13	564553	1294568	-0.020873	-0.001591	-0.001183	-0.013035
chr13	1305951	1979987	-0.109375	-0.010308	-0.007034	-0.082090
chr13	1996402	2325839	-0.130802	-0.015096	-0.010833	-0.132530
chr13	2325876	2930508	0.133201	0.013507	0.010017	0.126706
chr13	2935279	3478561	0.078505	0.007741	0.005772	0.050542
chr13	3484299	4077709	0.084233	0.007117	0.005244	0.074946
chr13	4102356	4423132	0.171806	0.017671	0.013414	0.193277
chr13	4425923	4995001	-0.054206	-0.005194	-0.003847	-0.073874
chr13	5011328	5364608	0.110280	0.010822	0.008315	0.116022
chr13	5369608	5719772	0.240000	0.023114	0.017810	0.250000
chr13	5720045	6012052	0.188406	0.026832	0.019472	0.183099
chr13	6013538	6455041	0.122180	0.010643	0.008200	0.104972
chr13	6458275	6924686	0.481188	0.036981	0.027925	0.464627
chr13	6930335	7689680	0.141577	0.012829	0.009283	0.120841
chr13	7693924	8239067	0.009452	0.000557	0.000419	0.005650
chr13	8240488	8565323	0.046843	0.004552	0.003317	0.045010
chr13	8573341	9237647	-0.064748	-0.004786	-0.003548	-0.063380
chr13	9247165	9621011	-0.089485	-0.008277	-0.005947	-0.086207
chr13	9621642	10719051	0.007220	0.000448	0.000333	0.013889
chr13	10723028	11287235	-0.157088	-0.010840	-0.007757	-0.197080
chr13	11287454	11753721	-0.208791	-0.023785	-0.016770	-0.194245
chr13	11753727	12088597	0.018587	0.002299	0.001672	0.018587
chr13	12089909	12475847	-0.024138	-0.002080	-0.001599	-0.023256
chr13	12486765	12945081	0.013356	0.001213	0.000859	0.050473
chr13	12956964	13546196	0.071685	0.006901	0.004929	0.037801
chr13	13546575	14365170	-0.275416	-0.020122	-0.013967	-0.276896
chr13	14371439	15002033	-0.032847	-0.002194	-0.001547	-0.048951
chr13	15019968	16445441	-0.097691	-0.005707	-0.003837	-0.124792
chr13	16445831	17309149	0.006211	0.000404	0.000273	0.006173
chr13	17309376	19110103	-0.033868	-0.001325	-0.000947	-0.059829
chr13	19117012	19825589	0.001631	0.000184	0.000131	-0.011058
chr13	19836569	20646590	-0.033557	-0.001553	-0.001115	-0.035491
chr13	20688440	21567919	-0.059048	-0.003938	-0.002788	-0.070018
chr13	21568159	22076758	0.133550	0.008804	0.006453	0.115385
chr13	22077262	22986034	-0.042857	-0.002738	-0.001894	-0.057011
chr13	22993393	23713153	0.120125	0.008259	0.006027	0.125581
chr13	23725676	24056024	-0.084189	-0.005512	-0.004169	-0.083172
chr13	24063024	24535115	0.362764	0.022632	0.017042	0.346499
chr13	24540871	25098471	-0.061372	-0.004810	-0.003687	-0.063830
chr13	25104578	26190534	0.122302	0.007291	0.005264	0.078498
chr13	26190535	27507872	-0.124585	-0.007274	-0.005153	-0.102439
chr13	27514230	27909475	-0.101887	-0.009437	-0.006754	-0.114391
chr13	27910049	28248662	0.122302	0.010368	0.007763	0.125874
chr13	28256327	28610376	0.154930	0.016495	0.012221	0.109677
chr13	28615632	28801047	0.106029	0.014316	0.010162	0.104723
chr13	28802808	29308780	-0.063265	-0.004296	-0.003220	-0.044660
chr13	29312854	29814486	0.164557	0.014062	0.010353	0.160494
chr13	29840990	30373198	0.099819	0.009230	0.006910	0.103943
chr13	30401337	30856097	0.081081	0.007657	0.005816	0.095057
chr13	30856128	31282147	-0.149635	-0.022025	-0.015916	-0.151943
chr13	31283656	31931570	0.333333	0.029853	0.022494	0.310606
chr13	31936419	32523648	-0.023346	-0.002006	-0.001462	-0.039711
chr13	32524398	33223208	-0.175889	-0.013756	-0.009627	-0.174484
chr13	33223213	33641700	0.024911	0.002174	0.001538	0.017668
chr14	216498	859047	-0.094474	-0.008462	-0.006045	-0.103215
chr14	902888	1655520	0.141988	0.011637	0.008467	0.126394
chr14	1655530	2222179	-0.014553	-0.000929	-0.000690	0.001848
chr14	2222194	3019873	0.209302	0.010642	0.008168	0.217247
chr14	3031988	4152340	0.172023	0.011406	0.008865	0.156757
chr14	4152404	4635012	-0.237410	-0.020913	-0.015315	-0.258741
chr14	4651661	5033324	-0.042510	-0.003269	-0.002517	-0.080979
chr14	5038167	5521331	0.019380	0.001518	0.001146	0.011407
chr14	5525245	5975796	-0.169355	-0.012873	-0.009969	-0.214815
chr14	6059938	6581095	-0.118568	-0.006508	-0.005109	-0.129103
chr14	6583280	7346662	0.175000	0.010902	0.008263	0.180887
chr14	7348804	7795041	-0.072407	-0.005080	-0.003750	-0.081285
chr14	7809312	8234859	-0.127580	-0.012373	-0.008843	-0.108392
chr14	8241506	8641891	-0.132000	-0.011815	-0.008763	-0.112840
chr14	8646143	8913915	-0.079777	-0.009346	-0.006988	-0.092224
chr14	8923064	9304323	0.292035	0.024026	0.018189	0.284553
chr14	9309921	9529204	0.043137	0.005576	0.004229	0.007576
chr14	9529392	10178430	0.184644	0.022820	0.016405	0.153584
chr14	10198438	10619693	0.026616	0.002089	0.001559	0.003534
chr14	10624841	11023383	0.182640	0.022807	0.015949	0.169284
chr14	11027833	11440716	0.427386	0.041390	0.031184	0.413127
chr14	11458238	12083511	0.052239	0.003782	0.002775	0.054152
chr14	12127671	12780141	-0.324111	-0.025697	-0.018150	-0.312977
chr15	340565	711528	-0.147475	-0.011919	-0.008862	-0.148515
chr15	726039	1304332	-0.121212	-0.009445	-0.006871	-0.120301
chr15	1313481	1741897	-0.181619	-0.015328	-0.011218	-0.167019
chr15	1758016	2248451	-0.007059	-0.000591	-0.000412	-0.006565
chr15	2258423	2807107	-0.094488	-0.010007	-0.007271	-0.091603
chr15	2811756	3058407	-0.156746	-0.016716	-0.012163	-0.166667
chr15	3058883	3408041	0.205479	0.019853	0.014511	0.209213
chr15	3429295	3938303	0.088462	0.006972	0.005046	0.077491
chr15	3940617	4191190	0.281955	0.033201	0.025084	0.276753
chr15	4199301	4651595	-0.137577	-0.008919	-0.006705	-0.115010
chr15	4657018	5058090	-0.123134	-0.008734	-0.006977	-0.105455
chr15	5069234	5454507	-0.173913	-0.014168	-0.010606	-0.159363
chr15	5454896	5729508	0.177215	0.017513	0.013633	0.165354
chr15	5741765	6013580	0.047619	0.006135	0.004480	0.012048
chr15	6033258	6526746	-0.162362	-0.017446	-0.012410	-0.160584
chr15	6526747	6963505	-0.171484	-0.012509	-0.009281	-0.166355
chr15	7000018	7384695	0.091797	0.006633	0.004826	0.081285
chr15	7387923	7941550	-0.219697	-0.016953	-0.012660	-0.210526
chr15	7950623	8822937	0.286325	0.016675	0.012603	0.287449
chr15	8826473	9286490	-0.092975	-0.009200	-0.006958	-0.136961
chr15	9302101	9544729	0.166307	0.014401	0.011049	0.131846
chr15	9547577	10586677	-0.007752	-0.000500	-0.000364	-0.028986
chr15	10586817	11254777	0.234951	0.016578	0.012579	0.228733
chr15	11273817	11918699	0.216266	0.019503	0.014581	0.209877
chr15	11921673	12441029	0.061265	0.004224	0.003080	0.046382
chr15	12447580	12856459	0.008418	0.001054	0.000759	-0.004910
chr16	236780	669963	0.107914	0.012062	0.008921	0.076923
chr16	694637	1369606	-0.002188	-0.000228	-0.000167	-0.014553
chr16	1376858	1890159	0.217213	0.016730	0.012634	0.195402
chr16	1898992	3180813	0.063492	0.003618	0.002688	0.070312
chr16	3210530	3916908	0.013180	0.000897	0.000632	0.000000
chr16	3938055	4864948	-0.219601	-0.008906	-0.006297	-0.214920
chr16	4883662	5610631	-0.057301	-0.004089	-0.002957	-0.068541
chr16	5614683	6049521	0.198962	0.019563	0.015318	0.192630
chr16	6052762	6899215	-0.062619	-0.004431	-0.003284	-0.071804
chr16	6901560	7483578	0.150877	0.011164	0.008388	0.181208
chr16	7487194	8206773	0.291743	0.029868	0.021398	0.241379
chr16	8207296	8970452	-0.304348	-0.023904	-0.018135	-0.314286
chr16	8975034	9377845	0.354508	0.029889	0.023397	0.359528
chr17	330008	851907	0.215686	0.016187	0.011912	0.198502
chr17	864615	1615898	0.006073	0.000449	0.000326	0.013861
chr17	1617182	2000849	0.009452	0.000818	0.000617	-0.005587
chr17	2001837	2634095	0.170370	0.013703	0.010319	0.182482
chr17	2634980	3202448	-0.225806	-0.022134	-0.016319	-0.222222
chr17	3225095	3751821	-0.044088	-0.003062	-0.002340	-0.030888
chr17	3754782	4173656	-0.024000	-0.002209	-0.001626	-0.037037
chr17	4177922	4871234	-0.101594	-0.006328	-0.004951	-0.114447
chr17	4882355	5559784	0.096525	0.009907	0.007690	0.061818
chr17	5569510	6345245	0.186312	0.014265	0.010649	0.162791
chr17	6359907	7460582	-0.165085	-0.010246	-0.007713	-0.136767
chr18	500275	1326975	-0.121569	-0.008448	-0.006410	-0.144928
chr18	1334168	2416742	-0.309859	-0.019944	-0.014882	-0.299320
chr18	2565203	3912327	-0.260952	-0.014132	-0.010633	-0.250457
chr18	3913904	4740123	0.138889	0.007028	0.005199	0.110680
chr18	4750968	5327950	-0.098969	-0.006567	-0.004797	-0.108000
chr18	5359930	5845760	0.000000	0.000000	0.000000	0.000000
chr18	5861170	7066060	-0.144665	-0.008522	-0.006086	-0.125436
chr18	7066818	7591664	0.141079	0.013487	0.010209	0.131148
chr18	7591778	8119555	0.256410	0.030714	0.023838	0.230126
chr19	2089135	2653418	-0.312871	-0.036156	-0.025649	-0.307407
chr19	2662657	3376629	-0.086792	-0.008674	-0.006145	-0.084249
chr19	3377424	4036470	0.178378	0.016230	0.012159	0.164076
chr19	4041003	4369469	-0.152672	-0.015257	-0.011287	-0.179487
chr19	4385466	4993597	0.037037	0.003739	0.002881	0.059761
chr19	4993767	5244437	0.354244	0.055141	0.042809	0.342857
chr19	5273752	5658361	0.088063	0.009376	0.007227	0.085066
chr19	5662570	6446837	-0.141053	-0.010517	-0.008087	-0.158513
chr19	6447006	7049121	0.162281	0.013875	0.010227	0.175510
chr19	7049124	7519758	0.033582	0.002836	0.002104	0.040000
chr19	7523220	8127341	0.041152	0.003161	0.002269	0.047619
chr20	96270	404043	0.065041	0.006587	0.004913	0.056974
chr20	415327	1018409	-0.024735	-0.001923	-0.001395	-0.041667
chr20	1034736	1947469	-0.046099	-0.004153	-0.003117	-0.051195
chr20	1992325	2519941	0.278846	0.027240	0.020114	0.268293
chr20	2523850	3023328	0.304348	0.024969	0.019014	0.284553
chr20	3033929	3480177	0.108597	0.008711	0.006659	0.096491
chr20	3480383	3875585	0.144531	0.015054	0.011513	0.147170
chr20	3890234	4322434	-0.009141	-0.000750	-0.000580	-0.054101
chr20	4324612	4785670	0.114334	0.012909	0.010246	0.112985
chr20	4792398	5203572	0.203065	0.019633	0.014475	0.173432
chr20	5211067	5657862	-0.178022	-0.013570	-0.010591	-0.209110
chr20	5665051	6182230	-0.059761	-0.005541	-0.004133	-0.071698
chr20	6184461	6570320	0.028302	0.002970	0.002164	0.034358
chr20	6574084	7272523	0.043956	0.003565	0.002550	0.028571
chr21	168908	770493	-0.020155	-0.002263	-0.001618	-0.010279
chr21	770537	1431711	0.072824	0.007216	0.005366	0.056027
chr21	1434358	2380946	0.108384	0.011922	0.008191	0.090573
chr21	2380947	3076536	-0.039848	-0.003359	-0.002504	-0.032015
chr21	3077878	3904277	0.244000	0.028432	0.021581	0.221374
chr21	3906735	4619823	0.138000	0.014149	0.010940	0.120921
chr21	4646021	5278811	0.286260	0.026698	0.020734	0.260073
chr21	5279965	5857284	-0.276316	-0.023884	-0.017582	-0.275862
chr21	5862802	6208022	-0.138686	-0.017094	-0.012058	-0.147766
chr21	6213408	6607598	-0.007874	-0.000623	-0.000456	0.003774
chr22	317768	1062125	-0.108280	-0.012811	-0.008694	-0.134809
chr22	1067628	1768156	0.086066	0.008537	0.006189	0.089431
chr22	1768562	2941714	0.056641	0.003523	0.002667	0.082873
chr22	2943103	3703727	-0.045627	-0.003644	-0.002732	-0.047970
chr22	3752590	4551265	0.117188	0.010611	0.007774	0.136531
chr22	4570559	5358696	0.347737	0.020547	0.015722	0.330754
chr22	5359147	5874655	-0.015842	-0.001437	-0.001070	-0.047101
chr23	743991	1074649	0.103870	0.011938	0.008603	0.101392
chr23	1078014	1899025	-0.115174	-0.010162	-0.007209	-0.105925
chr23	1901615	2575124	0.310757	0.038395	0.028276	0.293233
chr23	2575157	3190006	-0.032000	-0.004781	-0.003452	-0.015625
chr24	856458	1670260	0.112840	0.012576	0.008740	0.112727
chr24	1675655	2123499	0.108384	0.011216	0.008192	0.107505
chrZ	361777	604927	-0.076789	-0.009396	-0.006710	-0.075601
chrZ	610318	871223	-0.293458	-0.037301	-0.027191	-0.287020
chrZ	876106	1091306	-0.012552	-0.001308	-0.000974	-0.012146
chrZ	1104308	1338550	-0.044807	-0.005576	-0.004261	-0.057692
chrZ	1361046	1640765	0.041667	0.007346	0.005277	0.009967
chrZ	1644112	2501581	0.117845	0.013699	0.010072	0.105263
chrZ	2502787	2820931	-0.226860	-0.036999	-0.025691	-0.248714
chrZ	2827071	3088461	-0.261194	-0.031323	-0.023623	-0.253623
chrZ	3093375	3474248	0.177893	0.026753	0.018792	0.177893
chrZ	3476192	3660533	0.179567	0.033938	0.023736	0.186747
chrZ	3662486	3892805	0.040816	0.005448	0.003751	0.037288
chrZ	3901418	4113668	0.208955	0.031233	0.023372	0.204380
chrZ	4115742	4270971	0.242123	0.045229	0.033648	0.235484
chrZ	4271109	4321414	0.077882	0.030788	0.020886	0.047619
chrZ	4321529	4375026	0.292135	0.099300	0.069674	0.226744
chrZ	4375037	4420781	0.314685	0.096567	0.069124	0.264865
chrZ	4422668	4493759	0.501786	0.145974	0.099048	0.365979
chrZ	4493821	4535788	0.279851	0.112613	0.076453	0.229917
chrZ	4535916	4573018	0.193050	0.059666	0.043141	0.133721
chrZ	4573581	4625039	0.339921	0.097506	0.069299	0.247126
chrZ	4625066	4667803	0.007937	0.002457	0.001712	0.005714
chrZ	4670997	4930929	0.262338	0.037023	0.026762	0.235431
chrZ	4930940	5141043	0.576819	0.091845	0.066959	0.504717
chrZ	5151324	5314345	0.232258	0.038513	0.026881	0.197802
chrZ	5315015	5414273	0.229607	0.064298	0.041015	0.192893
chrZ	5416723	5533406	0.381579	0.080110	0.056952	0.342529
chrZ	5533754	5880577	0.571823	0.109408	0.079371	0.537662
chrZ	5903737	6768996	0.028384	0.003287	0.002396	0.040777
chrZ	6769070	6882989	0.346154	0.064250	0.042530	0.302326
chrZ	6883040	7149980	0.423423	0.082941	0.060128	0.325183
chrZ	7151654	7396445	-0.017291	-0.003382	-0.002285	-0.014423
chrZ	7399141	7953979	0.202564	0.028458	0.021597	0.169892
chrZ	7956337	8317402	0.259053	0.052277	0.039457	0.227384
chrZ	8317479	8750411	0.494949	0.082008	0.062460	0.437500
chrZ	8755821	8867853	0.437299	0.108540	0.080378	0.348718
chrZ	8868507	8977989	0.186186	0.053082	0.033495	0.143519
chrZ	8978200	9154018	0.277259	0.037840	0.027804	0.241558
chrZ	9158316	9264919	0.244949	0.051241	0.038987	0.184510
chrZ	9264938	9341131	0.351171	0.070047	0.048187	0.304348
chrZ	9343886	9444429	0.121469	0.023256	0.016337	0.078652
chrZ	9447689	9607722	0.374172	0.038832	0.029435	0.304582
chrZ	9608387	9962654	0.436842	0.053537	0.039083	0.429048
chrZ	9962666	10549615	0.328713	0.034100	0.022408	0.298561
chrZ	10556406	10966938	0.106529	0.010146	0.007188	0.090909
chrZ	10970778	11267860	-0.167742	-0.022762	-0.015878	-0.154574
chrZ	11273706	11790957	0.333333	0.028054	0.020956	0.331325
chrZ	11798943	12110823	0.267581	0.037708	0.027788	0.260317
chrZ	12112281	12557072	0.135762	0.010316	0.007365	0.113208
chrZ	12587860	12898873	0.223529	0.025360	0.018092	0.186296
chrZ	12899082	13869277	0.121951	0.008524	0.006470	0.113772
chrZ	13882265	14485552	0.266106	0.027477	0.020432	0.241218
chrZ	14485576	15089023	-0.010084	-0.000871	-0.000638	-0.009677
chrZ	15097601	16022781	0.460396	0.037918	0.027920	0.429892
chrZ	16028867	17003928	0.070053	0.004123	0.003047	0.060201
chrZ	17009618	17900622	0.277985	0.020190	0.015168	0.248677
chrZ	17909345	18425435	0.081858	0.006542	0.004976	0.079914
chrZ	18442996	19120292	-0.053030	-0.003502	-0.002589	-0.045952
chrZ	19120293	19369142	0.182254	0.021622	0.016112	0.181818
chrZ	19369566	19984710	0.016360	0.001498	0.001078	0.014545
chrZ	19984711	20625669	0.430580	0.037365	0.027368	0.424610
chrZ	20628246	21870975	0.208029	0.012257	0.009256	0.211073
chrZ	21997941	22466503	0.442029	0.043232	0.032321	0.371197
chrZ	22466689	23454778	0.461538	0.040472	0.029502	0.457143
chrZ	23494644	24215030	0.594132	0.057257	0.042188	0.515924
chrZ	24217517	25202793	-0.028481	-0.001818	-0.001361	-0.027190
chrZ	25208054	26069010	0.196347	0.014264	0.010507	0.191679
chrZ	26071563	26924266	0.069915	0.003724	0.002839	0.074148
chrZ	26930565	27959844	0.323283	0.022631	0.017365	0.319008
chrZ	27960450	28593447	0.256684	0.021273	0.016203	0.240803
chrZ	28640944	29315484	0.359855	0.036702	0.026647	0.348673
chrZ	29332181	29908681	-0.070605	-0.006980	-0.005068	-0.060820
chrZ	29948180	31262114	-0.002915	-0.000234	-0.000169	-0.002882
chrZ	31275408	32760356	0.402439	0.036349	0.026745	0.392857
chrZ	32809968	35036581	0.040258	0.002321	0.001764	0.027027
chrZ	35047474	35969224	0.176282	0.010449	0.008132	0.171779
chrZ	35980239	37109354	0.192982	0.012301	0.009084	0.217877
chrZ	37134984	38457889	0.282353	0.017020	0.012728	0.267442
chrZ	38459804	40582065	0.417989	0.023804	0.017730	0.403141
chrZ	40595237	42184628	0.149923	0.008604	0.006375	0.148545
chrZ	42203356	43558239	0.299435	0.020324	0.015050	0.281768
chrZ	43599369	44711904	0.045898	0.002532	0.001854	0.015707
chrZ	44779358	45678588	0.474627	0.031651	0.024304	0.455587
chrZ	45682717	48304187	-0.011494	-0.001109	-0.000801	-0.022727
chrZ	48330887	50545821	0.056716	0.003578	0.002638	0.056047
chrZ	50605581	52160363	0.186441	0.011190	0.008317	0.186441
chrZ	52175933	53014630	0.043011	0.003266	0.002381	0.043011
chrZ	53014664	53889472	-0.034483	-0.002237	-0.001693	-0.034483
chrZ	53906348	54494440	-0.266212	-0.014581	-0.011132	-0.245033
chrZ	54512428	56024190	0.115502	0.007801	0.005918	0.115152
chrZ	56048403	58421114	0.094463	0.005433	0.004025	0.079365
chrZ	58454439	60462079	0.346705	0.024285	0.017884	0.354108
chrZ	60471153	62002299	0.071038	0.005987	0.004294	0.071038
chrZ	62002313	63508990	0.578797	0.034548	0.025521	0.558659
chrZ	63575308	64876760	0.023392	0.001336	0.001026	0.023392
chrZ	64878844	66206528	0.051282	0.003624	0.002710	0.012346
chrZ	66206538	67701511	0.144543	0.009732	0.007309	0.123919
chrZ	67713667	68609129	0.128755	0.012008	0.008746	0.136111
chrZ	68631318	69564527	0.314917	0.024091	0.017825	0.300546
chrZ	69583484	71644536	0.297935	0.020118	0.015022	0.293447
chrZ	71688230	73231871	0.314286	0.024480	0.018515	0.310734
chrZ	73234101	74420570	0.253482	0.013943	0.010226	0.239669
chrZ	74420614	74960428	-0.167123	-0.019341	-0.013309	-0.173913
chrZ	74968937	76388821	-0.220126	-0.019753	-0.013991	-0.219512
chrZ	76429525	77241086	0.145349	0.011885	0.008552	0.150289
chrZ	77252746	77899967	0.295522	0.027235	0.020147	0.298246
chrZ	77905008	79388202	-0.203733	-0.018091	-0.012832	-0.203053
chrZ	79409263	80550575	0.089922	0.006180	0.004569	0.088957
chrZ	80581331	81217589	0.074627	0.007506	0.005243	0.071429
chrZ	81319101	82078461	-0.001531	-0.000150	-0.000111	-0.013413
chrZ	82098130	82602528	0.061947	0.005167	0.003791	0.044481
chrZ	82622741	83784735	-0.013699	-0.001504	-0.001012	-0.016393
chrZ	83787765	84401393	0.208759	0.030400	0.019711	0.213579
