chr	windowStart	windowEnd	D	f_d	f_dM	d_f
chrZ	361777	604927	-0.076789	-0.009396	-0.006710	-0.075601
chrZ	610318	871223	-0.293458	-0.037301	-0.027191	-0.287020
chrZ	876106	1091306	-0.012552	-0.001308	-0.000974	-0.012146
chrZ	1104308	1338550	-0.044807	-0.005576	-0.004261	-0.057692
chrZ	1361046	1640765	0.041667	0.007346	0.005277	0.009967
chrZ	1644112	2501581	0.117845	0.013699	0.010072	0.105263
chrZ	2502787	2820931	-0.226860	-0.036999	-0.025691	-0.248714
chrZ	2827071	3088461	-0.261194	-0.031323	-0.023623	-0.253623
chrZ	3093375	3474248	0.177893	0.026753	0.018792	0.177893
chrZ	3476192	3660533	0.179567	0.033938	0.023736	0.186747
chrZ	3662486	3892805	0.040816	0.005448	0.003751	0.037288
chrZ	3901418	4113668	0.208955	0.031233	0.023372	0.204380
chrZ	4115742	4270971	0.242123	0.045229	0.033648	0.235484
chrZ	4271109	4321414	0.077882	0.030788	0.020886	0.047619
chrZ	4321529	4375026	0.292135	0.099300	0.069674	0.226744
chrZ	4375037	4420781	0.314685	0.096567	0.069124	0.264865
chrZ	4422668	4493759	0.501786	0.145974	0.099048	0.365979
chrZ	4493821	4535788	0.279851	0.112613	0.076453	0.229917
chrZ	4535916	4573018	0.193050	0.059666	0.043141	0.133721
chrZ	4573581	4625039	0.339921	0.097506	0.069299	0.247126
chrZ	4625066	4667803	0.007937	0.002457	0.001712	0.005714
chrZ	4670997	4930929	0.262338	0.037023	0.026762	0.235431
chrZ	4930940	5141043	0.576819	0.091845	0.066959	0.504717
chrZ	5151324	5314345	0.232258	0.038513	0.026881	0.197802
chrZ	5315015	5414273	0.229607	0.064298	0.041015	0.192893
chrZ	5416723	5533406	0.381579	0.080110	0.056952	0.342529
chrZ	5533754	5880577	0.571823	0.109408	0.079371	0.537662
chrZ	5903737	6768996	0.028384	0.003287	0.002396	0.040777
chrZ	6769070	6882989	0.346154	0.064250	0.042530	0.302326
chrZ	6883040	7149980	0.423423	0.082941	0.060128	0.325183
chrZ	7151654	7396445	-0.017291	-0.003382	-0.002285	-0.014423
chrZ	7399141	7953979	0.202564	0.028458	0.021597	0.169892
chrZ	7956337	8317402	0.259053	0.052277	0.039457	0.227384
chrZ	8317479	8750411	0.494949	0.082008	0.062460	0.437500
chrZ	8755821	8867853	0.437299	0.108540	0.080378	0.348718
chrZ	8868507	8977989	0.186186	0.053082	0.033495	0.143519
chrZ	8978200	9154018	0.277259	0.037840	0.027804	0.241558
chrZ	9158316	9264919	0.244949	0.051241	0.038987	0.184510
chrZ	9264938	9341131	0.351171	0.070047	0.048187	0.304348
chrZ	9343886	9444429	0.121469	0.023256	0.016337	0.078652
chrZ	9447689	9607722	0.374172	0.038832	0.029435	0.304582
chrZ	9608387	9962654	0.436842	0.053537	0.039083	0.429048
chrZ	9962666	10549615	0.328713	0.034100	0.022408	0.298561
chrZ	10556406	10966938	0.106529	0.010146	0.007188	0.090909
chrZ	10970778	11267860	-0.167742	-0.022762	-0.015878	-0.154574
chrZ	11273706	11790957	0.333333	0.028054	0.020956	0.331325
chrZ	11798943	12110823	0.267581	0.037708	0.027788	0.260317
chrZ	12112281	12557072	0.135762	0.010316	0.007365	0.113208
chrZ	12587860	12898873	0.223529	0.025360	0.018092	0.186296
chrZ	12899082	13869277	0.121951	0.008524	0.006470	0.113772
chrZ	13882265	14485552	0.266106	0.027477	0.020432	0.241218
chrZ	14485576	15089023	-0.010084	-0.000871	-0.000638	-0.009677
chrZ	15097601	16022781	0.460396	0.037918	0.027920	0.429892
chrZ	16028867	17003928	0.070053	0.004123	0.003047	0.060201
chrZ	17009618	17900622	0.277985	0.020190	0.015168	0.248677
chrZ	17909345	18425435	0.081858	0.006542	0.004976	0.079914
chrZ	18442996	19120292	-0.053030	-0.003502	-0.002589	-0.045952
chrZ	19120293	19369142	0.182254	0.021622	0.016112	0.181818
chrZ	19369566	19984710	0.016360	0.001498	0.001078	0.014545
chrZ	19984711	20625669	0.430580	0.037365	0.027368	0.424610
chrZ	20628246	21870975	0.208029	0.012257	0.009256	0.211073
chrZ	21997941	22466503	0.442029	0.043232	0.032321	0.371197
chrZ	22466689	23454778	0.461538	0.040472	0.029502	0.457143
chrZ	23494644	24215030	0.594132	0.057257	0.042188	0.515924
chrZ	24217517	25202793	-0.028481	-0.001818	-0.001361	-0.027190
chrZ	25208054	26069010	0.196347	0.014264	0.010507	0.191679
chrZ	26071563	26924266	0.069915	0.003724	0.002839	0.074148
chrZ	26930565	27959844	0.323283	0.022631	0.017365	0.319008
chrZ	27960450	28593447	0.256684	0.021273	0.016203	0.240803
chrZ	28640944	29315484	0.359855	0.036702	0.026647	0.348673
chrZ	29332181	29908681	-0.070605	-0.006980	-0.005068	-0.060820
chrZ	29948180	31262114	-0.002915	-0.000234	-0.000169	-0.002882
chrZ	31275408	32760356	0.402439	0.036349	0.026745	0.392857
chrZ	32809968	35036581	0.040258	0.002321	0.001764	0.027027
chrZ	35047474	35969224	0.176282	0.010449	0.008132	0.171779
chrZ	35980239	37109354	0.192982	0.012301	0.009084	0.217877
chrZ	37134984	38457889	0.282353	0.017020	0.012728	0.267442
chrZ	38459804	40582065	0.417989	0.023804	0.017730	0.403141
chrZ	40595237	42184628	0.149923	0.008604	0.006375	0.148545
chrZ	42203356	43558239	0.299435	0.020324	0.015050	0.281768
chrZ	43599369	44711904	0.045898	0.002532	0.001854	0.015707
chrZ	44779358	45678588	0.474627	0.031651	0.024304	0.455587
chrZ	45682717	48304187	-0.011494	-0.001109	-0.000801	-0.022727
chrZ	48330887	50545821	0.056716	0.003578	0.002638	0.056047
chrZ	50605581	52160363	0.186441	0.011190	0.008317	0.186441
chrZ	52175933	53014630	0.043011	0.003266	0.002381	0.043011
chrZ	53014664	53889472	-0.034483	-0.002237	-0.001693	-0.034483
chrZ	53906348	54494440	-0.266212	-0.014581	-0.011132	-0.245033
chrZ	54512428	56024190	0.115502	0.007801	0.005918	0.115152
chrZ	56048403	58421114	0.094463	0.005433	0.004025	0.079365
chrZ	58454439	60462079	0.346705	0.024285	0.017884	0.354108
chrZ	60471153	62002299	0.071038	0.005987	0.004294	0.071038
chrZ	62002313	63508990	0.578797	0.034548	0.025521	0.558659
chrZ	63575308	64876760	0.023392	0.001336	0.001026	0.023392
chrZ	64878844	66206528	0.051282	0.003624	0.002710	0.012346
chrZ	66206538	67701511	0.144543	0.009732	0.007309	0.123919
chrZ	67713667	68609129	0.128755	0.012008	0.008746	0.136111
chrZ	68631318	69564527	0.314917	0.024091	0.017825	0.300546
chrZ	69583484	71644536	0.297935	0.020118	0.015022	0.293447
chrZ	71688230	73231871	0.314286	0.024480	0.018515	0.310734
chrZ	73234101	74420570	0.253482	0.013943	0.010226	0.239669
chrZ	74420614	74960428	-0.167123	-0.019341	-0.013309	-0.173913
chrZ	74968937	76388821	-0.220126	-0.019753	-0.013991	-0.219512
chrZ	76429525	77241086	0.145349	0.011885	0.008552	0.150289
chrZ	77252746	77899967	0.295522	0.027235	0.020147	0.298246
chrZ	77905008	79388202	-0.203733	-0.018091	-0.012832	-0.203053
chrZ	79409263	80550575	0.089922	0.006180	0.004569	0.088957
chrZ	80581331	81217589	0.074627	0.007506	0.005243	0.071429
chrZ	81319101	82078461	-0.001531	-0.000150	-0.000111	-0.013413
chrZ	82098130	82602528	0.061947	0.005167	0.003791	0.044481
chrZ	82622741	83784735	-0.013699	-0.001504	-0.001012	-0.016393
chrZ	83787765	84401393	0.208759	0.030400	0.019711	0.213579
