chr	windowStart	windowEnd	D	f_d	f_dM	d_f
chrZ	362732	666705	0.551729	0.175082	0.156195	0.496221
chrZ	677196	1022501	-0.117670	-0.050283	-0.032009	-0.115699
chrZ	1035261	1175307	-0.102674	-0.055435	-0.034811	-0.063302
chrZ	1178028	1397587	-0.038483	-0.021884	-0.014173	-0.048225
chrZ	1412990	1911191	0.260601	0.184698	0.130465	0.202881
chrZ	1919034	2415455	0.301028	0.195192	0.126778	0.219721
chrZ	2415831	2790550	0.019108	0.011291	0.007550	0.013850
chrZ	2814058	3040944	0.015611	0.008452	0.005802	0.019966
chrZ	3044257	3427284	0.401187	0.253022	0.176719	0.308328
chrZ	3427299	3685177	-0.165333	-0.083090	-0.053556	-0.122408
chrZ	3688017	3888868	0.281930	0.124662	0.087826	0.214946
chrZ	3889321	4111590	0.221776	0.111585	0.076450	0.170031
chrZ	4113305	4270614	0.147541	0.116418	0.066953	0.108434
chrZ	4270768	4301957	-0.153663	-0.382716	-0.114957	-0.081669
chrZ	4302155	4347972	0.034951	0.059081	0.019516	0.018621
chrZ	4348480	4365261	-0.216789	-0.839080	-0.135789	-0.114985
chrZ	4365300	4387627	-0.354371	-2.377682	-0.221511	-0.184996
chrZ	4387719	4414074	-0.423566	-1.735516	-0.258828	-0.211328
chrZ	4414152	4460127	-0.380115	-0.699010	-0.183281	-0.236645
chrZ	4460161	4481243	-0.166601	-0.273705	-0.080344	-0.082391
chrZ	4481423	4501464	-0.304693	-0.868173	-0.253436	-0.179029
chrZ	4501495	4525804	-0.217122	-0.835322	-0.130939	-0.113269
chrZ	4525863	4542979	-0.285042	-0.800000	-0.207574	-0.149831
chrZ	4543023	4556126	-0.295680	-0.599179	-0.140565	-0.163636
chrZ	4556613	4575928	-0.260227	-0.735695	-0.134351	-0.140935
chrZ	4576819	4602737	-0.316411	-0.862254	-0.179382	-0.142744
chrZ	4602836	4625978	-0.157264	-0.344668	-0.133613	-0.095832
chrZ	4625983	4636010	0.094968	0.254902	0.096535	0.056169
chrZ	4636049	4671287	-0.211052	-0.303670	-0.096473	-0.122767
chrZ	4671525	4833822	-0.105322	-0.106250	-0.052419	-0.077228
chrZ	4833831	5036194	0.059536	0.041827	0.025314	0.046659
chrZ	5041256	5194185	-0.299861	-0.361502	-0.143351	-0.171329
chrZ	5194265	5288692	0.041935	0.034577	0.017208	0.026100
chrZ	5288825	5352030	-0.195551	-0.139381	-0.072476	-0.094547
chrZ	5352114	5488364	-0.179936	-0.148387	-0.074976	-0.126007
chrZ	5488399	5580563	0.148841	0.115759	0.078599	0.105028
chrZ	5582893	5793724	-0.470051	-0.440533	-0.217422	-0.326747
chrZ	5793831	6136615	-0.254986	-0.134831	-0.087189	-0.163441
chrZ	6136638	6673243	-0.235276	-0.158991	-0.094442	-0.189848
chrZ	6683847	6815255	0.057839	0.045991	0.028364	0.040413
chrZ	6815259	6871543	-0.106872	-0.096187	-0.052322	-0.067663
chrZ	6871575	7010188	-0.173137	-0.195962	-0.107039	-0.098156
chrZ	7010215	7154080	-0.348542	-0.468463	-0.148048	-0.208459
chrZ	7154096	7287003	-0.091627	-0.092112	-0.054614	-0.066059
chrZ	7287164	7546145	-0.195596	-0.089853	-0.055711	-0.117983
chrZ	7556750	7899489	-0.033724	-0.020243	-0.013012	-0.026470
chrZ	7899566	8128589	-0.231400	-0.135320	-0.083563	-0.122178
chrZ	8131838	8817225	-0.270623	-0.101672	-0.051633	-0.180881
chrZ	8817457	8857401	-0.276220	-0.376111	-0.167399	-0.145438
chrZ	8857444	8916463	-0.182935	-0.274096	-0.084546	-0.087960
chrZ	8916750	9003031	-0.424060	-0.424859	-0.218923	-0.257299
chrZ	9031546	9093757	-0.297428	-0.428241	-0.168182	-0.175355
chrZ	9094944	9201613	-0.019192	-0.011839	-0.006910	-0.010314
chrZ	9201625	9278266	-0.352180	-0.409471	-0.142552	-0.221853
chrZ	9278300	9353446	0.163086	0.101556	0.072941	0.107390
chrZ	9357090	9431857	-0.252864	-0.236918	-0.101728	-0.118573
chrZ	9431862	9543857	-0.157761	-0.102893	-0.055420	-0.131683
chrZ	9543876	9666000	-0.096055	-0.034916	-0.024960	-0.052047
chrZ	9672135	10157145	-0.334423	-0.122924	-0.077060	-0.258162
chrZ	10157178	10749547	-0.175711	-0.041099	-0.029363	-0.157054
chrZ	10749570	11079656	0.144483	0.058854	0.041060	0.131748
chrZ	11092027	11492101	-0.258096	-0.112773	-0.068914	-0.224839
chrZ	11518751	11935081	-0.212610	-0.063975	-0.042441	-0.180976
chrZ	11935113	12182518	-0.031750	-0.018222	-0.010909	-0.030383
chrZ	12193161	12527001	-0.029654	-0.016681	-0.011357	-0.010304
chrZ	12527010	12765760	-0.194930	-0.111976	-0.066231	-0.136726
chrZ	12765764	13313683	-0.235611	-0.116123	-0.060512	-0.235504
chrZ	13315694	14120064	-0.047141	-0.012818	-0.009199	-0.045353
chrZ	14127498	14484583	0.051859	0.020736	0.014465	0.036831
chrZ	14484592	14916332	-0.561755	-0.166477	-0.108124	-0.471914
chrZ	14955636	15453158	-0.186371	-0.057570	-0.040162	-0.151884
chrZ	15470702	16366840	-0.135556	-0.040791	-0.025469	-0.102780
chrZ	16369446	16723171	-0.051382	-0.019886	-0.013704	-0.039146
chrZ	16730939	17130726	-0.412566	-0.137557	-0.093490	-0.341265
chrZ	17145344	17673122	0.016504	0.004537	0.003261	0.014037
chrZ	17674377	18084528	-0.118921	-0.046335	-0.027431	-0.090664
chrZ	18084634	18460281	-0.466759	-0.250371	-0.121804	-0.440523
chrZ	18480801	18936588	-0.309096	-0.109348	-0.075889	-0.224559
chrZ	18948358	19137346	0.000705	0.000348	0.000242	-0.020069
chrZ	19137348	19280548	-0.404892	-0.187080	-0.113960	-0.233804
chrZ	19280673	19594047	-0.528117	-0.230954	-0.123327	-0.381120
chrZ	19618180	20346719	-0.188785	-0.040543	-0.029619	-0.164750
chrZ	20360612	20732781	-0.205202	-0.061241	-0.042269	-0.183443
chrZ	20756943	21325018	-0.194886	-0.071377	-0.053741	-0.184310
chrZ	21331245	22060008	-0.170796	-0.046222	-0.034482	-0.156141
chrZ	22063994	22458783	-0.354947	-0.147584	-0.102021	-0.277029
chrZ	22458835	22742893	-0.217529	-0.116313	-0.073038	-0.158392
chrZ	22742955	23771202	-0.199760	-0.045317	-0.032273	-0.166784
chrZ	23781255	24274431	-0.154156	-0.041314	-0.028965	-0.116682
chrZ	24274455	25022019	-0.346705	-0.087535	-0.059718	-0.331542
chrZ	25022863	25527126	-0.083527	-0.031596	-0.020746	-0.080000
chrZ	25568192	26168975	-0.165317	-0.044408	-0.033101	-0.148936
chrZ	26283038	26734010	0.125957	0.037812	0.026699	0.115872
chrZ	26735584	27456055	-0.068159	-0.021325	-0.015158	-0.044909
chrZ	27470938	28258110	-0.266947	-0.082369	-0.056519	-0.246811
chrZ	28266892	28581036	0.068677	0.035406	0.021644	0.054305
chrZ	28581040	29216710	-0.304041	-0.107544	-0.073786	-0.252935
chrZ	29233451	30157157	0.206089	0.045980	0.036709	0.188535
chrZ	30177250	31165867	-0.138237	-0.029685	-0.022246	-0.122620
chrZ	31179682	32455323	0.143921	0.022556	0.017717	0.128761
chrZ	32486366	34116042	-0.076762	-0.017881	-0.014005	-0.068119
chrZ	34211719	34994273	-0.229898	-0.041266	-0.028795	-0.216880
chrZ	34995075	35825777	-0.014156	-0.003689	-0.002659	0.001828
chrZ	35835237	36416017	-0.018801	-0.005860	-0.004197	0.000785
chrZ	36426014	37213286	0.363636	0.117291	0.093312	0.335766
chrZ	37213386	38404040	0.195548	0.036911	0.029130	0.183308
chrZ	38406999	39662103	0.113475	0.022712	0.018052	0.086093
chrZ	39736988	40583744	-0.125729	-0.034189	-0.024350	-0.115779
chrZ	40621395	41559689	-0.342825	-0.087073	-0.063610	-0.296248
chrZ	41559739	42371393	0.064152	0.013519	0.011102	0.059730
chrZ	42404422	43417210	-0.028192	-0.008480	-0.006431	-0.027823
chrZ	43424439	44047875	0.028254	0.008331	0.006453	0.024361
chrZ	44048845	44784640	-0.271092	-0.079823	-0.061326	-0.247033
chrZ	44784648	45483161	-0.308145	-0.140485	-0.099663	-0.306067
chrZ	45498024	45922176	-0.323103	-0.165075	-0.101973	-0.304897
chrZ	45948395	47470308	-0.000820	-0.000348	-0.000274	-0.000779
chrZ	47547069	48961910	0.010675	0.003996	0.003213	0.010285
chrZ	48961964	50281968	-0.036132	-0.010739	-0.007917	-0.033806
chrZ	50309434	51775647	-0.171638	-0.038807	-0.031869	-0.165992
chrZ	51854889	52763706	-0.082077	-0.022840	-0.017877	-0.080109
chrZ	52763745	53497129	0.072451	0.017883	0.014390	0.069290
chrZ	53499804	54128812	-0.235013	-0.067976	-0.053236	-0.209434
chrZ	54140109	55286549	0.206279	0.062612	0.048284	0.201657
chrZ	55334092	56402407	-0.157895	-0.041771	-0.031764	-0.149773
chrZ	56402696	57422393	0.005099	0.001409	0.001151	0.011521
chrZ	57494887	58751229	-0.032164	-0.008369	-0.006513	-0.013587
chrZ	58757051	60112224	0.126023	0.038343	0.030622	0.124797
chrZ	60115490	61046730	0.018945	0.004758	0.004020	0.017020
chrZ	61049910	61987403	-0.197568	-0.050702	-0.040060	-0.202985
chrZ	61998145	62756119	-0.202622	-0.057020	-0.042688	-0.163123
chrZ	62858454	63575530	-0.145486	-0.045500	-0.034836	-0.130010
chrZ	63582567	64318652	0.094215	0.023119	0.018741	0.084612
chrZ	64376923	65209248	0.046473	0.009217	0.007067	0.043344
chrZ	65251701	66617804	0.085072	0.015030	0.011586	0.085072
chrZ	66633659	67706401	-0.282873	-0.056140	-0.038786	-0.260958
chrZ	67713008	68411921	-0.227830	-0.049645	-0.035711	-0.216710
chrZ	68411941	69106590	-0.346626	-0.105378	-0.067295	-0.342424
chrZ	69110977	70220845	-0.178322	-0.055909	-0.039954	-0.177206
chrZ	70225851	71830547	-0.085082	-0.018399	-0.013638	-0.082147
chrZ	71839351	73227347	-0.130979	-0.032258	-0.022055	-0.121308
chrZ	73250719	73763993	0.006609	0.002333	0.001551	0.006401
chrZ	73764001	74457692	0.265414	0.073886	0.056905	0.233592
chrZ	74464780	75114536	0.224138	0.070896	0.051990	0.196375
chrZ	75126876	76214884	-0.012031	-0.004058	-0.003092	0.001002
chrZ	76214916	76882472	-0.155168	-0.045854	-0.032963	-0.146078
chrZ	76883329	77523286	0.334143	0.094518	0.076950	0.320276
chrZ	77565722	78479075	0.166575	0.038175	0.026765	0.149653
chrZ	78508851	79721558	-0.018051	-0.006595	-0.004563	-0.017007
chrZ	79721565	80316683	0.274519	0.085385	0.066650	0.230844
chrZ	80329316	80804334	-0.132925	-0.035581	-0.021785	-0.110816
chrZ	80810503	81425249	0.272383	0.087099	0.066137	0.239014
chrZ	81430931	82040170	0.166858	0.055508	0.039445	0.151292
chrZ	82077289	82542032	-0.081544	-0.020135	-0.012959	-0.068766
chrZ	82544615	83312781	0.058119	0.020182	0.013213	0.053330
chrZ	83339033	84145625	0.192111	0.071100	0.050719	0.180115
