chr	windowStart	windowEnd	D	f_d	f_dM	d_f
chr1	1951849	3227134	0.239617	0.008136	0.006972	0.207658
chr1	3228557	4314796	0.050400	0.001777	0.001520	0.050847
chr1	4326508	5525489	0.258151	0.007061	0.006066	0.183766
chr1	5526361	7317740	0.164626	0.003982	0.003350	0.113514
chr1	7320655	8179421	0.085966	0.002711	0.002298	0.060150
chr1	8216265	9571516	0.000000	0.000000	0.000000	0.006682
chr1	9593725	12581131	-0.134286	-0.002770	-0.002397	-0.059574
chr1	12608916	14699033	-0.156555	-0.002739	-0.002476	-0.150533
chr1	14699034	15914437	0.015493	0.000323	0.000291	0.030100
chr1	15914478	17290796	0.057456	0.001740	0.001516	0.037688
chr1	17311884	21127766	0.090236	0.001602	0.001403	0.075377
chr1	21397679	22924193	0.163462	0.003998	0.003463	0.141079
chr1	22971939	25765295	0.105882	0.001988	0.001714	0.086787
chr1	25811881	28336813	0.145273	0.002967	0.002601	0.139585
chr1	28386016	30249073	0.184858	0.004809	0.004178	0.163465
chr1	30324856	32408541	0.098734	0.002717	0.002364	0.090612
chr1	32598755	33745195	-0.094702	-0.002260	-0.002005	-0.076851
chr1	33769816	36301358	0.269740	0.005431	0.004777	0.233973
chr1	36305221	37520292	-0.224876	-0.006089	-0.005385	-0.205274
chr1	37538718	39124848	0.183490	0.003992	0.003559	0.167408
chr1	39145721	41259912	0.219512	0.004516	0.004031	0.208507
chr1	41340427	43751150	-0.048250	-0.000778	-0.000699	-0.043627
chr1	43785977	49007834	-0.185946	-0.002738	-0.002443	-0.131320
chr1	49007836	50306404	-0.019339	-0.000543	-0.000465	0.000000
chr1	50337041	51865384	-0.174785	-0.003638	-0.003155	-0.144766
chr1	51948780	53516559	-0.211907	-0.004211	-0.003684	-0.175325
chr1	53532489	54484690	-0.052129	-0.001422	-0.001234	-0.036199
chr1	54485539	55462649	-0.034853	-0.000817	-0.000714	-0.034273
chr1	55464798	56260711	-0.474000	-0.012616	-0.011114	-0.372057
chr1	56286087	56912774	0.026619	0.000785	0.000700	0.013804
chr1	56945659	57712231	0.247837	0.006229	0.005630	0.224794
chr1	57713048	59003149	-0.151329	-0.003428	-0.003000	-0.101508
chr1	59034979	60019024	-0.369186	-0.007939	-0.006997	-0.310688
chr1	60021435	61158743	0.072254	0.001942	0.001662	0.074678
chr1	61610247	62892243	-0.388318	-0.007284	-0.006337	-0.340258
chr1	62915898	63995750	0.126238	0.002860	0.002545	0.106856
chr1	64029436	66300254	0.352785	0.007601	0.006678	0.258964
chr1	66309609	67618302	-0.196866	-0.003709	-0.003315	-0.171064
chr1	67682950	69093114	-0.206062	-0.005147	-0.004647	-0.150858
chr1	69123173	70910496	0.115336	0.002945	0.002498	0.088055
chr1	71244530	72776078	0.336735	0.006288	0.005513	0.245370
chr1	72792503	74555759	-0.057483	-0.000976	-0.000864	-0.057822
chr1	74558391	76527710	0.129578	0.003363	0.002905	0.127988
chr1	76543811	77817839	-0.102460	-0.003147	-0.002670	-0.080757
chr1	77817845	79461268	-0.179901	-0.004232	-0.003797	-0.164399
chr1	79462828	80820315	0.103820	0.002479	0.002215	0.096425
chr1	80825370	82530431	0.019538	0.000272	0.000249	0.020243
chr1	82585850	85338793	0.018358	0.000243	0.000215	0.032382
chr1	85340266	86253323	0.101870	0.003052	0.002703	0.096506
chr1	86262773	87944654	-0.093453	-0.001385	-0.001186	-0.100687
chr1	87975297	89020062	0.067433	0.001472	0.001288	0.047736
chr1	89020222	89782161	0.278486	0.008693	0.007130	0.237674
chr1	89836244	90446131	0.162931	0.005594	0.004662	0.143469
chr1	90446557	91256031	-0.230290	-0.007875	-0.006436	-0.226470
chr1	91261278	92157838	0.066991	0.001999	0.001711	0.061315
chr1	92187220	93985927	-0.163786	-0.003984	-0.003307	-0.099817
chr1	94004532	95811679	-0.028632	-0.000749	-0.000617	-0.020290
chr1	95816121	97410847	-0.208173	-0.007379	-0.006172	-0.194858
chr1	97421592	99892432	0.192095	0.004911	0.004140	0.204052
chr1	100025882	101180491	-0.153696	-0.004150	-0.003525	-0.143261
chr1	101181725	101971149	0.333600	0.012470	0.010634	0.303273
chr1	102009505	105674459	0.070588	0.001657	0.001401	0.069388
chr1	105719027	108157409	0.188635	0.003146	0.002690	0.142420
chr1	108169711	112521252	-0.099111	-0.002251	-0.001970	-0.082609
chr1	112542110	114409551	0.085930	0.001489	0.001305	0.043718
chr1	114416767	115795513	0.126379	0.002233	0.001991	0.096774
chr1	115828470	116676725	0.028058	0.000834	0.000715	0.051838
chr1	116678157	118020582	0.087944	0.002497	0.002167	0.060737
chr1	118064628	119978976	-0.227384	-0.003658	-0.003193	-0.212283
chr1	120105705	121664622	-0.022525	-0.000396	-0.000346	-0.016819
chr1	121672001	122865597	0.184343	0.005130	0.004565	0.172577
chr1	122877615	123757481	-0.047798	-0.001301	-0.001115	-0.030903
chr1	123764070	128464117	0.091373	0.001827	0.001528	0.091937
chr1	128464294	130132014	0.142341	0.002957	0.002612	0.119300
chr1	130132795	132144030	0.138352	0.002932	0.002608	0.123115
chr1	132161132	134341335	-0.270694	-0.004983	-0.004428	-0.241951
chr1	134343676	136009771	0.209589	0.005751	0.005091	0.196350
chr1	136014330	140247022	-0.298830	-0.004982	-0.004430	-0.211009
chr1	140341150	141756932	0.166814	0.004059	0.003535	0.143290
chr1	141773719	144243872	-0.061025	-0.001125	-0.000978	-0.058738
chr1	144249997	145279352	-0.133891	-0.003860	-0.003311	-0.118875
chr1	145292666	146173220	-0.083205	-0.002010	-0.001747	-0.071090
chr1	146177198	147704712	0.063542	0.001547	0.001329	0.035591
chr1	147762564	148904237	-0.028205	-0.000851	-0.000754	-0.021061
chr1	148949535	150114056	-0.020728	-0.000474	-0.000412	-0.035673
chr1	150114094	151730052	0.231467	0.006840	0.005869	0.213325
chr1	151746540	153721979	0.352778	0.007739	0.006675	0.273138
chr1	153722898	156666423	0.313143	0.007405	0.006191	0.252496
chr1	156685795	158485236	-0.245020	-0.004606	-0.003960	-0.228261
chr1	158485243	159707130	0.219756	0.004931	0.004330	0.170213
chr1	159707134	168299544	-0.125592	-0.003289	-0.002731	-0.082621
chr1	168326000	170834978	-0.117486	-0.002702	-0.002363	-0.115619
chr1	170844143	175318933	0.046774	0.000824	0.000713	0.041949
chr1	176805997	181107879	-0.445963	-0.011364	-0.009693	-0.439053
chr1	181116406	182576609	0.206529	0.007466	0.006429	0.198094
chr1	182612159	183964841	0.034175	0.000681	0.000596	0.014133
chr1	184006967	185664924	0.040000	0.001025	0.000932	0.036093
chr1	185739414	186790577	0.169320	0.004049	0.003557	0.135654
chr1	186797463	188925538	-0.259914	-0.005190	-0.004682	-0.207840
chr1	188960175	191052683	-0.106125	-0.001728	-0.001525	-0.099277
chr1	191056235	192876912	0.012212	0.000263	0.000235	0.003974
chr1	192880875	194970298	-0.028736	-0.000462	-0.000412	-0.022624
chr1	194974403	196793559	-0.148544	-0.002273	-0.002060	-0.127608
chr1	196810636	199469919	0.005896	0.000109	0.000095	0.009288
chr1	199672036	202618483	0.142917	0.003142	0.002679	0.118329
chr1	202633137	203663818	0.137363	0.003252	0.002808	0.118987
chr1	203664019	205172818	-0.119128	-0.002865	-0.002481	-0.097166
chr1	205355279	205760875	-0.115385	-0.015518	-0.009835	-0.078023
chr1	205760932	206034474	-0.197080	-0.065519	-0.033646	-0.132029
chr1	206044286	206185332	-0.145709	-0.051120	-0.021935	-0.078044
chr1	206185336	206340535	-0.257143	-0.084813	-0.038079	-0.115834
chr1	206341095	207087912	-0.096395	-0.009670	-0.007524	-0.064299
chr1	207120669	208586622	-0.217929	-0.004431	-0.003931	-0.213317
chr1	208634857	209783761	-0.051980	-0.001421	-0.001245	-0.052133
chr1	209784986	212579208	0.119575	0.002355	0.002031	0.090399
chr1	212579243	215602244	0.124108	0.003589	0.003157	0.107485
chr2	668718	2954517	-0.016248	-0.000319	-0.000279	-0.017104
chr2	3023140	5305370	0.076923	0.001758	0.001539	0.072398
chr2	5318854	6268545	-0.049180	-0.001427	-0.001280	-0.043597
chr2	6281354	7131646	0.069395	0.002242	0.001915	0.063518
chr2	7142407	8269913	-0.101525	-0.003611	-0.002984	-0.103448
chr2	8270543	9696660	0.137767	0.003317	0.002902	0.103713
chr2	9700074	11337324	-0.046229	-0.001117	-0.000976	-0.052154
chr2	11348322	13161613	0.027818	0.000484	0.000416	0.043115
chr2	13191714	15172243	0.332760	0.007697	0.006628	0.317787
chr2	15223714	16632033	-0.226868	-0.004204	-0.003702	-0.129206
chr2	16632036	17767846	0.268098	0.004904	0.004401	0.198815
chr2	17997379	19974832	-0.302952	-0.003792	-0.003390	-0.243446
chr2	19995135	22410925	0.281079	0.005151	0.004607	0.234175
chr2	22442105	23875170	0.125234	0.004083	0.003523	0.118830
chr2	23888054	25318089	-0.129339	-0.002905	-0.002505	-0.103525
chr2	25397559	27431989	0.182176	0.003183	0.002799	0.162960
chr2	27465240	30659919	-0.062557	-0.001079	-0.000952	-0.031941
chr2	30668183	32628561	-0.156485	-0.003626	-0.003143	-0.098852
chr2	32651906	33919269	-0.140366	-0.004027	-0.003483	-0.142740
chr2	33937598	35363540	0.068966	0.001824	0.001563	0.056478
chr2	35369807	36538540	-0.052970	-0.001690	-0.001456	-0.033803
chr2	36541516	37088241	0.226103	0.009094	0.007546	0.176471
chr2	37089161	38318118	0.084020	0.001435	0.001292	0.060594
chr2	38344086	39653799	-0.212400	-0.006934	-0.005867	-0.169634
chr2	39672000	41662887	-0.143577	-0.003392	-0.002929	-0.114688
chr2	41673015	42913818	0.090204	0.001941	0.001648	0.058095
chr2	42944101	45262471	-0.108271	-0.001624	-0.001417	-0.079668
chr2	45326577	47214407	0.016552	0.000417	0.000371	0.020080
chr2	47223247	48654024	-0.002700	-0.000064	-0.000056	0.026627
chr2	48662788	50518278	-0.145431	-0.003245	-0.002871	-0.138497
chr2	50564033	52319927	0.214087	0.004174	0.003704	0.197080
chr2	52340051	54325712	-0.176471	-0.004525	-0.003853	-0.147651
chr2	54325713	56352085	0.052555	0.001405	0.001206	0.049116
chr2	56352087	57238606	0.168445	0.005029	0.004165	0.116455
chr2	57257565	59188754	0.039387	0.000686	0.000589	0.029725
chr2	59269314	63087072	0.189900	0.004193	0.003661	0.178218
chr2	63116260	64965156	0.214036	0.003982	0.003484	0.163257
chr2	64981119	66781399	-0.027420	-0.000578	-0.000486	0.002068
chr2	66796511	67737483	-0.041517	-0.001011	-0.000862	-0.042934
chr2	67749631	68651286	-0.169149	-0.004139	-0.003485	-0.111389
chr2	68665589	69371234	-0.019780	-0.000669	-0.000566	0.006865
chr2	69378024	70716729	0.020520	0.000471	0.000414	0.018496
chr2	70720478	71612137	-0.303126	-0.009942	-0.008503	-0.210605
chr2	71633973	72438132	-0.104137	-0.002824	-0.002416	-0.074273
chr2	72445548	73821272	-0.049853	-0.001233	-0.001103	0.004637
chr2	73830056	74947343	-0.130881	-0.002372	-0.002075	-0.113924
chr2	74959114	76083757	-0.034370	-0.000932	-0.000813	-0.022255
chr2	76095509	80093933	0.294118	0.006816	0.005762	0.243879
chr2	80093979	84602806	-0.002871	-0.000049	-0.000044	-0.017370
chr2	84607834	88010060	-0.045735	-0.000877	-0.000769	-0.049031
chr2	88017585	90763632	0.251629	0.005208	0.004592	0.228990
chr2	90917327	93721068	0.154903	0.003290	0.002858	0.100289
chr2	93747495	96142862	0.106373	0.002093	0.001772	0.121234
chr2	96148615	98722009	0.080632	0.001846	0.001587	0.073593
chr2	98727228	100510448	0.463584	0.011276	0.009747	0.470141
chr2	100530375	101460072	0.151794	0.004114	0.003552	0.167197
chr2	101588350	106969071	0.002956	0.000048	0.000042	0.007519
chr2	106969924	108475715	-0.008850	-0.000252	-0.000223	-0.003704
chr2	108489830	110719135	0.043377	0.000697	0.000618	0.024896
chr2	110732664	113131352	0.142628	0.002131	0.001876	0.138501
chr2	113135505	114009826	-0.225983	-0.006572	-0.005631	-0.187170
chr2	114009829	114980618	0.027586	0.000539	0.000468	0.019900
chr2	114980620	115806113	-0.023759	-0.000663	-0.000560	-0.027741
chr2	115839908	117734006	-0.215808	-0.006554	-0.005594	-0.179767
chr2	117737277	118772762	-0.044518	-0.001422	-0.001261	-0.040724
chr2	118777659	120155820	-0.267857	-0.006932	-0.005779	-0.247113
chr2	120208215	122984190	0.019108	0.000322	0.000281	-0.002281
chr2	123020549	124768498	-0.329234	-0.006645	-0.005831	-0.200000
chr2	124768501	126419237	0.061125	0.001454	0.001250	0.059167
chr2	126499431	128478980	-0.099713	-0.002229	-0.001954	-0.065922
chr2	128479210	129791937	-0.275000	-0.006295	-0.005528	-0.238889
chr2	129834153	133084814	0.013871	0.000214	0.000187	0.012164
chr2	133201597	135629930	-0.329500	-0.007517	-0.006644	-0.249125
chr2	135637438	138227184	0.106772	0.001878	0.001679	0.089627
chr2	138229947	139461876	0.203046	0.004958	0.004340	0.149573
chr2	139461879	141346410	0.033582	0.000511	0.000459	0.035294
chr2	141351681	143307987	0.094851	0.001607	0.001481	0.094192
chr2	143311295	145377797	-0.134529	-0.002794	-0.002486	-0.090909
chr2	145396238	148840034	0.017842	0.000477	0.000421	0.019272
chr2	148901289	149563159	0.076231	0.002262	0.001915	0.049921
chr2	149566843	150879831	-0.033019	-0.000738	-0.000660	-0.030216
chr2	150883706	151963024	-0.129825	-0.003621	-0.003157	-0.123316
chr2	152041276	153446984	-0.062280	-0.001538	-0.001299	-0.054264
chr2	153456456	155201561	0.099360	0.002475	0.002165	0.071334
chr2	155249239	158501264	0.163591	0.003949	0.003348	0.139222
chr2	158744225	161309834	0.048309	0.001091	0.000982	0.040000
chr2	161518144	164618967	0.262198	0.004889	0.004260	0.195893
chr3	1542333	3096701	0.006383	0.000192	0.000168	0.005761
chr3	3128859	4415203	-0.001325	-0.000030	-0.000026	-0.007589
chr3	4432332	5748394	-0.271274	-0.010795	-0.009227	-0.266234
chr3	5748527	6834256	-0.014368	-0.000391	-0.000343	-0.006276
chr3	6923224	8501359	-0.093195	-0.002167	-0.001928	-0.074586
chr3	8758845	11294786	-0.065327	-0.001753	-0.001449	-0.067308
chr3	11363534	12500492	-0.234708	-0.005996	-0.005070	-0.214683
chr3	12501165	13462847	-0.137170	-0.005108	-0.004360	-0.102273
chr3	13469931	15047260	0.271665	0.005845	0.005168	0.193252
chr3	15090066	16542343	0.128144	0.003462	0.003057	0.100183
chr3	16604951	17443594	0.304991	0.008786	0.007886	0.288660
chr3	17455145	18342708	0.121387	0.003266	0.002762	0.104084
chr3	18345401	19913311	-0.071130	-0.001398	-0.001268	-0.075653
chr3	19971840	21713608	0.003497	0.000102	0.000091	0.003064
chr3	21883626	23641096	-0.011917	-0.000218	-0.000195	0.042918
chr3	23641566	24699135	-0.246047	-0.005277	-0.004592	-0.196003
chr3	24713351	26314318	0.003302	0.000076	0.000069	-0.000946
chr3	26317991	28365712	-0.337580	-0.006241	-0.005531	-0.325153
chr3	28521066	30150252	0.095879	0.002235	0.001936	0.095514
chr3	30164055	31537724	0.106599	0.002681	0.002343	0.102154
chr3	31554408	33751156	0.107345	0.002635	0.002247	0.094258
chr3	33760791	34720798	0.215084	0.004387	0.003869	0.208889
chr3	34732221	36233255	-0.175732	-0.003530	-0.003149	-0.140530
chr3	36234284	37774886	-0.084112	-0.002636	-0.002312	-0.068942
chr3	37804792	39754260	-0.104273	-0.002177	-0.001933	-0.100603
chr3	39759824	43334089	0.106942	0.001615	0.001468	0.090208
chr3	43341401	44333619	-0.092755	-0.002269	-0.001947	-0.091056
chr3	44351119	45291192	0.210351	0.006763	0.005801	0.163488
chr3	45293854	46257369	-0.425219	-0.014750	-0.012593	-0.322368
chr3	46283872	47677595	0.039474	0.001131	0.000982	0.020353
chr3	47680356	49410482	-0.021398	-0.000440	-0.000384	-0.024000
chr3	49504781	51468424	-0.099574	-0.002550	-0.002169	-0.056289
chr3	51489410	52735687	0.002049	0.000085	0.000072	0.026898
chr3	52758877	54625881	-0.060511	-0.001171	-0.001035	-0.045539
chr3	54627174	56686425	0.108507	0.001948	0.001691	0.096290
chr3	56743029	57671951	0.017870	0.000534	0.000468	0.012867
chr3	57673965	59006073	-0.038541	-0.000784	-0.000701	-0.032735
chr3	59052491	61105935	0.257080	0.004529	0.004055	0.237190
chr3	61114635	62297095	0.314208	0.008436	0.006998	0.278161
chr3	62344160	63458353	0.060811	0.002206	0.001800	0.048518
chr3	63473172	64386352	-0.097395	-0.003220	-0.002619	-0.100387
chr3	64417071	66646558	0.319527	0.007723	0.006524	0.297111
chr3	66648004	67685742	0.018045	0.000440	0.000381	0.014670
chr3	67685751	69171851	0.155914	0.004971	0.004286	0.129252
chr3	69219717	71350713	0.168552	0.004118	0.003492	0.169811
chr3	71354004	73665604	-0.007806	-0.000173	-0.000152	-0.019780
chr3	73763621	75205689	-0.063249	-0.001617	-0.001422	-0.070358
chr3	75219165	76144643	0.147501	0.004745	0.004220	0.144723
chr3	76144988	76959555	-0.211632	-0.006058	-0.005231	-0.137894
chr3	76960362	79967794	-0.253073	-0.005905	-0.005124	-0.228133
chr3	79992522	80923882	-0.006188	-0.000223	-0.000190	-0.000989
chr3	81011138	84467152	-0.110266	-0.002306	-0.001959	-0.115570
chr3	84478446	85622949	-0.086667	-0.001790	-0.001504	-0.081522
chr3	85637754	86999151	0.044968	0.001010	0.000894	0.035058
chr3	87023105	89215414	0.252982	0.005593	0.004961	0.192333
chr3	89273434	91724570	0.244849	0.005172	0.004633	0.202014
chr3	91726846	97049584	0.226891	0.003774	0.003340	0.199595
chr3	97208001	98144609	-0.146797	-0.006581	-0.005965	-0.126761
chr3	98145644	102590496	-0.352480	-0.004892	-0.004373	-0.237383
chr3	102597116	105097484	-0.140513	-0.003442	-0.003039	-0.131653
chr3	105133288	107667214	0.122610	0.002182	0.001900	0.103730
chr3	107696506	109320338	-0.042543	-0.000713	-0.000616	-0.035995
chr3	109359012	111944429	0.357405	0.009958	0.008580	0.352766
chr3	112014451	114310225	0.086229	0.001892	0.001682	0.077034
chr3	114316948	116609194	0.079339	0.001733	0.001484	0.053294
chr3	116628318	118060376	0.068285	0.001693	0.001478	0.059406
chr3	118096851	119845413	-0.025537	-0.000735	-0.000633	-0.027483
chr3	119885559	122237406	0.027933	0.000665	0.000581	0.022693
chr3	122257463	123788018	-0.223742	-0.005898	-0.005097	-0.215591
chr4	544460	4867897	0.097594	0.002575	0.002265	0.035342
chr4	5027895	6751680	0.004902	0.000139	0.000121	0.002299
chr4	6809253	8088934	-0.091887	-0.002738	-0.002443	-0.071155
chr4	8136668	10760575	-0.116121	-0.002885	-0.002455	-0.103596
chr4	10761553	13172587	-0.012230	-0.000364	-0.000306	-0.010623
chr4	13184490	15312129	0.142480	0.002681	0.002361	0.112131
chr4	15316892	16952673	0.026912	0.000641	0.000557	0.026964
chr4	16952715	18652408	-0.141975	-0.003182	-0.002892	-0.128248
chr4	18652947	21408526	-0.046476	-0.001075	-0.000934	-0.037596
chr4	21420217	22577802	-0.041779	-0.001190	-0.001022	-0.022736
chr4	22594454	23887445	-0.179551	-0.004357	-0.003773	-0.159527
chr4	23910711	25646950	-0.350893	-0.006936	-0.005925	-0.291416
chr4	25650494	27750131	-0.073838	-0.001363	-0.001177	-0.068332
chr4	27773311	29703590	0.234356	0.005091	0.004529	0.194426
chr4	29722584	32508821	0.042553	0.000969	0.000841	0.052419
chr4	32545338	33714228	0.021838	0.000491	0.000427	0.012305
chr4	33722447	34566077	0.211827	0.007225	0.006244	0.212703
chr4	34566837	38232088	0.026455	0.000510	0.000438	0.004854
chr4	38251711	41047203	-0.059432	-0.001237	-0.001096	-0.056689
chr4	41083092	42152310	0.038431	0.000969	0.000867	0.038793
chr4	42172993	43210322	0.227245	0.007517	0.006590	0.246243
chr4	43233860	45633407	0.074135	0.001579	0.001408	0.064024
chr4	45637985	47805798	0.065274	0.001337	0.001192	0.076566
chr4	47811141	49516498	-0.031959	-0.000593	-0.000495	-0.021860
chr4	49607936	51045979	-0.141777	-0.002608	-0.002297	-0.093103
chr4	51075085	53504832	0.084467	0.001508	0.001351	0.073350
chr4	53541629	56000940	-0.043312	-0.000775	-0.000669	-0.010638
chr4	56001138	57575276	-0.157614	-0.003043	-0.002676	-0.146645
chr4	57656822	60230636	-0.058711	-0.001085	-0.000947	-0.057082
chr4	60238814	61136196	0.229258	0.006730	0.005854	0.161578
chr4	61143451	65644855	0.097207	0.002289	0.001970	0.092259
chr4	65672030	67213834	-0.078571	-0.001830	-0.001608	-0.054017
chr4	67255750	69423142	0.241895	0.006140	0.005452	0.232614
chr4	69434202	70913883	-0.055620	-0.001440	-0.001265	-0.036511
chr4	70966182	74480040	-0.192000	-0.004049	-0.003458	-0.190602
chr4	74532148	77174858	0.316703	0.010348	0.008734	0.271712
chr4	77183816	80972098	0.086918	0.002448	0.002100	0.077163
chr5	644505	2067470	0.043515	0.001747	0.001511	0.080238
chr5	2131048	3336607	-0.096890	-0.003188	-0.002792	-0.089631
chr5	3376283	4635570	-0.048359	-0.000983	-0.000872	-0.072144
chr5	4663180	6142884	-0.264480	-0.006247	-0.005401	-0.224165
chr5	6142887	7902966	-0.177831	-0.003571	-0.003181	-0.164912
chr5	7914583	8699542	-0.181976	-0.007424	-0.006078	-0.149394
chr5	8700671	9446729	-0.029472	-0.001340	-0.001122	-0.031201
chr5	9447818	10884675	-0.067053	-0.001594	-0.001374	-0.064877
chr5	10897018	12092556	-0.062407	-0.001989	-0.001647	-0.045082
chr5	12092696	13342609	-0.042348	-0.001325	-0.001135	-0.059884
chr5	13366434	14313196	-0.145427	-0.003142	-0.002751	-0.125833
chr5	14403403	15438809	-0.150000	-0.003145	-0.002804	-0.148365
chr5	15441666	16599739	-0.139655	-0.003982	-0.003470	-0.134467
chr5	16624286	17812234	0.376299	0.010670	0.009363	0.358925
chr5	17827991	22075403	0.156856	0.002903	0.002605	0.151713
chr5	22090674	24066721	0.259115	0.004250	0.003808	0.234323
chr5	24078338	24911559	0.024958	0.000733	0.000635	0.028571
chr5	24928017	26654520	-0.092437	-0.001509	-0.001342	-0.093570
chr5	26699159	28535472	0.024390	0.000448	0.000392	0.042254
chr5	28573347	30302399	-0.164063	-0.003105	-0.002745	-0.140230
chr5	30303778	31642734	0.123144	0.002689	0.002377	0.080737
chr5	31646553	33678970	-0.285000	-0.008278	-0.007203	-0.270386
chr5	33743401	37458877	-0.027356	-0.000495	-0.000434	-0.024328
chr5	37481074	39302938	0.357928	0.009364	0.008050	0.325226
chr5	39328249	41343315	-0.141653	-0.002940	-0.002608	-0.099213
chr5	41346987	42097129	-0.097970	-0.002678	-0.002318	-0.101805
chr5	42111500	43313125	0.160714	0.002576	0.002325	0.098814
chr5	43343287	44770500	-0.168911	-0.003866	-0.003337	-0.150642
chr5	44891554	48423781	-0.152263	-0.002729	-0.002387	-0.121014
chr5	48429490	50342835	0.078391	0.001571	0.001395	0.119917
chr5	50356221	52241973	0.126606	0.002784	0.002430	0.126731
chr5	52241982	52879384	-0.127628	-0.003489	-0.003120	-0.088297
chr5	52920308	54066836	0.224863	0.005608	0.004859	0.176471
chr5	54234225	56556932	-0.410526	-0.008389	-0.007136	-0.406186
chr5	56558111	57890316	0.063948	0.001382	0.001202	0.032357
chr5	57891212	59945590	0.011050	0.000201	0.000178	0.028240
chr5	59968356	62708474	-0.426950	-0.006247	-0.005507	-0.374517
chr5	62736363	66176041	0.020339	0.000388	0.000353	0.007217
chr5	66179021	67484500	-0.092637	-0.002325	-0.002045	-0.083774
chr5	67491151	69351159	0.106312	0.003432	0.002931	0.105305
chr5	69387405	70906180	-0.027767	-0.000855	-0.000742	-0.030303
chr6	1091263	2323777	0.304688	0.010044	0.008925	0.282113
chr6	2378470	4924276	-0.040380	-0.001061	-0.000927	-0.037583
chr6	4942543	5780318	0.073529	0.002263	0.001982	0.058824
chr6	5780420	7798580	0.201125	0.005049	0.004421	0.133959
chr6	8004211	8994200	0.386617	0.007646	0.006730	0.244706
chr6	9001327	10247221	0.055083	0.001226	0.001064	0.041433
chr6	10253232	11375331	0.046673	0.001465	0.001278	0.044391
chr6	11397744	12182289	0.138329	0.003876	0.003419	0.093195
chr6	12199227	12859234	-0.103233	-0.002902	-0.002480	-0.057163
chr6	12880253	14038538	-0.359073	-0.006822	-0.005991	-0.310169
chr6	14043946	15120319	-0.063470	-0.001684	-0.001470	-0.075366
chr6	15120876	16131634	0.129847	0.004065	0.003515	0.112324
chr6	16168681	18433708	-0.420986	-0.009775	-0.008404	-0.414868
chr6	18434227	20180335	0.083394	0.001943	0.001714	0.059041
chr6	20213473	21207430	0.122752	0.002945	0.002518	0.111491
chr6	21255141	24614422	-0.190108	-0.003638	-0.003188	-0.206004
chr6	24658670	25413462	-0.078574	-0.002288	-0.001988	-0.066176
chr6	25467649	26709221	0.164710	0.004255	0.003760	0.142095
chr6	26760792	28462679	-0.146957	-0.002746	-0.002436	-0.125688
chr6	28464015	30381427	-0.041418	-0.000943	-0.000841	-0.036004
chr6	30395367	33091139	0.200504	0.004921	0.004487	0.184038
chr6	33097284	35087113	-0.107989	-0.002299	-0.002056	-0.102506
chr6	35138452	37690722	0.136476	0.002604	0.002299	0.117691
chr6	37707105	39870141	-0.001099	-0.000030	-0.000026	-0.002730
chr6	39884751	40699961	-0.182236	-0.004501	-0.004034	-0.175172
chr6	40715177	41433870	0.022504	0.000482	0.000435	0.027735
chr6	41433872	42279520	-0.354568	-0.012472	-0.010470	-0.302792
chr6	42334007	43080697	0.099230	0.003380	0.002937	0.077882
chr6	43083227	43882678	-0.461036	-0.017298	-0.015465	-0.382648
chr6	43902387	44824446	0.054176	0.001769	0.001588	0.052516
chr6	44831539	45660325	0.024233	0.000593	0.000516	0.014563
chr6	45661114	46970942	0.298246	0.008795	0.007461	0.239749
chr6	46993083	47915019	-0.023669	-0.000515	-0.000459	-0.019640
chr6	47930794	48627999	-0.350584	-0.012876	-0.010815	-0.347759
chr6	48642663	50268386	0.155198	0.003309	0.002910	0.135468
chr6	50308709	51283810	0.253568	0.006940	0.006020	0.183957
chr6	51291312	52074955	-0.036735	-0.001115	-0.000943	-0.017722
chr7	825281	2455756	0.053957	0.001211	0.001061	0.037783
chr7	2467823	3346741	0.171053	0.004859	0.004368	0.136364
chr7	3438076	4398190	0.199830	0.007019	0.005944	0.188112
chr7	4484052	5499246	0.287356	0.007543	0.006733	0.164602
chr7	5507322	7023007	-0.099838	-0.002312	-0.002016	-0.093711
chr7	7052033	8929848	-0.203540	-0.004690	-0.003933	-0.185859
chr7	8952387	10008280	0.113939	0.003049	0.002591	0.115023
chr7	10015551	11532008	0.231245	0.004981	0.004316	0.173669
chr7	11532013	13164447	-0.045093	-0.001148	-0.000969	-0.037772
chr7	13166891	14341903	-0.147383	-0.003283	-0.002931	-0.138422
chr7	14349409	16162295	-0.001473	-0.000024	-0.000021	-0.035446
chr7	16304567	19127625	0.078101	0.002106	0.001815	0.066929
chr7	19129226	20803266	0.124368	0.002859	0.002459	0.092873
chr7	20813392	21864867	0.136544	0.005599	0.004782	0.122188
chr7	21871229	22579371	-0.222411	-0.006944	-0.006080	-0.159049
chr7	22580788	24424645	0.244858	0.006732	0.006191	0.224417
chr7	24462362	26153096	0.042608	0.001146	0.001023	0.040791
chr7	26164782	27925016	0.065906	0.001483	0.001329	0.049065
chr7	27925032	29273500	-0.179179	-0.004479	-0.003955	-0.169883
chr7	29278172	31036143	0.034855	0.000777	0.000666	0.033281
chr7	31039124	32279213	0.294785	0.007468	0.006512	0.293296
chr7	32280832	34104226	0.157895	0.004236	0.003662	0.100000
chr7	34126990	34870713	0.061584	0.001749	0.001472	0.049881
chr7	34893959	36157725	-0.097473	-0.002606	-0.002199	-0.082317
chr7	36157832	37383609	0.151319	0.002884	0.002520	0.148569
chr7	37436100	38940758	-0.140558	-0.002948	-0.002514	-0.130541
chr7	38992493	40471610	0.068966	0.001849	0.001551	0.047085
chr7	40504368	41220741	-0.001681	-0.000044	-0.000037	-0.022305
chr7	41220825	42503945	0.392308	0.010010	0.008865	0.363569
chr7	42577431	44401291	0.104093	0.002372	0.002086	0.072338
chr7	44408434	45586659	0.293462	0.008226	0.007100	0.270330
chr7	45611432	46296363	0.288548	0.013852	0.011572	0.236220
chr7	46304625	46963823	0.130719	0.005183	0.004338	0.098847
chr8	376007	1700158	-0.199377	-0.004714	-0.004233	-0.163058
chr8	1711479	2621701	-0.223219	-0.006113	-0.005428	-0.143937
chr8	2621836	3470952	0.046070	0.001501	0.001312	-0.000000
chr8	3533509	4634813	-0.063712	-0.001764	-0.001503	-0.054463
chr8	4648478	5508560	-0.153068	-0.004671	-0.003954	-0.098260
chr8	5519127	6329407	-0.057640	-0.001506	-0.001307	-0.047691
chr8	6344469	6877633	-0.121205	-0.004589	-0.003898	-0.107025
chr8	6919626	7581142	0.006399	0.000221	0.000195	-0.001993
chr8	7685685	8383722	-0.017341	-0.000572	-0.000512	-0.014862
chr8	8384470	9689621	-0.190668	-0.004704	-0.004080	-0.167382
chr8	9700983	10883229	0.204895	0.005684	0.004822	0.174830
chr8	10929175	13524543	0.296852	0.005882	0.005219	0.265068
chr8	13688775	15990161	-0.076923	-0.001534	-0.001326	-0.041515
chr8	16107452	17074268	-0.032143	-0.000827	-0.000731	-0.027523
chr8	17079829	19071136	-0.020008	-0.000426	-0.000383	-0.025467
chr8	19071901	21445730	0.021555	0.000454	0.000417	0.019086
chr8	21447962	22614342	0.012438	0.000430	0.000383	0.006194
chr8	22635071	24357866	-0.039290	-0.000870	-0.000773	-0.054083
chr8	24403353	26021295	-0.090153	-0.002163	-0.001853	-0.079010
chr8	26050543	28227934	-0.079254	-0.001695	-0.001466	-0.078838
chr8	28293534	29747444	-0.369919	-0.009035	-0.007623	-0.303591
chr8	29757032	31121785	-0.414894	-0.008545	-0.007331	-0.349158
chr8	31125765	32608429	-0.217026	-0.004640	-0.003979	-0.172603
chr8	32612882	34012773	0.054772	0.001380	0.001172	0.041265
chr8	34052459	35043810	-0.247423	-0.005297	-0.004651	-0.228452
chr8	35088337	35913464	-0.241287	-0.007031	-0.005860	-0.218700
chr8	35952026	36985464	-0.275459	-0.008445	-0.007258	-0.211488
chr8	36995542	37817970	-0.088076	-0.002805	-0.002433	-0.075245
chr8	37817971	38577406	-0.036388	-0.001250	-0.001054	-0.025756
chr8	38578815	39415052	0.188042	0.005480	0.004603	0.145089
chr8	39420292	40260723	-0.132589	-0.003684	-0.003203	-0.113410
chr8	40263049	41045756	-0.172921	-0.006521	-0.005570	-0.146620
chr8	41046935	42000368	-0.095595	-0.002857	-0.002495	-0.080537
chr8	42074044	43379239	0.244444	0.007111	0.006001	0.196507
chr9	880233	2473943	-0.096317	-0.002518	-0.002221	-0.105096
chr9	2496573	3796134	-0.167611	-0.005684	-0.004957	-0.176471
chr9	3799043	4782233	-0.110450	-0.004505	-0.003752	-0.098650
chr9	4790692	6858762	-0.273959	-0.005105	-0.004450	-0.172199
chr9	6879347	8560513	-0.102503	-0.002389	-0.002017	-0.092975
chr9	8563890	10631025	-0.122232	-0.002650	-0.002249	-0.094456
chr9	10631116	11602089	-0.179641	-0.004913	-0.004246	-0.165618
chr9	11641602	12709692	0.053055	0.001374	0.001175	0.049475
chr9	12718832	13579091	0.129709	0.003130	0.002749	0.121107
chr9	13587009	14498670	0.171150	0.004593	0.003999	0.126461
chr9	14518653	16689483	-0.020510	-0.000361	-0.000320	-0.017039
chr9	16725917	17772129	0.127576	0.002570	0.002219	0.119116
chr9	17781800	18511098	0.108621	0.003262	0.002868	0.086957
chr9	18538131	21457342	0.276819	0.004875	0.004184	0.273112
chr9	21463396	25527093	0.495108	0.009017	0.008247	0.468531
chr9	25541739	27410164	-0.036496	-0.000851	-0.000723	-0.015273
chr9	27421096	29081228	0.110140	0.002817	0.002409	0.085106
chr9	29084467	30444574	0.143972	0.003479	0.003005	0.130159
chr9	30450863	31373305	-0.089533	-0.002877	-0.002440	-0.074733
chr9	31377827	32181601	0.312325	0.009697	0.008185	0.268361
chr9	32215595	34029364	0.011704	0.000265	0.000228	0.005313
chr9	34108625	35614042	0.387011	0.007604	0.006764	0.328973
chr9	35623781	36939222	-0.128296	-0.003967	-0.003504	-0.102086
chr9	36988928	38519299	0.088551	0.002233	0.001991	0.075061
chr9	38533933	39505975	0.131650	0.005515	0.004682	0.107773
chr9	39506189	41058492	0.013674	0.000409	0.000348	0.059195
chr9	41062532	42821714	-0.086853	-0.001888	-0.001661	-0.104337
chr10	240640	4793137	0.096567	0.001841	0.001633	0.130769
chr10	4797998	7347174	0.015498	0.000329	0.000297	-0.008392
chr10	7351845	10540627	-0.212422	-0.003217	-0.002857	-0.181717
chr10	10576100	13375900	0.194980	0.003537	0.003238	0.141826
chr10	13592117	14913706	0.281311	0.008442	0.007537	0.238911
chr10	15072852	17604781	0.010223	0.000191	0.000165	-0.014067
chr10	17650981	18868562	-0.059497	-0.001309	-0.001160	-0.051724
chr10	18869320	19530605	0.417810	0.012233	0.010635	0.406552
chr10	19533017	21088096	0.120083	0.002582	0.002273	0.108479
chr10	21090023	22428223	0.084087	0.002426	0.002080	0.062241
chr10	22430041	24744305	0.151163	0.002797	0.002518	0.136970
chr10	24746563	25844993	-0.255605	-0.005546	-0.004934	-0.240913
chr10	25854622	26586359	0.057823	0.001255	0.001128	0.046918
chr10	26590451	27258334	-0.302432	-0.007370	-0.006739	-0.268798
chr10	27266255	28805469	0.084962	0.002544	0.002182	0.061352
chr10	28805725	29968086	-0.011040	-0.000271	-0.000226	-0.000000
chr10	30040034	30976449	0.077608	0.002550	0.002205	0.081919
chr10	30977736	32025365	-0.083654	-0.002217	-0.001917	-0.071307
chr10	32041037	33641022	0.151794	0.003753	0.003228	0.096491
chr10	33670755	35454588	0.157343	0.002930	0.002586	0.143084
chr10	35454757	36951651	-0.003696	-0.000106	-0.000094	-0.003279
chr10	36971663	38796115	0.093361	0.001853	0.001614	0.037702
chr10	38820612	39457965	0.137279	0.004248	0.003684	0.098006
chr10	39470802	41084253	-0.120000	-0.003671	-0.003275	-0.120603
chr11	2776383	3761617	0.095316	0.003074	0.002657	0.086283
chr11	3761621	4318272	-0.164864	-0.007997	-0.006655	-0.133998
chr11	4340897	5588736	0.074150	0.001610	0.001399	0.076923
chr11	5589492	6251704	0.114286	0.004693	0.004208	0.110638
chr11	6274134	7446690	0.110299	0.003747	0.003260	0.096661
chr11	7448352	8040960	0.160788	0.004827	0.004100	0.132203
chr11	8063190	8730916	-0.145401	-0.004953	-0.004363	-0.144414
chr11	8739009	9561908	-0.267979	-0.007408	-0.006120	-0.241873
chr11	9563322	10403684	0.162037	0.006510	0.005407	0.140593
chr11	10420674	11220270	-0.085800	-0.002015	-0.001710	-0.064455
chr11	11231295	11738357	0.138167	0.004801	0.004064	0.113831
chr11	11763780	12673122	0.384510	0.013000	0.010932	0.347029
chr11	12681395	13802884	0.010247	0.000321	0.000270	0.013796
chr11	13824316	14969426	0.116711	0.002796	0.002421	0.085575
chr11	14979782	15774008	-0.161635	-0.006343	-0.005315	-0.149312
chr11	15846763	16828746	-0.159639	-0.003711	-0.003193	-0.094737
chr11	16828854	17806771	-0.121756	-0.002502	-0.002263	-0.107741
chr11	17832564	19414937	0.223845	0.004462	0.003814	0.226109
chr11	19419404	22079472	0.284863	0.005077	0.004462	0.225160
chr11	22095299	23405485	0.050136	0.001351	0.001189	0.035874
chr11	23428303	25519024	0.118712	0.002827	0.002487	0.108257
chr11	25525885	27133606	0.070145	0.001698	0.001537	0.077194
chr11	27146208	28226452	0.001340	0.000043	0.000038	0.013854
chr11	28259717	29143652	0.118227	0.003099	0.002763	0.109256
chr11	29208058	29973731	0.059801	0.001926	0.001689	0.047270
chr11	29980630	30923581	0.196144	0.005791	0.005069	0.147059
chr11	30959961	31854579	0.124890	0.002776	0.002464	0.115901
chr11	31879178	33423599	0.163200	0.004060	0.003510	0.158774
chr11	33449507	34475079	-0.026247	-0.000557	-0.000490	-0.023923
chr11	34515872	35147877	-0.293399	-0.013300	-0.011442	-0.278396
chr11	35161299	35975699	0.238588	0.008848	0.007489	0.172557
chr11	35977150	36771868	0.046422	0.001660	0.001446	0.033546
chr11	36869446	37902736	-0.161883	-0.003841	-0.003330	-0.108434
chr12	881695	3504939	-0.017467	-0.000357	-0.000319	-0.037879
chr12	3546940	5970861	-0.197162	-0.004549	-0.003992	-0.200000
chr12	6004037	7829753	0.188163	0.004791	0.004175	0.177988
chr12	7846475	10538161	0.121724	0.002662	0.002360	0.109275
chr12	10552169	13306381	-0.200000	-0.003742	-0.003328	-0.168490
chr12	13522349	14855732	-0.121159	-0.002990	-0.002611	-0.109005
chr12	14884083	16411977	0.112763	0.002986	0.002611	0.084769
chr12	16420138	17553842	-0.016499	-0.000439	-0.000374	-0.020619
chr12	17737623	18868066	-0.107365	-0.002077	-0.001845	-0.068823
chr12	18885737	20576548	0.124317	0.002462	0.002097	0.108722
chr12	20604380	22203905	0.215670	0.006051	0.005216	0.190095
chr12	22206700	23045110	-0.147231	-0.003484	-0.002965	-0.125818
chr12	23045126	23629152	0.214179	0.007565	0.006280	0.190944
chr12	23637013	24349230	0.169048	0.005038	0.004465	0.148148
chr12	24350812	25244412	0.048511	0.001466	0.001237	0.059102
chr12	25268843	25974522	0.163726	0.005846	0.005002	0.129594
chr12	25981042	26905344	-0.015475	-0.000517	-0.000460	-0.028249
chr12	26914022	28747004	-0.170732	-0.002978	-0.002648	-0.154982
chr12	28747028	29743431	0.299061	0.006573	0.005876	0.254526
chr12	29746436	30492818	-0.219101	-0.009679	-0.008324	-0.176198
chr12	30494954	31257654	-0.017552	-0.000542	-0.000441	-0.018490
chr12	31272424	31783432	0.123608	0.003980	0.003353	0.099196
chr12	31785635	32750224	0.202949	0.005712	0.004979	0.194006
chr12	32788750	34428836	0.041409	0.001065	0.000936	0.027545
chr13	805286	2119612	0.473520	0.010417	0.009123	0.419355
chr13	2138895	3372386	0.073171	0.002330	0.002050	0.064358
chr13	3398306	4297762	-0.183316	-0.005165	-0.004541	-0.133358
chr13	4304092	5145214	0.035806	0.001366	0.001142	0.028571
chr13	5148600	5802872	0.079365	0.002886	0.002475	0.090689
chr13	5811921	6479726	0.056281	0.002386	0.002078	0.048316
chr13	6484930	7805396	0.163160	0.004237	0.003666	0.172090
chr13	7811736	8507592	0.056872	0.001541	0.001287	0.050042
chr13	8508632	9336910	-0.036613	-0.001398	-0.001193	-0.033210
chr13	9343181	10717600	0.037344	0.001074	0.000905	0.030888
chr13	10718102	11935665	0.164526	0.003454	0.003138	0.136190
chr13	11947887	12696556	0.052282	0.001436	0.001278	0.038491
chr13	12779490	14290683	0.006849	0.000113	0.000099	0.013979
chr13	14299525	15738745	0.157588	0.004056	0.003504	0.150379
chr13	15749228	17293311	0.325301	0.006329	0.005809	0.289187
chr13	17325109	19030888	0.035424	0.000880	0.000779	0.030303
chr13	19041800	20363817	0.181153	0.004393	0.003871	0.144737
chr13	20378987	21053851	-0.002730	-0.000110	-0.000095	-0.007053
chr13	21075029	22152139	0.284189	0.008077	0.007060	0.271634
chr13	22163537	23246497	0.128006	0.003253	0.002823	0.139293
chr13	23278009	24120170	0.001378	0.000031	0.000028	0.001222
chr13	24135485	25005082	0.261526	0.007581	0.006492	0.228484
chr13	25007540	26894366	0.030315	0.000708	0.000604	0.001033
chr13	26916209	28168340	-0.049537	-0.001199	-0.001043	-0.045138
chr13	28182928	29190039	0.020952	0.000441	0.000403	0.022252
chr13	29218547	30093422	-0.147334	-0.004096	-0.003572	-0.116608
chr13	30095709	31202060	-0.023392	-0.000719	-0.000616	-0.035040
chr13	31216838	32316189	-0.214383	-0.007375	-0.006196	-0.204124
chr13	32330515	33327847	0.125833	0.004221	0.003648	0.115115
chr14	749682	2006559	0.043428	0.001075	0.000900	0.032880
chr14	2007755	2831933	0.176471	0.005446	0.004438	0.188335
chr14	2850472	4383235	0.130975	0.003509	0.003089	0.131597
chr14	4432954	5288084	0.104430	0.002406	0.002076	0.122275
chr14	5309905	6144592	0.087101	0.002433	0.002044	0.046893
chr14	6210698	6896974	-0.185014	-0.004980	-0.004287	-0.139991
chr14	6911340	8147644	-0.155767	-0.003186	-0.002888	-0.140303
chr14	8172666	8951610	-0.283476	-0.007941	-0.006774	-0.191239
chr14	8953091	9534660	-0.043213	-0.001811	-0.001529	-0.062600
chr14	9547505	10619693	0.202586	0.005800	0.004953	0.155572
chr14	10627122	11648077	0.060260	0.002036	0.001797	0.070098
chr14	11655171	12982620	-0.043814	-0.001068	-0.000950	-0.040348
chr15	875891	1967883	-0.204101	-0.005343	-0.004672	-0.183147
chr15	1994265	2902583	-0.052300	-0.001668	-0.001383	-0.040964
chr15	2903047	3811249	0.301266	0.008761	0.007627	0.278002
chr15	3850291	4462178	0.045597	0.001494	0.001311	0.038117
chr15	4494254	5202985	0.077810	0.002531	0.002105	0.076101
chr15	5203996	5729508	0.209100	0.008267	0.007142	0.195489
chr15	5738977	6590406	-0.026892	-0.000861	-0.000729	-0.022403
chr15	6592123	7163242	0.171541	0.005940	0.005177	0.177608
chr15	7181775	7877589	0.025340	0.000844	0.000713	0.029281
chr15	7891675	9049810	0.185819	0.006498	0.005614	0.150050
chr15	9124191	9656475	-0.107744	-0.003001	-0.002597	-0.079734
chr15	9749809	11285177	-0.028541	-0.000562	-0.000494	-0.053398
chr15	11301274	12457463	0.023732	0.000565	0.000499	-0.014428
chr16	338826	1328115	0.191595	0.009584	0.007930	0.123170
chr16	1339631	2809638	0.116279	0.002944	0.002590	0.096246
chr16	2823545	4017237	-0.214126	-0.006892	-0.005832	-0.198347
chr16	4050909	4829638	0.283826	0.009324	0.007808	0.258719
chr16	4831856	5671431	0.010390	0.000358	0.000304	0.004608
chr16	5685124	7103776	0.389110	0.008737	0.007886	0.329453
chr16	7166207	8498877	-0.153034	-0.004009	-0.003430	-0.116635
chr17	122220	805558	0.017808	0.000644	0.000550	0.016453
chr17	840792	1853400	0.038123	0.001058	0.000899	0.014019
chr17	1866054	2538932	0.248780	0.013055	0.011202	0.194754
chr17	2601163	3807122	0.355340	0.010043	0.008778	0.318231
chr17	3817806	4576206	0.178336	0.005918	0.005081	0.168433
chr17	4589301	6231150	-0.055223	-0.001464	-0.001235	-0.057411
chr17	6231155	8046496	-0.022637	-0.000602	-0.000544	-0.021612
chr18	1259742	2972098	0.259615	0.006050	0.005264	0.205276
chr18	2981607	3780345	0.265186	0.011868	0.009829	0.235499
chr18	3787478	4798842	-0.007870	-0.000176	-0.000153	0.003802
chr18	4873446	5727209	0.067686	0.002091	0.001820	0.043810
chr18	5739131	7128796	-0.132395	-0.003803	-0.003309	-0.127957
chr18	7150670	8160118	-0.056604	-0.002066	-0.001793	-0.042825
chr19	2218183	3707552	-0.028458	-0.000861	-0.000757	-0.022124
chr19	3749358	5186114	0.177947	0.004618	0.003982	0.146053
chr19	5194539	6316021	0.111814	0.004243	0.003745	0.089965
chr19	6330089	7353409	0.263815	0.008524	0.007226	0.168784
chr20	180224	1068351	-0.091208	-0.002961	-0.002590	-0.060863
chr20	1109605	2553443	0.014448	0.000443	0.000383	-0.017765
chr20	2607633	3471587	0.130378	0.004517	0.003889	0.108330
chr20	3478712	4189977	-0.041775	-0.001561	-0.001301	-0.047132
chr20	4239326	4983114	0.245752	0.010629	0.009001	0.205607
chr20	5000457	5944173	-0.048813	-0.001460	-0.001303	-0.039098
chr20	5968039	6913054	-0.221368	-0.007724	-0.006621	-0.176712
chr21	551207	2405338	-0.121241	-0.003241	-0.002866	-0.092116
chr21	2434996	4086434	-0.120000	-0.003707	-0.003200	-0.127572
chr21	4090193	5474726	-0.230969	-0.007809	-0.006647	-0.181250
chr21	5475713	6374739	-0.072126	-0.002923	-0.002473	-0.063492
chr21	6380488	7035033	-0.070039	-0.003367	-0.002704	-0.074205
chr22	1195226	2815694	-0.235675	-0.007214	-0.006131	-0.250890
chr22	2895896	4141553	0.145218	0.005044	0.004183	0.129519
chr22	4189006	5373170	-0.146680	-0.003829	-0.003318	-0.138286
chr23	103905	1039754	0.300440	0.013351	0.011021	0.255292
chr23	1047113	2448661	0.049421	0.001685	0.001388	0.027091
chr24	733408	2043577	-0.129047	-0.004961	-0.004256	-0.104972
chrZ	483040	959610	0.373451	0.023840	0.019635	0.354622
chrZ	961984	1226757	0.178138	0.013028	0.010925	0.157945
chrZ	1226983	1731459	0.105929	0.008864	0.007289	0.100426
chrZ	1755391	2601617	0.377557	0.030463	0.025991	0.341232
chrZ	2626451	3160137	-0.016000	-0.001025	-0.000854	-0.021201
chrZ	3181944	3688017	0.119436	0.008819	0.007246	0.110982
chrZ	3692361	4033516	0.200929	0.015340	0.012910	0.181236
chrZ	4038512	4284808	-0.059978	-0.005095	-0.004157	-0.049210
chrZ	4285479	4343679	-0.019052	-0.007208	-0.004716	-0.013786
chrZ	4347873	4371772	-0.312337	-0.180777	-0.090992	-0.209937
chrZ	4371801	4414092	-0.309474	-0.113998	-0.070159	-0.198282
chrZ	4415537	4469835	-0.163457	-0.129609	-0.051026	-0.107585
chrZ	4470248	4503179	-0.087698	-0.041184	-0.023928	-0.053217
chrZ	4506395	4535916	-0.419326	-0.249066	-0.129457	-0.299518
chrZ	4537333	4564112	-0.264412	-0.131431	-0.063609	-0.170268
chrZ	4564116	4600145	-0.334898	-0.160661	-0.083823	-0.207861
chrZ	4600158	4631946	-0.106880	-0.043101	-0.028684	-0.072259
chrZ	4632144	4687197	-0.210654	-0.082905	-0.049169	-0.173993
chrZ	4704873	4972640	-0.106043	-0.008646	-0.007257	-0.088369
chrZ	4976560	5167556	-0.166473	-0.026160	-0.020699	-0.139150
chrZ	5167629	5285919	-0.478817	-0.103199	-0.068590	-0.315011
chrZ	5286070	5353514	-0.485992	-0.097528	-0.069668	-0.345562
chrZ	5356068	5516469	-0.111069	-0.017274	-0.013161	-0.095629
chrZ	5520270	5675979	-0.555911	-0.111050	-0.083055	-0.416553
chrZ	5675996	6090286	0.037253	0.004352	0.003706	0.034177
chrZ	6154975	6775023	-0.142504	-0.008132	-0.006676	-0.109286
chrZ	6775200	6871599	-0.244898	-0.049040	-0.037418	-0.200837
chrZ	6871600	7013552	-0.222899	-0.031245	-0.024475	-0.161376
chrZ	7013580	7155306	-0.573198	-0.152632	-0.095140	-0.454418
chrZ	7155316	7352616	-0.239458	-0.029073	-0.023414	-0.174024
chrZ	7352694	7695895	-0.267453	-0.030443	-0.024389	-0.230118
chrZ	7711774	7990819	-0.274448	-0.057701	-0.043452	-0.240110
chrZ	7990911	8223338	-0.585992	-0.118359	-0.082169	-0.471805
chrZ	8229120	8589584	-0.642626	-0.124548	-0.080274	-0.511568
chrZ	8589599	8823715	-0.389092	-0.075518	-0.049370	-0.332575
chrZ	8825713	8879872	-0.523379	-0.185429	-0.112882	-0.385128
chrZ	8882579	8983768	-0.249858	-0.050216	-0.035836	-0.166352
chrZ	8983805	9093072	-0.381868	-0.081477	-0.059061	-0.285812
chrZ	9093172	9190902	-0.149088	-0.038834	-0.027968	-0.131256
chrZ	9191005	9289338	-0.462299	-0.093555	-0.067754	-0.412500
chrZ	9297208	9384824	-0.322767	-0.049730	-0.036804	-0.280467
chrZ	9384862	9445469	-0.663559	-0.177995	-0.109015	-0.548319
chrZ	9455241	9603033	-0.440549	-0.040844	-0.032941	-0.336961
chrZ	9603060	9754064	-0.191330	-0.014475	-0.011676	-0.130544
chrZ	9771704	10356979	-0.130587	-0.009153	-0.007271	-0.119105
chrZ	10357810	10787808	0.070350	0.004522	0.003612	0.061981
chrZ	10789742	11094299	-0.007569	-0.000629	-0.000498	-0.009608
chrZ	11097331	11521808	0.074148	0.004997	0.004097	0.069291
chrZ	11522949	11933585	0.037881	0.002236	0.001874	0.031418
chrZ	11933607	12250149	-0.091350	-0.007588	-0.006171	-0.086723
chrZ	12250162	12645046	0.462848	0.030877	0.026184	0.442449
chrZ	12654504	13115920	-0.464823	-0.032694	-0.027694	-0.421681
chrZ	13122682	13822751	-0.055958	-0.003447	-0.002797	-0.055958
chrZ	13834862	14428504	-0.184689	-0.010634	-0.008632	-0.176572
chrZ	14429176	14530733	0.122102	0.030400	0.022645	0.084654
chrZ	14548760	15199684	-0.277259	-0.012450	-0.010280	-0.254286
chrZ	15204890	15973953	-0.308619	-0.014203	-0.012046	-0.296000
chrZ	15974977	16621876	-0.110106	-0.005816	-0.004708	-0.086771
chrZ	16629257	17091944	0.122060	0.007207	0.005826	0.106667
chrZ	17091978	17607770	-0.294483	-0.021947	-0.016890	-0.289097
chrZ	17614527	18043001	-0.380098	-0.035610	-0.026987	-0.359938
chrZ	18043248	18524106	-0.085345	-0.004881	-0.003784	-0.084582
chrZ	18531927	19077107	0.065947	0.002670	0.002254	0.044254
chrZ	19077281	19209437	-0.386930	-0.035677	-0.029310	-0.306540
chrZ	19232506	19525040	-0.129483	-0.010400	-0.008492	-0.118268
chrZ	19560806	20053335	-0.053187	-0.003046	-0.002518	-0.046369
chrZ	20056089	20519464	-0.146459	-0.010524	-0.008338	-0.143911
chrZ	20521215	21050249	-0.172024	-0.016128	-0.012322	-0.156544
chrZ	21079553	21708526	-0.278275	-0.015330	-0.011989	-0.266909
chrZ	21721955	22432654	-0.224695	-0.014683	-0.011972	-0.174061
chrZ	22432688	22726853	-0.001576	-0.000115	-0.000093	0.020639
chrZ	22726897	23697928	-0.218477	-0.010769	-0.008684	-0.206519
chrZ	23697940	24214544	-0.189464	-0.012124	-0.009932	-0.175236
chrZ	24214567	24831474	-0.197863	-0.011986	-0.009752	-0.192342
chrZ	24873296	25352800	-0.249191	-0.013850	-0.010826	-0.242138
chrZ	25352833	25745779	-0.130704	-0.010849	-0.008739	-0.124908
chrZ	25745790	26353769	-0.275826	-0.013105	-0.011115	-0.258748
chrZ	26375094	26825158	-0.016933	-0.001093	-0.000906	-0.014691
chrZ	26856608	27518434	-0.020756	-0.001206	-0.000976	-0.002786
chrZ	27535779	28283482	-0.249330	-0.012575	-0.010901	-0.249330
chrZ	28291958	28771645	-0.313397	-0.016022	-0.013446	-0.273090
chrZ	28782446	29376608	-0.327755	-0.021155	-0.017141	-0.322042
chrZ	29382507	30156488	0.248467	0.012019	0.009925	0.248757
chrZ	30173821	31063165	-0.237787	-0.012236	-0.010156	-0.233263
chrZ	31065128	31923397	0.108434	0.007552	0.006054	0.108434
chrZ	31934625	33363140	-0.119469	-0.004453	-0.003839	-0.105733
chrZ	33378082	34547011	-0.159794	-0.009114	-0.007492	-0.157360
chrZ	34562731	35077725	-0.237979	-0.013358	-0.010507	-0.234883
chrZ	35096983	35835366	-0.147517	-0.006206	-0.005142	-0.129213
chrZ	35839631	36461892	-0.134890	-0.007190	-0.006063	-0.115723
chrZ	36507968	37213386	-0.118863	-0.006683	-0.005617	-0.113861
chrZ	37213387	38094639	-0.132275	-0.007015	-0.005802	-0.125000
chrZ	38124985	38836604	-0.291990	-0.019563	-0.016124	-0.281796
chrZ	38848955	39922020	-0.208036	-0.010888	-0.009111	-0.204850
chrZ	39958613	40698105	0.166667	0.008422	0.007128	0.174157
chrZ	40766659	41573423	-0.238829	-0.010857	-0.008879	-0.232267
chrZ	41576903	42184321	-0.344363	-0.023975	-0.019716	-0.335723
chrZ	42189577	43149311	0.048860	0.001934	0.001660	0.048232
chrZ	43184311	43821389	0.203229	0.010708	0.009122	0.194849
chrZ	43821407	44569620	-0.339426	-0.020454	-0.017283	-0.339426
chrZ	44573845	45219754	0.040446	0.002198	0.001834	0.039031
chrZ	45270601	45868479	0.132948	0.006722	0.005757	0.130312
chrZ	45868493	48202141	-0.025460	-0.001181	-0.001048	-0.025163
chrZ	48222268	49276864	-0.011942	-0.000650	-0.000583	-0.011529
chrZ	49338742	50276952	-0.271122	-0.018546	-0.015751	-0.269276
chrZ	50296647	51400864	-0.163662	-0.008755	-0.007587	-0.152062
chrZ	51400868	52316425	0.092958	0.003893	0.003309	0.092958
chrZ	52347297	53128835	-0.083520	-0.003359	-0.002829	-0.078652
chrZ	53130893	53691741	-0.257951	-0.011591	-0.009747	-0.257951
chrZ	53695297	54335847	0.048221	0.001964	0.001658	0.045556
chrZ	54377801	55341949	-0.024862	-0.001365	-0.001137	-0.030000
chrZ	55343681	56303636	-0.127937	-0.007307	-0.006179	-0.106173
chrZ	56308500	56925181	0.100257	0.005308	0.004555	0.118084
chrZ	56958907	58247230	0.330299	0.019965	0.016698	0.321519
chrZ	58256136	59249330	-0.075000	-0.005367	-0.004384	-0.059113
chrZ	59489415	60235401	-0.113897	-0.005746	-0.004878	-0.110340
chrZ	60250357	61183212	-0.090426	-0.004658	-0.003954	-0.097625
chrZ	61215805	62102447	-0.039526	-0.002041	-0.001697	-0.038760
chrZ	62159257	62892389	0.005911	0.000286	0.000249	0.022430
chrZ	62900290	63605966	-0.084589	-0.005372	-0.004506	-0.099150
chrZ	63606028	64238988	0.104195	0.005748	0.004901	0.103356
chrZ	64239010	64947692	0.157529	0.008798	0.007168	0.154457
chrZ	64955811	65736958	-0.020896	-0.001019	-0.000825	-0.035422
chrZ	65801956	66891241	-0.316312	-0.015149	-0.012436	-0.310734
chrZ	66943547	67872981	-0.053314	-0.001933	-0.001635	-0.051580
chrZ	67872996	68580660	-0.341480	-0.023149	-0.018849	-0.326217
chrZ	68586280	69196710	-0.062260	-0.003674	-0.002969	-0.044429
chrZ	69206483	70231112	-0.171285	-0.009255	-0.007627	-0.165049
chrZ	70239895	71545936	-0.271768	-0.013971	-0.011904	-0.260759
chrZ	71549293	72693148	-0.006130	-0.000401	-0.000326	-0.006130
chrZ	72705851	73466263	0.074705	0.004127	0.003331	0.064968
chrZ	73466281	73842502	-0.181616	-0.013726	-0.011150	-0.170494
chrZ	73842938	74457692	0.071497	0.004814	0.004015	0.086957
chrZ	74464780	75013462	-0.166313	-0.012596	-0.009671	-0.162181
chrZ	75028153	75606400	0.274201	0.019686	0.015713	0.254330
chrZ	75622353	76981476	0.256198	0.012133	0.009924	0.252033
chrZ	77012491	77795379	-0.069544	-0.003042	-0.002517	-0.061047
chrZ	77812295	78683256	-0.170158	-0.007775	-0.006418	-0.144666
chrZ	78923512	80074615	0.147045	0.008385	0.006978	0.129894
chrZ	80074825	80675548	0.051515	0.002605	0.002184	0.049419
chrZ	80676352	81410657	-0.294776	-0.019267	-0.015667	-0.296322
chrZ	81416656	82124829	-0.186779	-0.012202	-0.009496	-0.167035
chrZ	82124847	82655276	-0.184000	-0.010615	-0.008063	-0.177196
chrZ	82674240	83664492	0.098250	0.005653	0.004654	0.095425
