chr	windowStart	windowEnd	D	f_d	f_dM	d_f
chr1	1020420	1841200	-0.089263	-0.026146	-0.016393	-0.040724
chr1	1844635	2124320	0.284288	0.123880	0.090098	0.209350
chr1	2130016	2879645	-0.204686	-0.080783	-0.054106	-0.111326
chr1	2879688	3389126	-0.154150	-0.055003	-0.033806	-0.094431
chr1	3389127	4437831	0.134273	0.030227	0.020713	0.077402
chr1	4438370	5161665	-0.058691	-0.025459	-0.015116	-0.028967
chr1	5164774	5524459	-0.083903	-0.045774	-0.026526	-0.058955
chr1	5526361	6724023	0.169576	0.052938	0.031952	0.096946
chr1	6756248	7421571	-0.031185	-0.008630	-0.005558	-0.020430
chr1	7442197	7963362	0.118130	0.040417	0.025243	0.090982
chr1	7970295	8216400	0.393939	0.218599	0.137302	0.269303
chr1	8222901	8754068	0.359713	0.140096	0.101502	0.242442
chr1	8754071	10185558	0.258486	0.070444	0.048465	0.127159
chr1	10233657	12372522	0.072727	0.014574	0.010367	0.047955
chr1	12373426	14272704	-0.119297	-0.026863	-0.018900	-0.082777
chr1	14283390	14870297	-0.088345	-0.027068	-0.019855	-0.050775
chr1	14878113	15687409	0.086033	0.022127	0.018051	0.038982
chr1	15687426	17006938	0.005642	0.000892	0.000726	-0.001431
chr1	17023344	17433359	-0.206428	-0.095757	-0.055007	-0.115553
chr1	17434607	19156352	-0.262648	-0.079791	-0.050072	-0.174785
chr1	19162934	22305511	0.436666	0.091495	0.065255	0.269710
chr1	22320602	23028027	-0.001663	-0.000401	-0.000281	-0.001352
chr1	23057305	24567055	0.189150	0.072894	0.054714	0.138501
chr1	24568298	25628107	-0.359147	-0.084583	-0.057712	-0.202020
chr1	25644226	26975512	0.281737	0.074885	0.058592	0.167097
chr1	26985307	28069921	0.187636	0.056784	0.040305	0.130754
chr1	28080455	29079017	0.233683	0.066304	0.044989	0.181688
chr1	29087959	30403562	0.373272	0.120611	0.083950	0.190851
chr1	30706676	31997030	-0.115206	-0.037967	-0.028061	-0.061427
chr1	32091633	33157173	-0.312366	-0.065139	-0.050021	-0.193939
chr1	33161644	33857400	0.141462	0.036461	0.028625	0.061779
chr1	33960469	34962495	0.050165	0.013721	0.011037	0.026189
chr1	34967503	36644617	-0.222552	-0.063425	-0.042313	-0.131052
chr1	36644922	37270842	0.156239	0.057422	0.043263	0.079985
chr1	37271298	38120330	0.102195	0.023937	0.018506	0.067562
chr1	38146549	39205786	0.063151	0.013249	0.010287	0.034371
chr1	39206649	40239744	0.114464	0.035639	0.024291	0.088710
chr1	40247902	41616527	0.053061	0.014373	0.009970	0.024722
chr1	41629386	42893491	-0.113548	-0.029545	-0.022021	-0.094990
chr1	42947077	44417748	-0.143277	-0.037303	-0.027942	-0.083916
chr1	44579146	47918552	-0.351102	-0.057596	-0.040190	-0.159920
chr1	47948682	49099998	0.051335	0.015809	0.009289	0.058565
chr1	49118727	50468144	-0.117060	-0.017453	-0.014108	-0.048649
chr1	50489308	51364642	0.047503	0.009987	0.006909	0.026477
chr1	51368406	52409301	-0.042671	-0.018801	-0.011081	-0.029940
chr1	52410528	53114330	-0.095876	-0.035622	-0.021135	-0.077994
chr1	53114671	53689913	-0.124821	-0.043251	-0.024579	-0.091291
chr1	53692052	54430415	-0.309192	-0.082577	-0.060642	-0.193725
chr1	54431446	55180359	-0.173890	-0.048073	-0.032759	-0.111858
chr1	55207221	55908786	-0.262476	-0.094737	-0.055449	-0.115802
chr1	55908811	56300107	-0.363506	-0.121136	-0.083027	-0.219078
chr1	56316417	56990952	0.161200	0.039086	0.028945	0.108706
chr1	56994729	57713048	-0.049607	-0.010560	-0.008276	-0.030776
chr1	57716747	58636807	-0.080000	-0.025360	-0.017569	-0.053607
chr1	58657075	59221848	-0.259818	-0.143080	-0.069979	-0.182026
chr1	59224399	60365964	-0.303223	-0.070468	-0.043296	-0.161677
chr1	60366024	60921342	-0.082712	-0.028816	-0.019173	-0.054120
chr1	60923954	62013047	-0.151402	-0.042442	-0.022494	-0.133730
chr1	62013704	63034303	0.161661	0.033501	0.025525	0.070353
chr1	63034497	63346030	-0.024457	-0.012132	-0.008099	-0.012468
chr1	63349281	63956027	-0.500000	-0.201342	-0.107774	-0.397581
chr1	63971748	65517484	0.076562	0.026918	0.017946	0.056650
chr1	65519413	66245280	0.013318	0.006770	0.004655	0.005715
chr1	66274541	66942791	-0.160742	-0.068167	-0.038927	-0.105978
chr1	67064206	68330458	-0.340156	-0.083328	-0.053985	-0.228553
chr1	68342918	69376209	-0.250281	-0.052800	-0.042543	-0.163850
chr1	69406561	70167020	-0.028571	-0.009169	-0.005760	-0.018496
chr1	70245778	71722728	0.053159	0.018665	0.011484	0.034981
chr1	71726477	72501973	-0.109568	-0.039526	-0.026665	-0.093682
chr1	72502095	73088905	0.087536	0.033485	0.020398	0.049642
chr1	73090230	74120659	-0.028770	-0.009877	-0.006753	-0.020670
chr1	74124321	76396005	0.057153	0.007866	0.005706	0.012233
chr1	76396550	77012134	-0.043712	-0.015332	-0.009427	-0.028243
chr1	77033554	78128012	0.131377	0.043397	0.026007	0.085312
chr1	78148637	78869693	0.337398	0.167655	0.101812	0.238473
chr1	78922539	80104029	0.237863	0.105739	0.065743	0.162491
chr1	80139021	80541556	0.026821	0.013601	0.008891	0.020255
chr1	80544064	81168409	0.179904	0.072328	0.049525	0.140498
chr1	81178329	82480845	-0.140971	-0.040858	-0.029530	-0.086946
chr1	82536453	84054499	0.143192	0.030318	0.019833	0.073511
chr1	84055010	85381664	-0.029851	-0.006750	-0.004396	-0.021355
chr1	85418498	86132305	0.035435	0.008977	0.007002	0.027089
chr1	86137283	87458063	0.103321	0.017931	0.012379	0.053030
chr1	87458064	88304146	0.176720	0.060104	0.041378	0.115307
chr1	88304160	89020222	-0.015139	-0.004700	-0.003386	-0.017304
chr1	89025886	89761751	0.093599	0.020192	0.014473	0.054937
chr1	89768494	90422284	0.032494	0.009289	0.006251	0.018391
chr1	90431625	91359538	0.118738	0.013064	0.010436	0.082909
chr1	91393094	92573260	0.082779	0.012320	0.008776	0.060007
chr1	92697175	94307853	0.106537	0.023024	0.013506	0.067197
chr1	94307974	95871698	0.022727	0.004529	0.002961	0.013497
chr1	95881188	97374771	0.013468	0.003362	0.002080	0.006834
chr1	97376246	98505417	0.166277	0.050030	0.034090	0.094155
chr1	98544875	100683462	0.026962	0.003922	0.002915	0.016898
chr1	100687255	101325843	0.352304	0.075300	0.059157	0.190668
chr1	101325860	102757608	0.056495	0.009366	0.007743	0.021456
chr1	102776704	105771290	-0.179050	-0.037381	-0.023460	-0.093215
chr1	105771310	107673954	0.269258	0.037674	0.030492	0.121805
chr1	107693629	110050549	0.110829	0.030070	0.019715	0.067359
chr1	110289852	112939055	0.060716	0.013379	0.009049	0.036633
chr1	113011591	114139206	-0.090782	-0.022573	-0.016177	-0.060300
chr1	114167943	114905241	-0.020544	-0.004312	-0.003043	-0.014846
chr1	114918434	116192586	0.381560	0.060929	0.047351	0.263131
chr1	116203297	117633063	-0.114205	-0.027340	-0.019564	-0.079079
chr1	117657574	118706377	0.325429	0.082250	0.056897	0.149529
chr1	118751298	119729851	-0.154377	-0.053414	-0.034031	-0.096475
chr1	119736280	120781550	0.086711	0.032533	0.017477	0.054764
chr1	120792002	121709237	0.213878	0.049436	0.035569	0.116560
chr1	121731369	122689453	0.107675	0.030820	0.020201	0.062995
chr1	122713493	123080333	0.113950	0.048300	0.032741	0.064582
chr1	123084737	123550096	0.305315	0.112103	0.072087	0.188671
chr1	123658634	125045606	-0.222752	-0.081763	-0.043060	-0.140163
chr1	125047296	126408208	0.376384	0.097491	0.062615	0.235934
chr1	126551295	129025341	-0.033952	-0.006488	-0.004569	-0.020575
chr1	129025344	129668206	0.296465	0.077694	0.060255	0.123510
chr1	129733838	131023665	0.107478	0.033387	0.023967	0.074166
chr1	131041612	132064003	-0.231114	-0.072830	-0.046445	-0.141126
chr1	132065789	132749742	0.196592	0.043592	0.033670	0.120385
chr1	132767619	133591131	0.135768	0.044024	0.030748	0.078875
chr1	133591156	134507670	0.266813	0.077270	0.054413	0.198422
chr1	134529364	135689105	0.283961	0.071347	0.059432	0.196076
chr1	135691507	136508685	0.019949	0.005480	0.004150	0.016035
chr1	136590840	140388392	-0.012902	-0.002637	-0.001753	-0.014647
chr1	140411107	141285072	0.129540	0.040809	0.030327	0.062162
chr1	141304757	141806715	-0.250299	-0.080757	-0.054512	-0.143240
chr1	141888768	143246345	0.075265	0.022702	0.016935	0.056998
chr1	143254343	144231187	-0.015502	-0.003698	-0.002651	-0.008213
chr1	144243872	145154895	0.223680	0.077908	0.057708	0.127364
chr1	145159149	145645235	-0.072256	-0.026996	-0.016872	-0.036527
chr1	145645477	146240387	-0.020979	-0.007604	-0.005427	-0.009078
chr1	146274614	147424285	0.052927	0.014246	0.009117	0.022212
chr1	147428956	148175432	0.012146	0.005446	0.003575	-0.009768
chr1	148190090	149152434	0.092931	0.026782	0.020707	0.048166
chr1	149153876	149826664	-0.169890	-0.057138	-0.035712	-0.115928
chr1	149830077	150855254	0.253962	0.073657	0.051360	0.169782
chr1	150870082	151825563	0.179018	0.047826	0.034328	0.093436
chr1	151854284	152201037	0.160956	0.062713	0.037656	0.111615
chr1	152201190	153754996	0.068393	0.020436	0.013275	0.041657
chr1	153797349	156115309	-0.222617	-0.059699	-0.032194	-0.097976
chr1	156130088	156712471	0.084048	0.060594	0.033716	0.046031
chr1	156722729	157427416	0.216923	0.079442	0.051542	0.113047
chr1	157428525	158748775	-0.217044	-0.055134	-0.036174	-0.133565
chr1	158748845	159389916	-0.036474	-0.019078	-0.012463	-0.023873
chr1	159397579	159782536	-0.088831	-0.033114	-0.022655	-0.057946
chr1	159812740	166122774	0.231525	0.054488	0.038340	0.120520
chr1	166227572	169069905	-0.100383	-0.019670	-0.013552	-0.053823
chr1	169083123	170439155	0.012649	0.004698	0.003284	0.007919
chr1	170528865	171426737	-0.216763	-0.077498	-0.047044	-0.143371
chr1	171435733	173548634	-0.283880	-0.108035	-0.064249	-0.211467
chr1	173569632	176419834	0.093065	0.028561	0.018775	0.049298
chr1	176538238	180742593	0.041667	0.008761	0.006194	0.022236
chr1	180757013	181545086	-0.018287	-0.005354	-0.003864	-0.011995
chr1	181556210	182604696	-0.007053	-0.003238	-0.001914	-0.011364
chr1	182612159	183195469	-0.075162	-0.032293	-0.019989	-0.055617
chr1	183196783	183830971	0.052257	0.018284	0.012997	0.028145
chr1	183849052	184735207	0.157790	0.065397	0.044177	0.105709
chr1	184762136	185660542	0.151810	0.042032	0.033282	0.120907
chr1	185685580	186242005	0.142260	0.041049	0.029519	0.071466
chr1	186245713	187165356	0.158998	0.033039	0.024860	0.084467
chr1	187165498	187731387	0.153746	0.081929	0.052162	0.095023
chr1	187731525	189128605	-0.150039	-0.066597	-0.041030	-0.112720
chr1	189129037	190260572	-0.068945	-0.021150	-0.013286	-0.040696
chr1	190271679	191494440	0.070034	0.018250	0.013743	0.043946
chr1	191572809	192747229	0.045321	0.007759	0.005707	0.032053
chr1	192757427	194239019	0.252446	0.045230	0.034331	0.138501
chr1	194241075	194785989	0.074453	0.037363	0.028695	0.041153
chr1	194786006	195692496	-0.383262	-0.107728	-0.070500	-0.275375
chr1	195707260	197673169	-0.036765	-0.008920	-0.005773	-0.010847
chr1	197738602	199159410	-0.129478	-0.063002	-0.032532	-0.088936
chr1	199171868	200543908	-0.236347	-0.095885	-0.063128	-0.146933
chr1	200551635	202731762	0.158107	0.036302	0.025083	0.095804
chr1	202738687	203378832	-0.312796	-0.125984	-0.070322	-0.259843
chr1	203434293	204395829	0.322204	0.082482	0.062704	0.180157
chr1	204442692	204861115	0.118878	0.042210	0.030241	0.068563
chr1	204875889	205743115	-0.198279	-0.068988	-0.046433	-0.121057
chr1	205744038	206933315	0.299780	0.055068	0.043855	0.145652
chr1	206946927	207542882	-0.005329	-0.002120	-0.001447	0.005840
chr1	207552551	208160299	-0.262875	-0.141719	-0.081812	-0.195911
chr1	208172285	208871297	0.102138	0.030742	0.022670	0.049826
chr1	208871302	209544383	-0.111604	-0.037795	-0.025567	-0.064362
chr1	209568828	210006735	-0.182022	-0.066006	-0.045966	-0.093822
chr1	210056698	210512085	0.189271	0.061261	0.045421	0.110913
chr1	210519407	211791039	0.238457	0.072727	0.046978	0.175924
chr1	211827807	213428523	0.136615	0.057677	0.036702	0.088159
chr1	213509503	214546771	-0.473260	-0.335824	-0.178998	-0.355684
chr2	176511	847517	0.124365	0.055968	0.034913	0.096506
chr2	853694	1865729	-0.083389	-0.031150	-0.018570	-0.049356
chr2	1914398	2764729	0.538147	0.187841	0.134882	0.389984
chr2	2764822	4343725	0.354913	0.087671	0.067211	0.218623
chr2	4344603	5088291	0.246483	0.086416	0.063044	0.160954
chr2	5128253	5723273	-0.000000	-0.000000	-0.000000	-0.000000
chr2	5728223	6440525	0.142910	0.045567	0.032214	0.083768
chr2	6451930	7118559	0.054642	0.016331	0.010581	0.031595
chr2	7142407	7997304	0.138400	0.040971	0.030068	0.089723
chr2	8031358	8950038	0.299944	0.069087	0.046583	0.159079
chr2	8955088	10069476	-0.162997	-0.051761	-0.035325	-0.083763
chr2	10104232	11337324	0.284126	0.079230	0.054113	0.148155
chr2	11361344	12964859	0.013580	0.001909	0.001407	0.009604
chr2	12967342	15022054	0.099641	0.021714	0.015182	0.066989
chr2	15082840	16219884	0.030224	0.006054	0.004190	0.016249
chr2	16230493	16991849	0.152195	0.054565	0.033163	0.148244
chr2	16992024	18756387	-0.258115	-0.071489	-0.043739	-0.191071
chr2	18806963	19974832	-0.167553	-0.032906	-0.020983	-0.081558
chr2	19992835	21724693	0.312964	0.074265	0.055833	0.192982
chr2	21724696	22714346	0.196013	0.056491	0.036764	0.118079
chr2	22715243	24013825	0.082005	0.018186	0.011570	0.059151
chr2	24025409	25137802	-0.062602	-0.016344	-0.011984	-0.045110
chr2	25138043	26464323	-0.300583	-0.088296	-0.059620	-0.245257
chr2	26464416	27214466	0.035088	0.009595	0.007280	0.025169
chr2	27310801	28431123	0.129685	0.030236	0.020763	0.096885
chr2	28435737	30818930	-0.051948	-0.014572	-0.010296	-0.030856
chr2	30821631	32076244	-0.101609	-0.031544	-0.019167	-0.066290
chr2	32143405	32776318	0.206692	0.107008	0.062918	0.123948
chr2	32779257	33854297	0.234725	0.049363	0.036730	0.117809
chr2	33889611	34647099	0.307075	0.121086	0.085133	0.217472
chr2	34647100	35394889	-0.077396	-0.024959	-0.015154	-0.059507
chr2	35409025	36057874	0.217805	0.073491	0.047633	0.117264
chr2	36058108	36747291	0.026614	0.011834	0.007051	0.017055
chr2	36748970	36977049	0.322077	0.184860	0.133307	0.215995
chr2	36993643	37605440	0.214606	0.087723	0.057982	0.147957
chr2	37629022	37801910	0.200920	0.158621	0.100599	0.126557
chr2	37809798	38596293	-0.127377	-0.069957	-0.033177	-0.099128
chr2	38607440	39258116	-0.003978	-0.001245	-0.000887	-0.006718
chr2	39258119	40172891	-0.107183	-0.034929	-0.020262	-0.069223
chr2	40252162	41273134	0.046135	0.017840	0.012294	0.033404
chr2	41354372	42004028	0.000966	0.000235	0.000140	0.000613
chr2	42009042	42769136	0.108487	0.032216	0.021980	0.087476
chr2	42769477	43904926	0.213880	0.069635	0.050752	0.150935
chr2	43906743	44936917	-0.186499	-0.040337	-0.029288	-0.114076
chr2	44958890	46127891	-0.005053	-0.001042	-0.000835	-0.016721
chr2	46133862	47338001	-0.266229	-0.069095	-0.050481	-0.186073
chr2	47392666	48047775	-0.231247	-0.105442	-0.065001	-0.126216
chr2	48051332	48662788	0.188819	0.069901	0.050898	0.130689
chr2	48688383	49605314	0.024259	0.005028	0.003979	0.010377
chr2	49606108	50435363	0.332253	0.125306	0.089286	0.191291
chr2	50436327	51204112	0.100632	0.027276	0.020730	0.047259
chr2	51204164	52138135	0.005127	0.001618	0.001124	0.003381
chr2	52142628	52733054	-0.064516	-0.020010	-0.015035	-0.043663
chr2	52733105	53360056	0.143206	0.039988	0.029903	0.076013
chr2	53362639	54242995	0.287099	0.118909	0.081485	0.190029
chr2	54243064	54947127	0.157287	0.051286	0.038286	0.087832
chr2	54960731	56337607	0.087087	0.023141	0.015683	0.064220
chr2	56352085	56939970	0.029934	0.009361	0.005796	0.019427
chr2	56942473	57653279	0.052705	0.017259	0.010772	0.034569
chr2	57653919	58603428	0.100604	0.032852	0.021104	0.070822
chr2	58675933	60653316	-0.035453	-0.009330	-0.005658	-0.014039
chr2	60693134	63937346	0.209783	0.025475	0.020406	0.145538
chr2	64062147	65598856	0.083920	0.019294	0.011754	0.071467
chr2	65604542	66493451	-0.049395	-0.016998	-0.010042	-0.026554
chr2	66500266	67273793	0.066638	0.015481	0.011461	0.029636
chr2	67282740	68269419	-0.075457	-0.016096	-0.011115	-0.044665
chr2	68320133	69153879	-0.111447	-0.023520	-0.016494	-0.058157
chr2	69160723	70478573	-0.117876	-0.024080	-0.016913	-0.059053
chr2	70496256	71160788	-0.152192	-0.058948	-0.030868	-0.098537
chr2	71180953	72214878	0.260487	0.043715	0.032477	0.125936
chr2	72263122	73442722	0.303016	0.051623	0.043380	0.179454
chr2	73496596	74360332	0.026650	0.008995	0.006252	0.042077
chr2	74361933	74988835	-0.361659	-0.103220	-0.069324	-0.234561
chr2	75029334	76019408	0.328926	0.080260	0.066639	0.168689
chr2	76035844	77126952	0.160691	0.041100	0.032103	0.106943
chr2	77133806	82382158	-0.149123	-0.027280	-0.019334	-0.100736
chr2	82435595	83857401	0.249850	0.092180	0.068539	0.171801
chr2	83857414	85314437	0.064536	0.015172	0.010976	0.022106
chr2	85319862	86665915	-0.024000	-0.008729	-0.005882	-0.014572
chr2	86665951	88647629	-0.355162	-0.071594	-0.053517	-0.225217
chr2	88682281	90448277	0.086187	0.014519	0.011362	0.052195
chr2	90559089	92889273	0.070390	0.015761	0.011590	0.031881
chr2	92892509	94308651	-0.066644	-0.018598	-0.011551	-0.041044
chr2	94329087	95308297	0.105785	0.050271	0.031486	0.051035
chr2	95390996	97507048	0.113375	0.020262	0.011767	0.064503
chr2	97553893	99143626	-0.128730	-0.037142	-0.021150	-0.117934
chr2	99157062	99878384	0.287680	0.080580	0.057612	0.179762
chr2	99879049	100922607	0.185196	0.057236	0.038114	0.125620
chr2	100923686	101418186	0.293175	0.054950	0.042486	0.162732
chr2	101455245	102766082	0.052137	0.011325	0.008355	0.031707
chr2	102766172	106967109	0.268665	0.059512	0.042840	0.176386
chr2	106968905	108112309	0.523660	0.167494	0.114621	0.391610
chr2	108115648	108769539	0.363050	0.123561	0.091240	0.218551
chr2	108785403	110005440	0.035464	0.010712	0.007016	0.024289
chr2	110035727	111135649	0.190782	0.055081	0.040101	0.088581
chr2	111163828	112162732	0.365349	0.133015	0.092690	0.237585
chr2	112203179	113120792	0.248632	0.085795	0.053481	0.158231
chr2	113128068	113914648	0.355638	0.119808	0.079579	0.176875
chr2	113930242	114570250	0.006596	0.002860	0.001920	0.003625
chr2	114574164	115283602	-0.307870	-0.049360	-0.036845	-0.208317
chr2	115304629	115645433	-0.007009	-0.004122	-0.002270	-0.005077
chr2	115666901	116317038	0.421421	0.139197	0.087372	0.217578
chr2	116424369	117805771	0.282236	0.078556	0.057606	0.152671
chr2	117809442	118615259	-0.065238	-0.025893	-0.018182	-0.042746
chr2	118618416	119625802	0.070629	0.014421	0.008999	0.039245
chr2	119626019	121364292	-0.326996	-0.127111	-0.074184	-0.175715
chr2	121406559	122569099	-0.029179	-0.010175	-0.006328	-0.017092
chr2	122621429	124105360	0.262774	0.046934	0.035649	0.131068
chr2	124105890	125025194	-0.196805	-0.058743	-0.034718	-0.138417
chr2	125037034	126416878	0.425548	0.097999	0.066469	0.287549
chr2	126417115	128051324	0.145055	0.032387	0.023339	0.079710
chr2	128083379	128696294	0.264493	0.092979	0.066674	0.181141
chr2	128697494	129469060	0.300995	0.098234	0.065326	0.187307
chr2	129505182	130505991	-0.318332	-0.100407	-0.065004	-0.176789
chr2	130514423	131795461	-0.386771	-0.104072	-0.066455	-0.219326
chr2	131795610	133409673	-0.005979	-0.002093	-0.001331	-0.003745
chr2	133413920	134003889	0.192260	0.065197	0.048207	0.123779
chr2	134008675	136923242	0.309278	0.055276	0.045227	0.163366
chr2	136977194	137882916	0.066305	0.022714	0.014706	0.048006
chr2	137889282	138382686	-0.116114	-0.036629	-0.024984	-0.059107
chr2	138389667	138897992	-0.064407	-0.021752	-0.016957	-0.030574
chr2	138907314	139471974	-0.040719	-0.012768	-0.009596	-0.048570
chr2	139473317	140567521	0.015325	0.003572	0.002463	0.008241
chr2	140568066	141768199	0.056266	0.010290	0.008150	0.033738
chr2	141768202	142401470	0.040166	0.011295	0.008400	0.045078
chr2	142430039	144083448	0.350851	0.089926	0.062879	0.182741
chr2	144091014	145428429	-0.251208	-0.076010	-0.048884	-0.158295
chr2	145437481	148541323	0.327493	0.118335	0.084221	0.229379
chr2	148541342	149499725	0.258446	0.065385	0.047842	0.148184
chr2	149503192	150365334	0.027982	0.004896	0.004071	0.011350
chr2	150378114	151101132	0.072722	0.032965	0.022962	0.051144
chr2	151165636	151914004	-0.066470	-0.021741	-0.014451	-0.040655
chr2	151914181	152618100	0.119369	0.043116	0.030178	0.052687
chr2	152622871	153461383	0.126099	0.025510	0.018113	0.073694
chr2	153462316	154100228	0.184686	0.073224	0.044936	0.113581
chr2	154222413	155152255	-0.125886	-0.046624	-0.032012	-0.076611
chr2	155165231	156218173	-0.259229	-0.074061	-0.049443	-0.154884
chr2	156251674	157070008	0.234987	0.073968	0.054645	0.119675
chr2	157075119	159156883	0.071913	0.029454	0.018662	0.049765
chr2	159160286	160117993	-0.274665	-0.122979	-0.067579	-0.158510
chr2	160132688	160834846	-0.075653	-0.023213	-0.016217	-0.044055
chr2	160856359	162846806	0.014737	0.005657	0.003427	0.009655
chr2	162879084	163656811	0.489477	0.182196	0.137693	0.292650
chr3	165732	3017957	-0.086399	-0.008567	-0.007189	-0.069767
chr3	3081534	4415390	0.027282	0.004287	0.003333	0.005559
chr3	4440120	6137130	0.057032	0.010285	0.007974	0.031586
chr3	6137131	7197508	0.017758	0.006185	0.004316	0.019204
chr3	7203470	8382010	0.070637	0.019554	0.014226	0.042643
chr3	8382061	10412542	0.001381	0.000310	0.000225	-0.012837
chr3	10503132	12068540	-0.119864	-0.021623	-0.014693	-0.062343
chr3	12069363	13509701	0.004791	0.000979	0.000724	0.003080
chr3	13514863	14228868	0.265106	0.093097	0.060724	0.149240
chr3	14228869	15441835	-0.085714	-0.030342	-0.018630	-0.058101
chr3	15445251	16287318	0.237437	0.071006	0.056093	0.177849
chr3	16293464	17451971	0.063037	0.014600	0.011103	0.058824
chr3	17454388	18292639	-0.067497	-0.016257	-0.011641	-0.039124
chr3	18295079	19647375	0.199594	0.032280	0.026445	0.113155
chr3	19848440	22004242	-0.237713	-0.020572	-0.016107	-0.148032
chr3	22034503	22898381	-0.116807	-0.037754	-0.025091	-0.076207
chr3	22908912	23826347	0.082520	0.027262	0.020811	0.044248
chr3	23835326	24354778	0.332685	0.103888	0.072220	0.213386
chr3	24355456	25206356	-0.199287	-0.052262	-0.036863	-0.099563
chr3	25209834	25912086	-0.203957	-0.075108	-0.055871	-0.143140
chr3	25913683	26500600	0.269841	0.077019	0.057073	0.149353
chr3	26502803	27752587	0.164924	0.060348	0.037532	0.124045
chr3	27777225	29055727	-0.050292	-0.011906	-0.008074	-0.027406
chr3	29091306	30003400	0.088222	0.024034	0.014522	0.071577
chr3	30016775	30567479	0.373053	0.155742	0.100887	0.261144
chr3	30567958	31214997	0.413113	0.190183	0.110506	0.370222
chr3	31215867	32085313	0.169309	0.045003	0.028806	0.081998
chr3	32088494	33371053	0.449082	0.166002	0.113305	0.243750
chr3	33394382	33896045	0.168638	0.063945	0.043410	0.118326
chr3	33897215	34539790	0.161787	0.041954	0.029542	0.094808
chr3	34539851	35979553	0.216141	0.041876	0.029775	0.128194
chr3	35982869	36247085	-0.157730	-0.171795	-0.076455	-0.069223
chr3	36247086	37501143	-0.168819	-0.070500	-0.043393	-0.106726
chr3	37502146	39445667	-0.269730	-0.048201	-0.037547	-0.163553
chr3	39471968	40387606	-0.310329	-0.130850	-0.077079	-0.201372
chr3	40562823	41713178	-0.426840	-0.114545	-0.081556	-0.246619
chr3	41735579	43342993	0.376614	0.097827	0.077455	0.214900
chr3	43343254	43697299	-0.181576	-0.082869	-0.050714	-0.132012
chr3	43698339	44558579	-0.045254	-0.013015	-0.008419	-0.030799
chr3	44587037	45220457	-0.156000	-0.039325	-0.028693	-0.090606
chr3	45220566	45737649	0.246668	0.068215	0.051893	0.128182
chr3	45752412	46447038	-0.035333	-0.011830	-0.007608	-0.017640
chr3	46452276	47447474	-0.013151	-0.005253	-0.003111	-0.008532
chr3	47448168	48029981	0.182767	0.076711	0.050523	0.109454
chr3	48029985	48518409	-0.047495	-0.024327	-0.014226	-0.030660
chr3	48518477	49716160	0.153124	0.066194	0.037629	0.097173
chr3	49722500	50712699	-0.059384	-0.020517	-0.012388	-0.038389
chr3	50712701	51516258	0.265030	0.099035	0.076184	0.188214
chr3	51530773	52005747	0.015306	0.006056	0.003891	0.010345
chr3	52005865	52637298	-0.048982	-0.019140	-0.011518	-0.029264
chr3	52651273	53328611	0.078813	0.030714	0.021841	0.055596
chr3	53332026	54121401	0.325618	0.102798	0.078678	0.199873
chr3	54121408	54707698	0.338285	0.089753	0.060558	0.149063
chr3	54711608	55129176	-0.288059	-0.137845	-0.076859	-0.177550
chr3	55141228	56035339	0.021643	0.007689	0.005225	0.016200
chr3	56035420	56800447	0.196988	0.064081	0.043414	0.082900
chr3	56802487	57159171	0.074822	0.038567	0.025185	0.035533
chr3	57169246	57571895	0.339273	0.130049	0.084800	0.173578
chr3	57573325	57763449	0.074559	0.032899	0.022063	0.060523
chr3	57764184	58125534	-0.078010	-0.033068	-0.021124	-0.049041
chr3	58129656	58970621	0.068664	0.019738	0.014342	0.040438
chr3	58971989	61067572	-0.057010	-0.005275	-0.004253	-0.049363
chr3	61089998	62419616	-0.249574	-0.045912	-0.034765	-0.131764
chr3	62426974	63321545	-0.191761	-0.046552	-0.028656	-0.107914
chr3	63321555	63941925	-0.234640	-0.088118	-0.052620	-0.148092
chr3	63948741	64467385	-0.337288	-0.132337	-0.084295	-0.235378
chr3	64479978	66297060	0.227507	0.056612	0.037798	0.163129
chr3	66297061	66914830	-0.167582	-0.059959	-0.040702	-0.130686
chr3	66935846	67858585	0.109604	0.030603	0.019199	0.064223
chr3	67874119	69044960	0.205627	0.058875	0.039223	0.111173
chr3	69080345	70521143	0.093187	0.024789	0.015346	0.054183
chr3	70528692	71731179	-0.032124	-0.010125	-0.006278	-0.025349
chr3	71796072	73521875	0.133089	0.029055	0.019739	0.076209
chr3	73523577	74871399	0.321429	0.075252	0.053902	0.219226
chr3	74941007	75655662	-0.340853	-0.155568	-0.088292	-0.186333
chr3	75655884	76171304	0.128551	0.066335	0.044081	0.086046
chr3	76171835	76824871	-0.201750	-0.071999	-0.048250	-0.146281
chr3	76829581	77348849	-0.147681	-0.046973	-0.030132	-0.077410
chr3	77522937	79865503	0.079302	0.026558	0.016872	0.042298
chr3	79894935	80758021	0.236725	0.061077	0.043718	0.128340
chr3	80787577	82163220	0.200000	0.036389	0.025680	0.111637
chr3	82220468	84108585	-0.273924	-0.091836	-0.055548	-0.138953
chr3	84109636	84773792	-0.088591	-0.029412	-0.020947	-0.048817
chr3	84841712	85621311	0.182139	0.048643	0.030282	0.093205
chr3	85621317	86807206	0.204250	0.046730	0.029339	0.077597
chr3	86856314	87894877	0.143418	0.039617	0.026981	0.084491
chr3	87941018	89182029	0.134619	0.039925	0.026461	0.071008
chr3	89212460	90906233	0.376190	0.082733	0.061985	0.241221
chr3	90917748	92135387	0.280902	0.097459	0.064209	0.214784
chr3	92137357	93315625	-0.011547	-0.004379	-0.002710	-0.009265
chr3	93326277	96313237	-0.029183	-0.009041	-0.005739	-0.031107
chr3	96318708	98112949	0.169158	0.051014	0.040213	0.089877
chr3	98113706	98629519	-0.029457	-0.008646	-0.006757	-0.035090
chr3	98689103	99970001	0.009643	0.002596	0.001907	0.005633
chr3	99978165	102607532	0.031185	0.007021	0.004765	0.014587
chr3	102611606	103643484	-0.075747	-0.024743	-0.017651	-0.044218
chr3	103711030	105684085	-0.024135	-0.003937	-0.002992	-0.038335
chr3	105690198	107397497	0.184884	0.046695	0.030496	0.149425
chr3	107432842	108800490	-0.074289	-0.015212	-0.011218	-0.060596
chr3	108814779	109839407	-0.177738	-0.039693	-0.028670	-0.116334
chr3	109848306	111830772	0.150943	0.047755	0.030263	0.098501
chr3	111830846	113104523	0.111932	0.048360	0.029776	0.077443
chr3	113232921	113902496	0.022841	0.009911	0.006734	0.013781
chr3	113918627	114703435	-0.010868	-0.004096	-0.002866	-0.007829
chr3	114710306	115526319	0.090979	0.024664	0.017486	0.044464
chr3	115530310	116764570	-0.001432	-0.000370	-0.000286	0.002068
chr3	116770699	117328986	0.152378	0.050076	0.037208	0.108434
chr3	117331645	117681137	-0.294987	-0.120726	-0.075297	-0.134961
chr3	117704327	118727760	-0.058153	-0.024750	-0.014071	-0.046337
chr3	118738267	119517256	0.020552	0.009498	0.005687	0.014694
chr3	119544284	120534507	0.392442	0.113828	0.081591	0.246809
chr3	120534717	121629250	0.234184	0.077268	0.057630	0.180622
chr3	121633963	122280226	0.125874	0.041518	0.031127	0.063098
chr3	122298987	122955869	0.037843	0.015479	0.011394	0.024439
chr3	122955871	123738243	-0.270729	-0.079782	-0.053869	-0.160640
chr3	123738434	124296724	-0.364865	-0.167442	-0.093125	-0.252979
chr3	124302580	125435128	0.114475	0.049117	0.032889	0.075015
chr4	2208411	4125583	0.034505	0.016249	0.010011	0.021471
chr4	4198411	6525820	0.267769	0.044762	0.036078	0.141176
chr4	6527349	7302993	0.007405	0.001931	0.001362	-0.002080
chr4	7373875	7996296	-0.082896	-0.036197	-0.024462	-0.054370
chr4	8015044	9749650	-0.231985	-0.065104	-0.037599	-0.129885
chr4	9801026	11257813	0.108574	0.018555	0.015403	0.063197
chr4	11257814	12761428	0.124452	0.034786	0.027737	0.094857
chr4	12761714	13388979	0.029961	0.011756	0.006038	0.002089
chr4	13399930	14337136	0.293572	0.104155	0.074316	0.230584
chr4	14338882	15604936	0.195266	0.036909	0.027367	0.122506
chr4	15606844	16517079	-0.036801	-0.015240	-0.009064	-0.013935
chr4	16517490	17182412	0.310693	0.111695	0.076818	0.222115
chr4	17188233	17923186	-0.008165	-0.004574	-0.002533	-0.005096
chr4	17932420	19433189	-0.059059	-0.019382	-0.012563	-0.041696
chr4	19435799	20978117	-0.263755	-0.093134	-0.061854	-0.198413
chr4	21029431	21437520	-0.025769	-0.008583	-0.005688	-0.033708
chr4	21439981	22099403	-0.093361	-0.033753	-0.019082	-0.058137
chr4	22106629	22530108	0.251789	0.089315	0.067776	0.109744
chr4	22594454	23904056	0.017032	0.003418	0.001988	0.010393
chr4	23907753	24756258	-0.248087	-0.075681	-0.050334	-0.153222
chr4	24756407	26109599	-0.120118	-0.036331	-0.025414	-0.063411
chr4	26120826	27764004	-0.043217	-0.009997	-0.006791	-0.032078
chr4	27773311	29362336	0.003330	0.000812	0.000583	0.009180
chr4	29371819	30019897	-0.107505	-0.027807	-0.020936	-0.067004
chr4	30088033	31225347	0.050574	0.014066	0.009850	0.026068
chr4	31334313	32937980	0.199100	0.036623	0.026137	0.089330
chr4	32938704	34173821	0.148401	0.033185	0.026644	0.084810
chr4	34186552	35670960	-0.072883	-0.020544	-0.014701	-0.050000
chr4	35770253	38790907	0.130161	0.031432	0.021701	0.084277
chr4	38845560	40778050	-0.156531	-0.050408	-0.029845	-0.114203
chr4	40796682	41641858	0.244543	0.100402	0.064963	0.199723
chr4	41641872	43224658	0.072967	0.008485	0.007015	0.031052
chr4	43224693	44304247	0.114681	0.043660	0.027816	0.082969
chr4	44304290	47238474	0.033015	0.008743	0.006373	0.021615
chr4	47389322	48070289	-0.127302	-0.030275	-0.019873	-0.067287
chr4	48094487	49418151	-0.134765	-0.033917	-0.021251	-0.087140
chr4	49446405	50041864	-0.146821	-0.052686	-0.029518	-0.087889
chr4	50047688	52033917	0.216915	0.035048	0.024783	0.128218
chr4	52089168	53540078	0.130351	0.038005	0.026638	0.087817
chr4	53541629	55380064	-0.187031	-0.045106	-0.031215	-0.097425
chr4	55380400	56357032	0.137907	0.053048	0.030228	0.078762
chr4	56358324	56883551	0.110179	0.035053	0.023937	0.054264
chr4	56888050	58001081	0.120711	0.030118	0.021660	0.083510
chr4	58005674	60127086	-0.064237	-0.014888	-0.010227	-0.042868
chr4	60149058	61066725	-0.069888	-0.014632	-0.009930	-0.043316
chr4	61132836	64189602	0.114581	0.019676	0.015345	0.055627
chr4	64189609	66173292	0.082349	0.018251	0.013013	0.065601
chr4	66329543	67457479	0.298604	0.067044	0.052450	0.196980
chr4	67489570	68831747	-0.090333	-0.029109	-0.019745	-0.056758
chr4	68831749	69835788	-0.031050	-0.013054	-0.008021	-0.020045
chr4	69866243	70602754	-0.012510	-0.004660	-0.002591	0.001110
chr4	70605254	71262286	0.447484	0.163371	0.114791	0.277854
chr4	71262287	72580359	0.037549	0.012777	0.008163	0.027027
chr4	72596246	74553550	-0.001725	-0.000500	-0.000303	-0.009319
chr4	74718157	75975440	0.108657	0.033049	0.022105	0.070342
chr4	76006908	77131341	0.188947	0.057247	0.041489	0.126290
chr4	77142473	78360889	-0.012146	-0.003996	-0.002641	-0.015681
chr4	78420942	80932476	0.180148	0.051841	0.035396	0.100157
chr4	80942736	81692388	0.227182	0.084840	0.060829	0.171260
chr5	324431	1393356	0.151758	0.057004	0.041815	0.123444
chr5	1432969	2074325	-0.268657	-0.085137	-0.058478	-0.173390
chr5	2113138	2673328	0.228294	0.109125	0.067118	0.154578
chr5	2691477	3232352	0.067173	0.020299	0.014329	0.013160
chr5	3232791	3680638	0.467978	0.146509	0.110302	0.239389
chr5	3696320	4179377	0.168647	0.057297	0.040927	0.077794
chr5	4180983	4687580	-0.373362	-0.191973	-0.121019	-0.224756
chr5	4688850	5251826	0.194227	0.058429	0.043304	0.088894
chr5	5261150	5842021	-0.410149	-0.168506	-0.105372	-0.297918
chr5	5842672	6594610	0.221669	0.048750	0.034805	0.113665
chr5	6599373	7306239	-0.074474	-0.028565	-0.020595	-0.030562
chr5	7306507	8053508	0.012381	0.004760	0.003210	0.008010
chr5	8054410	8525459	0.127505	0.039677	0.025051	0.098039
chr5	8528244	8865745	-0.102876	-0.038945	-0.025003	-0.071687
chr5	8875966	9381081	-0.095548	-0.032873	-0.019923	-0.048578
chr5	9381338	9838330	0.527266	0.165902	0.126106	0.329041
chr5	9842146	10401647	0.392069	0.174977	0.120990	0.251695
chr5	10433667	11547584	0.132562	0.025957	0.018218	0.067993
chr5	11550245	12113918	0.355065	0.093379	0.071733	0.222956
chr5	12114199	12982048	0.035893	0.009273	0.007122	0.022633
chr5	13006834	13429083	0.113595	0.040919	0.027419	0.054132
chr5	13535085	13961089	0.074025	0.025183	0.016805	0.038087
chr5	13986310	14485239	0.288824	0.065504	0.049762	0.129951
chr5	14497785	15015555	0.029964	0.010361	0.006660	0.005133
chr5	15015560	15411845	0.288462	0.087099	0.065565	0.148148
chr5	15411848	16152682	0.136531	0.039257	0.027070	0.088871
chr5	16155489	16655967	-0.124098	-0.052554	-0.034044	-0.102024
chr5	16656272	17216321	0.239414	0.074256	0.055430	0.137976
chr5	17258834	19192275	0.081746	0.014164	0.010845	0.037492
chr5	19204179	21867854	0.299373	0.084216	0.057177	0.190747
chr5	22015175	22778762	0.104909	0.038045	0.023660	0.093858
chr5	22805142	24168842	0.070620	0.011559	0.008871	0.037232
chr5	24174120	25102354	0.149896	0.030173	0.022972	0.096568
chr5	25126509	26655334	0.177515	0.031383	0.024197	0.126377
chr5	26678360	27975967	-0.125540	-0.041039	-0.023408	-0.082174
chr5	27988058	29214633	-0.248077	-0.053410	-0.034778	-0.141789
chr5	29280687	30374243	0.133052	0.027961	0.018142	0.079126
chr5	30383084	31692960	-0.102513	-0.022699	-0.015113	-0.066761
chr5	31977489	33898958	0.136896	0.023904	0.018429	0.066970
chr5	33899895	37634137	0.188911	0.030071	0.020453	0.104630
chr5	37767062	39577312	0.201220	0.028864	0.022565	0.097325
chr5	39578103	41262067	0.081153	0.012730	0.009783	0.043496
chr5	41319053	42654809	0.298374	0.055784	0.043409	0.191255
chr5	42665946	43553331	-0.181614	-0.045614	-0.031150	-0.139082
chr5	43554778	45200079	-0.041327	-0.009973	-0.007001	-0.025305
chr5	45204283	47879800	-0.018341	-0.004192	-0.002805	-0.008518
chr5	47880973	48825352	-0.336746	-0.093598	-0.056181	-0.241023
chr5	48828574	50255815	-0.214381	-0.068166	-0.043017	-0.187973
chr5	50259090	52244428	0.161192	0.022845	0.016457	0.105970
chr5	52244429	52940016	-0.340461	-0.107477	-0.061870	-0.160248
chr5	52940566	54459056	-0.132182	-0.023012	-0.017765	-0.084440
chr5	54665620	57045738	-0.134738	-0.015326	-0.012475	-0.071842
chr5	57053752	57554710	-0.251656	-0.092070	-0.054928	-0.170891
chr5	57597453	59592331	0.116446	0.028888	0.022556	0.102679
chr5	59644005	60580126	-0.100372	-0.026299	-0.017559	-0.058568
chr5	60586532	61504672	0.076987	0.027747	0.018532	0.035596
chr5	61671653	62708474	0.282082	0.061591	0.046905	0.145466
chr5	62727604	63672301	-0.041160	-0.014433	-0.010824	-0.027394
chr5	63675485	64963793	-0.115799	-0.052365	-0.034109	-0.090399
chr5	65002856	65852690	0.131313	0.061129	0.043761	0.081226
chr5	65858264	66842148	0.301359	0.063080	0.043486	0.215858
chr5	66881263	67520877	0.175936	0.070231	0.046049	0.094597
chr5	67532432	68377935	-0.059777	-0.021615	-0.013927	-0.035251
chr5	68393428	69121758	0.035160	0.015543	0.010695	0.038615
chr5	69130728	69876173	0.126863	0.043962	0.030427	0.082602
chr5	69878001	70451274	0.116776	0.045245	0.028882	0.071776
chr6	354047	977762	0.185695	0.059784	0.044479	0.144702
chr6	984023	1517730	0.087165	0.032270	0.021667	0.056056
chr6	1552455	2403866	-0.074241	-0.026382	-0.016727	-0.048137
chr6	2408371	3658172	-0.178647	-0.055567	-0.034765	-0.083153
chr6	3688176	4757573	0.174648	0.071829	0.051332	0.108645
chr6	4759361	5222255	-0.061991	-0.032363	-0.018834	-0.043432
chr6	5231186	5735899	0.278723	0.079986	0.062033	0.127830
chr6	5774309	6302793	-0.122117	-0.046193	-0.033324	-0.082160
chr6	6302815	7225056	-0.071711	-0.028755	-0.019354	-0.051798
chr6	7225119	8201478	0.085907	0.029339	0.020457	0.057456
chr6	8204444	8837549	0.125209	0.059289	0.038161	0.079759
chr6	8840741	9115851	0.260489	0.098837	0.068618	0.162180
chr6	9122411	10273691	0.313864	0.068339	0.048278	0.194217
chr6	10277992	10851123	0.171065	0.078021	0.047329	0.112108
chr6	10857362	11507096	-0.012221	-0.004533	-0.002728	-0.008361
chr6	11514173	11873633	-0.049963	-0.019161	-0.012092	-0.040136
chr6	11874233	12634726	-0.081883	-0.022226	-0.015867	-0.037630
chr6	12637043	13193543	-0.096535	-0.043624	-0.027991	-0.057802
chr6	13196404	14025527	-0.173772	-0.061001	-0.040459	-0.089989
chr6	14058062	14741443	0.282071	0.085092	0.061485	0.168629
chr6	14745580	15819327	0.096174	0.029141	0.022294	0.056510
chr6	15823643	16365433	-0.094488	-0.026381	-0.020055	-0.051075
chr6	16383447	18721706	-0.059911	-0.011682	-0.007740	-0.034466
chr6	18788286	19641238	-0.054884	-0.030087	-0.017368	-0.029228
chr6	19642215	20693549	0.168839	0.037536	0.026054	0.135149
chr6	20709721	21383521	-0.099047	-0.028253	-0.016545	-0.070205
chr6	21560089	23686048	-0.377084	-0.084913	-0.058595	-0.201143
chr6	23704992	24745969	-0.140468	-0.045238	-0.032759	-0.080563
chr6	24755933	25390779	-0.151316	-0.043485	-0.030749	-0.093661
chr6	25409469	26004260	-0.261705	-0.079330	-0.055769	-0.166159
chr6	26004570	26865903	0.020238	0.004895	0.003479	0.013705
chr6	26881494	28526289	0.204314	0.044739	0.031653	0.116184
chr6	28526290	31221938	0.013220	0.001771	0.001544	0.010159
chr6	31429858	33861757	-0.110926	-0.013037	-0.011135	-0.072260
chr6	33861768	36006351	0.032047	0.005314	0.004311	0.027910
chr6	36330701	39120024	-0.045638	-0.006441	-0.004693	-0.019455
chr6	39178472	39589704	-0.121044	-0.066062	-0.040134	-0.070183
chr6	39596376	40288795	0.001725	0.000803	0.000494	0.001468
chr6	40306850	40927422	0.108654	0.034358	0.026088	0.069955
chr6	40968845	41454212	0.121201	0.027661	0.022293	0.069364
chr6	41454838	41987774	0.170279	0.034029	0.027883	0.067073
chr6	41990001	42535006	-0.204158	-0.079424	-0.043256	-0.148473
chr6	42536682	43277041	0.042594	0.010993	0.007624	0.035168
chr6	43309816	44028504	-0.103546	-0.032382	-0.024404	-0.066479
chr6	44042773	44770709	-0.054955	-0.013905	-0.010823	-0.033079
chr6	44831539	45412999	0.187179	0.047738	0.036086	0.112955
chr6	45416141	45667294	-0.047839	-0.021117	-0.015017	-0.034792
chr6	45680106	46160776	0.374175	0.151989	0.103140	0.220160
chr6	46163886	46734776	0.270762	0.107684	0.069347	0.208929
chr6	46739052	47276652	0.257836	0.115620	0.085313	0.154079
chr6	47290840	47787516	0.045376	0.019417	0.012558	0.022670
chr6	47789471	48050916	-0.063842	-0.023023	-0.015730	-0.032489
chr6	48051688	48214529	0.246136	0.158166	0.106708	0.154651
chr6	48226067	48595971	-0.214972	-0.097015	-0.061321	-0.165337
chr6	48599443	49245948	0.108308	0.023403	0.017739	0.058137
chr6	49246171	49841316	-0.270223	-0.105699	-0.064828	-0.214878
chr6	49851375	50633964	0.233121	0.071879	0.054628	0.113280
chr6	50665492	51154062	0.074240	0.019678	0.014070	0.038411
chr6	51232208	51689877	0.060640	0.019054	0.013563	0.053443
chr6	51690207	51911786	0.091964	0.032902	0.022208	0.066580
chr7	558283	1269213	0.095290	0.034606	0.024090	0.055520
chr7	1269956	1886819	-0.051148	-0.021102	-0.012807	-0.029465
chr7	1906280	2467823	0.029083	0.010252	0.007008	0.014368
chr7	2504395	2940860	0.327124	0.167862	0.106677	0.240071
chr7	2942926	3572787	0.082299	0.032301	0.021616	0.071677
chr7	3594035	3978394	-0.147749	-0.041789	-0.028272	-0.099948
chr7	3982405	4392759	-0.084626	-0.033186	-0.021038	-0.052239
chr7	4398082	5159983	0.122546	0.047742	0.033814	0.078401
chr7	5160210	5664734	-0.078371	-0.032310	-0.021739	-0.056085
chr7	5677429	6100230	0.355896	0.124254	0.088729	0.203255
chr7	6103098	7187626	-0.117383	-0.034023	-0.022931	-0.074344
chr7	7191584	8447168	-0.040119	-0.014978	-0.009297	-0.029716
chr7	8449471	9017160	-0.164548	-0.036465	-0.023860	-0.122135
chr7	9030488	9537931	0.105118	0.037494	0.025207	0.072987
chr7	9540780	10040521	-0.286094	-0.131416	-0.068107	-0.208533
chr7	10059921	11307963	-0.263528	-0.057518	-0.037554	-0.163256
chr7	11346650	12980553	0.149474	0.031603	0.021061	0.088379
chr7	13010037	14589722	0.068581	0.012407	0.009210	0.047902
chr7	14624010	16162425	0.024149	0.004340	0.003073	0.014315
chr7	16216611	19178458	-0.169105	-0.033485	-0.024277	-0.119859
chr7	19181783	21323450	0.101149	0.016791	0.013651	0.055799
chr7	21352793	22370526	0.117381	0.031446	0.022191	0.084596
chr7	22413218	24282430	0.129235	0.018007	0.014085	0.098565
chr7	24341443	26739970	0.111043	0.017742	0.013725	0.089475
chr7	26836233	28677979	0.030939	0.006895	0.004729	0.014496
chr7	28679754	29719277	-0.262941	-0.051027	-0.034074	-0.143500
chr7	29722807	31953457	0.064071	0.008925	0.006617	0.039313
chr7	31954356	33962534	0.162213	0.020261	0.016314	0.103136
chr7	33981370	34390833	0.144279	0.041102	0.031142	0.071202
chr7	34398958	34724184	-0.076433	-0.031936	-0.018610	-0.039933
chr7	34728194	35187678	-0.343957	-0.131249	-0.079747	-0.201357
chr7	35192643	36094587	0.266635	0.095019	0.065560	0.163583
chr7	36095621	36419572	-0.034894	-0.015527	-0.009968	-0.026962
chr7	36438865	37722494	0.098305	0.018756	0.014923	0.051267
chr7	37742658	38897772	-0.271974	-0.082147	-0.050263	-0.171251
chr7	38940758	40605757	0.142432	0.022549	0.015293	0.089904
chr7	40628591	40910669	0.046325	0.023077	0.012733	0.024679
chr7	40914037	41220741	-0.010778	-0.006065	-0.003464	0.006806
chr7	41224696	41911561	0.189382	0.065022	0.041031	0.128600
chr7	41933410	42510869	0.242099	0.070183	0.048646	0.173908
chr7	42512363	43535825	0.208696	0.047990	0.038564	0.104348
chr7	43537199	44099504	0.077419	0.028253	0.019079	0.039059
chr7	44119437	44593314	0.189059	0.062270	0.043869	0.095704
chr7	44638847	45450650	0.196668	0.052229	0.034339	0.105825
chr7	45451209	45724226	-0.187663	-0.086548	-0.047343	-0.107002
chr7	45736380	46146703	0.161133	0.065561	0.043561	0.113208
chr7	46154713	46676255	0.080087	0.025632	0.019957	0.057364
chr7	46679258	47197239	0.090776	0.046261	0.031498	0.069112
chr8	276894	828703	0.231148	0.088763	0.068076	0.153657
chr8	829507	1365262	-0.023415	-0.008703	-0.006004	-0.015068
chr8	1368590	1840141	0.193976	0.074074	0.049714	0.113942
chr8	1840508	2390627	0.129527	0.057337	0.039447	0.073925
chr8	2390677	2656523	-0.303565	-0.224968	-0.113622	-0.151608
chr8	2681111	3126744	-0.101772	-0.042110	-0.027385	-0.071601
chr8	3150197	3726042	0.130058	0.042955	0.029829	0.086042
chr8	3868886	4313936	0.221377	0.084648	0.052595	0.153941
chr8	4358074	4675898	-0.131195	-0.051053	-0.031826	-0.070699
chr8	4675928	5073635	0.279638	0.122197	0.078547	0.205489
chr8	5089743	5297398	0.150294	0.080402	0.042788	0.057087
chr8	5305925	5593069	0.130769	0.059175	0.037049	0.053842
chr8	5611999	5868177	0.182202	0.092232	0.055854	0.126722
chr8	5871119	6189935	-0.019807	-0.009335	-0.005565	-0.013370
chr8	6194065	6479432	0.132363	0.044931	0.031392	0.071361
chr8	6482910	6695033	-0.107037	-0.062478	-0.035799	-0.067328
chr8	6698875	7181173	-0.081110	-0.024647	-0.017123	-0.063076
chr8	7182251	7486229	0.095270	0.049485	0.028605	0.058418
chr8	7490800	7900542	0.254390	0.107719	0.075328	0.125959
chr8	7921441	8197516	-0.008975	-0.003489	-0.002488	-0.013559
chr8	8200423	8586953	0.013625	0.004746	0.002744	0.005871
chr8	8587670	9366483	0.195475	0.055162	0.036249	0.109312
chr8	9377699	10029011	-0.020110	-0.007274	-0.003977	-0.005753
chr8	10029067	11025034	0.125513	0.037453	0.023344	0.081626
chr8	11138580	12869753	0.147713	0.032873	0.023795	0.085941
chr8	12883568	13646050	0.124088	0.051227	0.030925	0.084457
chr8	13731244	15344487	-0.033185	-0.006968	-0.004444	0.001013
chr8	15347003	16567346	-0.158909	-0.029464	-0.021801	-0.078598
chr8	16589551	18732953	-0.232204	-0.039653	-0.026968	-0.152670
chr8	18878653	21587601	-0.102860	-0.013921	-0.010841	-0.084682
chr8	21587603	24022143	0.111164	0.015940	0.012702	0.067239
chr8	24028223	25943985	0.065548	0.009650	0.007688	0.041325
chr8	25995809	27971177	-0.074113	-0.014530	-0.010368	-0.045955
chr8	28060263	29680354	-0.131779	-0.026177	-0.017806	-0.086693
chr8	29682632	30835250	0.160271	0.031347	0.021985	0.124111
chr8	30836433	31537604	0.009321	0.001467	0.001117	0.004367
chr8	31564555	32579620	-0.219662	-0.062720	-0.037604	-0.143918
chr8	32616382	33881167	-0.191987	-0.039173	-0.026991	-0.122405
chr8	33881209	34265983	0.106593	0.041948	0.028450	0.057374
chr8	34273998	34820455	-0.027054	-0.005661	-0.004418	-0.028526
chr8	34821074	35269116	-0.072822	-0.022921	-0.015497	-0.048038
chr8	35270021	35751685	-0.043495	-0.014066	-0.009699	-0.023739
chr8	35752489	36192363	0.109297	0.039136	0.023727	0.074733
chr8	36215175	36663721	-0.223280	-0.086193	-0.056177	-0.147588
chr8	36663972	37221196	-0.058179	-0.017769	-0.011296	-0.033205
chr8	37237576	37758263	-0.071782	-0.020603	-0.014227	-0.059898
chr8	37762279	38403960	-0.183412	-0.043850	-0.028464	-0.085790
chr8	38407709	38799644	0.051300	0.014884	0.010568	0.032982
chr8	38808877	39502765	-0.124200	-0.043763	-0.026568	-0.072550
chr8	39543897	40083289	-0.048343	-0.013669	-0.009475	-0.062868
chr8	40086553	40325905	0.093615	0.035548	0.024335	0.038304
chr8	40330065	40719924	0.060157	0.021281	0.013871	0.032839
chr8	40727100	41265317	0.331453	0.074662	0.057556	0.170141
chr8	41280693	41887613	0.310884	0.081430	0.055832	0.190964
chr8	41890751	42475156	0.163032	0.085118	0.047699	0.099277
chr8	42475175	42935487	0.223217	0.099361	0.071407	0.157683
chr8	42955915	43410701	-0.168151	-0.069956	-0.040916	-0.089614
chr9	415995	1031154	0.093677	0.038122	0.025071	0.061511
chr9	1031181	2246177	0.180942	0.066306	0.046841	0.107440
chr9	2246180	2788033	0.047375	0.020111	0.012953	0.029247
chr9	2788676	3542781	-0.071183	-0.028016	-0.017438	-0.040312
chr9	3561106	3990882	0.201201	0.072570	0.045042	0.090090
chr9	4011281	4385892	0.031746	0.008440	0.006126	0.016925
chr9	4404371	4790417	0.008432	0.003656	0.002145	0.004388
chr9	4790692	5285564	0.033333	0.017557	0.010479	0.023072
chr9	5341611	6619963	-0.213158	-0.075630	-0.051576	-0.135622
chr9	6674618	7238885	-0.342020	-0.153264	-0.079950	-0.211618
chr9	7240536	9356119	-0.087080	-0.017514	-0.010506	-0.061053
chr9	9356178	10377539	0.143081	0.054612	0.030124	0.097217
chr9	10387961	10787847	-0.133978	-0.042251	-0.029230	-0.068275
chr9	10788140	11207948	0.092168	0.050159	0.030771	0.063393
chr9	11213182	11841039	-0.211289	-0.061987	-0.039452	-0.153661
chr9	11878262	12718832	-0.022752	-0.005700	-0.003674	-0.014925
chr9	12722090	13516279	0.150558	0.032638	0.022174	0.088877
chr9	13520231	13838279	0.166979	0.056628	0.037161	0.101081
chr9	13838923	14512407	0.060044	0.018995	0.012789	0.040352
chr9	14513093	15422569	0.304767	0.098298	0.074854	0.161019
chr9	15445073	16544600	-0.052813	-0.019772	-0.012451	-0.033285
chr9	16558557	17428447	0.148434	0.024694	0.019659	0.078592
chr9	17443641	18705991	-0.161025	-0.040208	-0.026343	-0.117909
chr9	18741626	20908500	0.089054	0.009703	0.007163	0.053542
chr9	20988839	24014336	-0.033599	-0.004109	-0.003524	-0.022291
chr9	24216462	26401883	0.256806	0.046007	0.034590	0.158791
chr9	26405076	28053470	-0.012921	-0.002488	-0.001768	-0.004858
chr9	28054403	28921887	-0.020095	-0.007264	-0.004719	-0.028880
chr9	28922507	30203446	0.013152	0.002877	0.002196	0.009253
chr9	30217734	31305392	-0.396359	-0.082585	-0.051872	-0.283732
chr9	31318305	31597018	-0.322646	-0.106678	-0.070575	-0.281179
chr9	31599457	32561132	0.205760	0.046827	0.033028	0.125794
chr9	32561250	33552662	-0.078129	-0.032542	-0.021286	-0.057154
chr9	33588843	34528844	-0.026730	-0.010199	-0.005950	-0.020152
chr9	34535845	35304270	0.237283	0.072865	0.048989	0.132978
chr9	35304809	35791869	-0.050416	-0.020248	-0.011583	-0.037064
chr9	35793051	36239694	0.103484	0.050249	0.035981	0.066071
chr9	36239740	36911261	-0.168407	-0.059930	-0.037080	-0.078897
chr9	36911483	37770742	0.093946	0.031646	0.023955	0.062958
chr9	37773424	38483448	0.115443	0.052119	0.033903	0.067793
chr9	38494457	38680136	-0.031935	-0.017662	-0.012078	-0.021474
chr9	38703880	39351530	0.089630	0.032108	0.022185	0.049312
chr9	39393282	40020641	0.150506	0.052111	0.032098	0.061642
chr9	40023926	40450898	-0.299335	-0.149353	-0.081878	-0.153453
chr9	40461342	41269576	0.010188	0.003638	0.002336	0.014647
chr9	41270740	42258139	0.008600	0.003144	0.001885	0.005054
chr9	42310494	43024178	-0.066577	-0.029885	-0.017785	-0.046134
chr10	341600	4017534	-0.050251	-0.007774	-0.005558	-0.012663
chr10	4017557	7416882	0.317261	0.047318	0.036639	0.229268
chr10	7496758	10837047	-0.068030	-0.007492	-0.005902	-0.046696
chr10	10837094	13735328	-0.066667	-0.010540	-0.007866	-0.040371
chr10	13804875	16275893	-0.243846	-0.041731	-0.029176	-0.162591
chr10	16285224	18352118	-0.223668	-0.029253	-0.024233	-0.193220
chr10	18369760	19337232	-0.173956	-0.030975	-0.025832	-0.129380
chr10	19339476	20188121	-0.105411	-0.018546	-0.014823	-0.060963
chr10	20243606	21455786	0.308910	0.061570	0.044439	0.190106
chr10	21493336	23578919	0.083457	0.020991	0.013347	0.062709
chr10	23624628	25173974	0.174432	0.033881	0.027278	0.094216
chr10	25188588	25841556	-0.237476	-0.112927	-0.066830	-0.138609
chr10	25841576	26578905	0.132385	0.032690	0.023159	0.057193
chr10	26585693	26912321	-0.225335	-0.093222	-0.061687	-0.138369
chr10	26912323	27579076	0.389089	0.095894	0.081528	0.253566
chr10	27583245	28848453	-0.083263	-0.017076	-0.012179	-0.042987
chr10	28849285	29722174	-0.024407	-0.008529	-0.005019	-0.014956
chr10	29745815	30717159	0.183060	0.049940	0.036911	0.119857
chr10	30733041	31020895	-0.102479	-0.034281	-0.021875	-0.049093
chr10	31022860	31650572	0.257114	0.093083	0.060454	0.173316
chr10	31661893	32964952	0.042072	0.009804	0.007156	0.027328
chr10	32965251	33474882	0.081979	0.029489	0.019671	0.052306
chr10	33479730	33974861	-0.045545	-0.014564	-0.009454	-0.030997
chr10	33997410	34630885	0.263036	0.060963	0.042836	0.163839
chr10	34631521	35547789	-0.082824	-0.034829	-0.022710	-0.078478
chr10	35551372	36250135	0.001386	0.000518	0.000357	0.001052
chr10	36289898	36842134	-0.260025	-0.143252	-0.076866	-0.124438
chr10	36842195	37314849	0.317871	0.153404	0.081590	0.188727
chr10	37317107	38257317	0.012150	0.004480	0.002797	0.000000
chr10	38275165	39005199	-0.128016	-0.044341	-0.027938	-0.080829
chr10	39006723	39470803	0.039985	0.011952	0.007988	0.012503
chr10	39470804	40222788	0.207241	0.071675	0.051465	0.113699
chr10	40229158	41137705	0.235783	0.069179	0.055101	0.161347
chr11	1340573	2718948	-0.106520	-0.039516	-0.025351	-0.091426
chr11	2727646	3143422	0.385507	0.116213	0.086537	0.247900
chr11	3146091	3678756	0.150222	0.052438	0.035356	0.098082
chr11	3684562	4023814	-0.006818	-0.003029	-0.001981	-0.018100
chr11	4029440	4327706	0.253445	0.100129	0.068884	0.144213
chr11	4330575	4732317	-0.064215	-0.042571	-0.021554	-0.036690
chr11	4741214	5265615	0.231964	0.079208	0.056838	0.148804
chr11	5284548	5702214	0.148323	0.056814	0.040443	0.114493
chr11	5702552	6014260	0.035071	0.015281	0.009715	0.020268
chr11	6030241	6635425	0.223442	0.067431	0.051160	0.137971
chr11	6644229	7412580	-0.145571	-0.049453	-0.032987	-0.080324
chr11	7414379	7679303	0.250464	0.083041	0.053305	0.153096
chr11	7681485	7951284	-0.049142	-0.014382	-0.010408	-0.037455
chr11	7960271	8330636	0.212918	0.111275	0.075074	0.125637
chr11	8331512	8639742	0.069840	0.026675	0.019127	0.041653
chr11	8646955	9191372	0.005275	0.001953	0.001069	0.000000
chr11	9207031	9671513	0.071403	0.026036	0.013665	0.034734
chr11	9672933	10401882	-0.150791	-0.035325	-0.023984	-0.121197
chr11	10420663	11072810	-0.094077	-0.020999	-0.014765	-0.061169
chr11	11075552	11355555	0.103563	0.026039	0.020438	0.034944
chr11	11366951	11761114	0.006064	0.001554	0.001121	0.001593
chr11	11790536	12590767	0.074950	0.016955	0.011336	0.049772
chr11	12603325	13565308	-0.067119	-0.011142	-0.007292	-0.050056
chr11	13570306	14181803	0.094382	0.022099	0.016219	0.038975
chr11	14182214	14746405	0.287559	0.099805	0.062660	0.184878
chr11	14754134	15292861	-0.271523	-0.088786	-0.054986	-0.195371
chr11	15319111	15828035	0.251818	0.083047	0.055440	0.154797
chr11	15846763	16463013	-0.050169	-0.015928	-0.010571	-0.036400
chr11	16463042	17317222	-0.163148	-0.041982	-0.027763	-0.110028
chr11	17317226	18016905	-0.294373	-0.074714	-0.055314	-0.196848
chr11	18016906	19636879	0.218323	0.035072	0.025016	0.159094
chr11	19670834	22328749	-0.035751	-0.004527	-0.003357	-0.025381
chr11	22335701	23286472	-0.015271	-0.004067	-0.002909	-0.009947
chr11	23288353	25565514	-0.240323	-0.030088	-0.022560	-0.163560
chr11	25568341	26917922	-0.032775	-0.009783	-0.006157	-0.008545
chr11	26917925	27789966	0.296296	0.091899	0.066135	0.145058
chr11	27790269	28092099	0.054411	0.025611	0.019469	0.034592
chr11	28092807	28547001	-0.130615	-0.050445	-0.033143	-0.086822
chr11	28553793	29176509	-0.079817	-0.029662	-0.020110	-0.053792
chr11	29200280	29671454	0.161215	0.070462	0.045567	0.088010
chr11	29681538	30235693	-0.115436	-0.037085	-0.026104	-0.049825
chr11	30241952	30678462	-0.017537	-0.007986	-0.004576	-0.010477
chr11	30723197	31163458	-0.228408	-0.065582	-0.044254	-0.146670
chr11	31164772	31464786	-0.019507	-0.006535	-0.004460	-0.011148
chr11	31465000	31913090	0.037918	0.016190	0.011142	0.040956
chr11	31918271	32583744	0.347627	0.109989	0.073558	0.190254
chr11	32587183	33423599	-0.005395	-0.001450	-0.001072	-0.002816
chr11	33432533	33915402	0.047259	0.008364	0.006761	0.016139
chr11	33915800	34157266	0.021195	0.012767	0.006782	0.012258
chr11	34157267	34707994	0.360568	0.114106	0.083188	0.241394
chr11	34708288	35088772	-0.098306	-0.050268	-0.028737	-0.073091
chr11	35088827	35434251	0.074477	0.040073	0.023970	0.049297
chr11	35435591	36019843	0.377246	0.148637	0.100358	0.221463
chr11	36020070	36536066	-0.212775	-0.080870	-0.049680	-0.103572
chr11	36541405	37072747	-0.121822	-0.039499	-0.025713	-0.086478
chr11	37075939	37762631	0.335180	0.092578	0.064465	0.166667
chr12	275028	3306546	-0.063162	-0.010724	-0.008690	-0.057127
chr12	3376797	5124350	-0.074541	-0.016183	-0.011176	-0.049070
chr12	5304131	7846505	-0.010253	-0.001978	-0.001371	-0.006095
chr12	7846632	9812745	-0.082288	-0.020892	-0.014042	-0.050057
chr12	9812925	10610057	-0.171004	-0.064123	-0.042357	-0.132514
chr12	10622656	11778693	0.193484	0.065196	0.040710	0.113801
chr12	11843170	14275202	-0.082569	-0.013363	-0.010633	-0.052766
chr12	14295803	15239448	-0.357905	-0.050222	-0.040316	-0.168138
chr12	15239509	16856937	0.022773	0.004549	0.003423	0.020630
chr12	16865543	17460370	-0.045455	-0.013877	-0.009132	-0.027338
chr12	17460854	18312374	0.047578	0.015124	0.010835	0.008907
chr12	18395874	20066012	0.129067	0.019789	0.014761	0.087647
chr12	20066026	20879553	-0.070172	-0.016766	-0.010880	-0.044457
chr12	20880822	21818551	0.078707	0.021475	0.016764	0.053330
chr12	21831835	22813621	-0.163657	-0.026726	-0.021328	-0.097907
chr12	22819151	23315787	-0.196737	-0.052824	-0.037685	-0.149133
chr12	23316389	23596893	-0.098677	-0.039048	-0.024818	-0.058557
chr12	23596909	23894549	0.005435	0.001763	0.001237	0.003468
chr12	23916280	24438047	0.270530	0.075000	0.054266	0.246760
chr12	24443027	24936921	0.304175	0.141090	0.076570	0.258986
chr12	24936923	25579624	-0.109698	-0.030484	-0.020282	-0.062301
chr12	25582598	25941494	0.138506	0.053176	0.037393	0.085646
chr12	25942257	26349382	0.061983	0.024710	0.015883	0.027182
chr12	26353562	27102357	0.207118	0.070056	0.051079	0.126304
chr12	27111114	28143951	-0.154103	-0.052933	-0.032494	-0.087866
chr12	28229154	29209874	0.001723	0.000461	0.000308	0.001106
chr12	29239188	29621027	0.193510	0.092614	0.053813	0.110745
chr12	29623703	29794529	-0.144863	-0.081905	-0.047910	-0.082957
chr12	29796270	30195209	0.171948	0.071553	0.049033	0.088256
chr12	30199386	30801157	0.130435	0.039066	0.028928	0.089513
chr12	30815371	31247904	0.323463	0.080414	0.058009	0.150228
chr12	31248189	31562012	-0.094365	-0.032637	-0.020544	-0.049699
chr12	31571153	31772547	0.205559	0.076507	0.050974	0.156727
chr12	31774291	32109827	0.329816	0.148335	0.105263	0.199424
chr12	32118143	32770044	0.037340	0.010991	0.007756	0.022472
chr12	32770047	33601926	0.061534	0.020884	0.013865	0.020073
chr12	33655613	34520447	0.036054	0.013577	0.008816	0.023301
chr13	306322	1768688	0.008899	0.002195	0.001611	0.006837
chr13	1768696	2322502	0.245067	0.065393	0.050482	0.152048
chr13	2323445	2986347	-0.035444	-0.009579	-0.007070	-0.015654
chr13	3015025	3482175	-0.077426	-0.026441	-0.019045	-0.055090
chr13	3498481	3907446	-0.074479	-0.032967	-0.024562	-0.044300
chr13	3908362	4276472	-0.005246	-0.002200	-0.001440	-0.001230
chr13	4276924	4802555	-0.001349	-0.000449	-0.000294	-0.000713
chr13	4806345	5217402	-0.146809	-0.052853	-0.036561	-0.086575
chr13	5231115	5567446	-0.258583	-0.106163	-0.053373	-0.228943
chr13	5569583	6186372	0.534230	0.126218	0.099073	0.338126
chr13	6187029	6664697	0.189989	0.064367	0.040767	0.121483
chr13	6670508	7383591	0.049340	0.013150	0.009355	0.046629
chr13	7434879	8005195	0.143271	0.034778	0.024218	0.112761
chr13	8018092	8508632	-0.081712	-0.025529	-0.014943	-0.046625
chr13	8511255	9274997	0.082550	0.026480	0.016528	0.053317
chr13	9276734	9656875	-0.019101	-0.007869	-0.005529	-0.012418
chr13	9658317	10806059	0.127365	0.035034	0.024956	0.082169
chr13	10808045	11557277	0.268532	0.078126	0.058934	0.174705
chr13	11639774	12128185	-0.223689	-0.097209	-0.062735	-0.150613
chr13	12133375	12406835	0.195342	0.068810	0.047495	0.101253
chr13	12414027	12778590	-0.150067	-0.058870	-0.032980	-0.088212
chr13	12828274	13466599	0.245340	0.085535	0.060946	0.171357
chr13	13468501	14345103	0.244366	0.074317	0.048600	0.128856
chr13	14358919	15059817	-0.104458	-0.041305	-0.022538	-0.067480
chr13	15101749	17207618	0.027328	0.004881	0.003497	0.022600
chr13	17279306	18869139	0.162239	0.034413	0.026287	0.122581
chr13	18912123	20053238	-0.095967	-0.027775	-0.016206	-0.056689
chr13	20053257	20515791	0.157062	0.061297	0.035938	0.092562
chr13	20517276	21537763	0.279014	0.088544	0.061021	0.156696
chr13	21540910	22757318	-0.088129	-0.012630	-0.010915	-0.056228
chr13	22787168	23794323	0.118178	0.024027	0.018552	0.055125
chr13	23797801	24108449	-0.213333	-0.060218	-0.044680	-0.148976
chr13	24113971	24676118	0.064862	0.017941	0.013348	0.038952
chr13	24676251	25199735	-0.038716	-0.017383	-0.011045	-0.034359
chr13	25225509	26237536	-0.047266	-0.013333	-0.008101	-0.027787
chr13	26238450	27507870	0.044143	0.010058	0.007028	0.029672
chr13	27509747	27846287	-0.331720	-0.125316	-0.090729	-0.184281
chr13	27849402	28232554	-0.287107	-0.100722	-0.061072	-0.172991
chr13	28287249	28765410	-0.038558	-0.013205	-0.009108	-0.025330
chr13	28767857	29282662	0.224173	0.094476	0.067341	0.125889
chr13	29286573	29719397	-0.060945	-0.022633	-0.016624	-0.046175
chr13	29762730	30195730	-0.034518	-0.011306	-0.007769	-0.027009
chr13	30200931	30741583	0.034162	0.016939	0.011108	0.017420
chr13	30741845	31245134	-0.108178	-0.045852	-0.030441	-0.061602
chr13	31245243	31573681	0.233322	0.142315	0.071259	0.150034
chr13	31584541	32052787	0.139452	0.062925	0.036861	0.075050
chr13	32062727	32683199	0.339002	0.162324	0.116320	0.215416
chr13	32687502	33275755	-0.549832	-0.267157	-0.146541	-0.381465
chr13	33277078	34071777	-0.056959	-0.015234	-0.010640	-0.034175
chr14	1134349	2185489	-0.120385	-0.023389	-0.015538	-0.062831
chr14	2211134	3058138	0.290909	0.043610	0.034312	0.135770
chr14	3090722	4417862	0.080819	0.022927	0.015464	0.056848
chr14	4471679	5042456	-0.111926	-0.044059	-0.024139	-0.075598
chr14	5082894	5706559	0.136964	0.024181	0.016146	0.081335
chr14	5719390	6602788	-0.399732	-0.109333	-0.066910	-0.257925
chr14	6654537	7328428	0.010989	0.003326	0.002387	0.005602
chr14	7348977	8074592	-0.348192	-0.099152	-0.062748	-0.253443
chr14	8079699	8610634	-0.004251	-0.001304	-0.000880	0.004940
chr14	8611557	9117503	-0.301789	-0.103832	-0.062778	-0.173121
chr14	9135303	9482799	-0.116505	-0.045120	-0.030578	-0.064421
chr14	9482873	10231739	-0.012881	-0.004297	-0.003225	-0.007351
chr14	10236278	10698236	0.192542	0.053713	0.042207	0.119058
chr14	10698286	11077103	0.064846	0.028826	0.020077	0.057605
chr14	11078374	11342188	0.161677	0.064705	0.046422	0.129513
chr14	11379335	12380024	0.176471	0.043862	0.031672	0.105761
chr14	12443160	13112739	-0.027552	-0.006872	-0.004885	-0.014370
chr15	667524	1419922	0.089289	0.025128	0.017240	0.054156
chr15	1422604	2165062	-0.101644	-0.034383	-0.021489	-0.061573
chr15	2170159	2807351	-0.126160	-0.052367	-0.031820	-0.082220
chr15	2811796	3164596	0.360618	0.123674	0.082950	0.241214
chr15	3185369	3689205	-0.088876	-0.030508	-0.019264	-0.062896
chr15	3692557	4069746	-0.137949	-0.046614	-0.030803	-0.083361
chr15	4069763	4755770	-0.221663	-0.044101	-0.033203	-0.121408
chr15	4755813	5078025	0.221198	0.075383	0.051912	0.126316
chr15	5078109	5473149	-0.026882	-0.011531	-0.007926	-0.026523
chr15	5473209	5713087	0.010914	0.004333	0.003156	0.006964
chr15	5715460	5937669	0.026875	0.010163	0.007082	0.013292
chr15	5955621	6662196	0.160714	0.053390	0.037322	0.122648
chr15	6662742	7270571	0.209855	0.034371	0.029442	0.116101
chr15	7300867	7721356	0.340727	0.123827	0.084112	0.199037
chr15	7729452	8359888	-0.169983	-0.052948	-0.035393	-0.102141
chr15	8370458	9242469	-0.048828	-0.011811	-0.009238	-0.021119
chr15	9250666	9740168	-0.215709	-0.056355	-0.038091	-0.127248
chr15	9749809	10824839	-0.107243	-0.034765	-0.025332	-0.055799
chr15	10827997	11574149	0.171705	0.051841	0.036255	0.115362
chr15	11635082	12230781	-0.171168	-0.071514	-0.046978	-0.127202
chr15	12231640	12590911	0.089114	0.043238	0.030086	0.027789
chr16	321344	678315	0.233023	0.073391	0.051200	0.121383
chr16	679482	1279596	0.140904	0.080730	0.044778	0.075222
chr16	1279698	2233103	0.331725	0.093183	0.072568	0.206300
chr16	2245742	3874062	-0.282581	-0.054661	-0.036464	-0.184230
chr16	3886991	4894867	-0.010960	-0.001333	-0.000962	-0.028189
chr16	4903395	5988612	-0.153409	-0.032963	-0.025040	-0.086618
chr16	6007130	7140817	0.193343	0.049127	0.036342	0.110387
chr16	7160160	8367880	0.202624	0.041587	0.031997	0.124473
chr16	8392638	9035747	0.142535	0.062659	0.040774	0.109408
chr16	9037152	9288155	-0.051300	-0.023756	-0.015640	-0.035054
chr17	323462	613195	0.262882	0.098025	0.071345	0.204453
chr17	620484	970449	-0.020856	-0.006889	-0.004497	-0.011040
chr17	980608	1487936	0.152742	0.065068	0.046623	0.109499
chr17	1489705	2060527	0.243661	0.073807	0.050109	0.151889
chr17	2084750	2692920	0.054821	0.013436	0.009268	0.032332
chr17	2737222	3330629	0.019644	0.006816	0.004368	0.015753
chr17	3334321	3836962	0.183445	0.057139	0.039741	0.129889
chr17	3846308	4294376	-0.028937	-0.009913	-0.006328	-0.023693
chr17	4294500	4733994	0.299884	0.108165	0.074918	0.158315
chr17	4753207	5537133	0.069100	0.019378	0.012609	0.037037
chr17	5540440	6466662	0.322738	0.087129	0.061852	0.193490
chr17	6542779	7475202	0.219681	0.069099	0.044638	0.168284
chr17	7519515	8356178	0.123043	0.026838	0.021585	0.073622
chr18	188684	1284066	-0.149308	-0.046652	-0.029166	-0.098585
chr18	1284497	2624083	0.109519	0.032997	0.019032	0.085282
chr18	2632563	3543449	-0.018754	-0.005257	-0.003611	-0.012632
chr18	3546588	4247542	0.167255	0.050569	0.036534	0.065681
chr18	4259472	4661903	0.119746	0.052418	0.032754	0.091502
chr18	4729393	5265249	0.070820	0.020425	0.015599	0.034431
chr18	5265404	5544352	0.142578	0.062167	0.040714	0.099863
chr18	5549753	5832173	-0.090333	-0.043628	-0.030869	-0.051898
chr18	5833419	6588469	0.078642	0.024024	0.017819	0.057032
chr18	6588756	7069294	-0.062524	-0.033642	-0.018537	-0.036289
chr18	7070945	7764182	-0.029545	-0.008488	-0.006117	-0.042408
chr19	1677450	2280716	-0.102808	-0.036604	-0.021842	-0.063569
chr19	2280776	3053062	-0.197368	-0.074606	-0.041165	-0.123160
chr19	3064404	3942684	0.229318	0.068699	0.046030	0.159096
chr19	3951665	4474199	-0.120482	-0.034668	-0.024038	-0.073759
chr19	4475223	5367971	0.078145	0.026550	0.017148	0.035876
chr19	5383198	5878001	-0.228999	-0.103565	-0.059733	-0.141599
chr19	5894580	6657719	0.258169	0.073916	0.051118	0.139640
chr19	6665396	7291878	-0.061856	-0.020245	-0.012133	-0.035768
chr19	7296525	7696708	0.175250	0.052796	0.039440	0.100838
chr20	285035	1053259	0.185249	0.038400	0.029596	0.105416
chr20	1053341	1586336	-0.120904	-0.056301	-0.037910	-0.065765
chr20	1596177	2410008	-0.043250	-0.018822	-0.012768	-0.030898
chr20	2416813	3010615	0.312674	0.112692	0.080253	0.214336
chr20	3094360	3522071	0.440648	0.152134	0.103706	0.290053
chr20	3537458	4056653	0.017687	0.005205	0.003193	0.010526
chr20	4069409	4424305	-0.166124	-0.062300	-0.041306	-0.086821
chr20	4435152	5010840	-0.151387	-0.053667	-0.034840	-0.082586
chr20	5013701	5504300	-0.060606	-0.019531	-0.013637	-0.033069
chr20	5506401	6075951	-0.203972	-0.073782	-0.046774	-0.143626
chr20	6087221	6632440	0.187213	0.051845	0.041550	0.116152
chr20	6634132	7413444	0.089646	0.027631	0.019289	0.058130
chr21	957394	1844800	0.130037	0.052168	0.036013	0.082176
chr21	1856771	2847827	-0.080604	-0.021221	-0.014333	-0.028025
chr21	2865632	3983934	0.154219	0.043124	0.030659	0.080231
chr21	3993561	4987355	0.255989	0.074264	0.056198	0.175281
chr21	5002192	5555003	0.173353	0.059212	0.045395	0.113741
chr21	5560565	6586151	0.137482	0.028826	0.020711	0.105286
chr22	567284	1127694	0.114363	0.050216	0.032901	0.063898
chr22	1128159	1605985	0.213282	0.092706	0.062206	0.174403
chr22	1607730	2448015	0.402403	0.176288	0.113708	0.232347
chr22	2459748	3325306	0.213670	0.071155	0.052213	0.141647
chr22	3355621	3975019	-0.037679	-0.014217	-0.008770	-0.020381
chr22	3996518	4522291	0.065120	0.025201	0.015389	-0.001308
chr22	4529043	5425537	-0.391304	-0.081875	-0.058184	-0.229547
chr22	5441248	5745814	-0.027293	-0.010487	-0.006484	0.000805
chr23	525425	997147	-0.034116	-0.014340	-0.008545	-0.041503
chr23	1012242	1262348	0.063562	0.031668	0.019417	0.039001
chr23	1270148	2547248	-0.147404	-0.040979	-0.028393	-0.097168
chr23	2578308	3220074	0.186904	0.053251	0.041362	0.101801
chr24	19107	669289	0.200811	0.093326	0.066106	0.099981
chr24	672571	1396656	0.188101	0.063630	0.044636	0.109866
chr24	1398862	2041612	-0.060716	-0.025172	-0.014315	-0.034041
chrZ	562752	646814	0.235700	0.051268	0.042841	0.131081
chrZ	646845	1287934	-0.232717	-0.076732	-0.047418	-0.162969
chrZ	1296107	2926894	0.161520	0.053734	0.036772	0.083236
chrZ	2961736	3768522	-0.048867	-0.020559	-0.013322	-0.027666
chrZ	3773011	4208904	0.028741	0.013262	0.008873	0.021381
chrZ	4215833	4321559	-0.289810	-1.055422	-0.217047	-0.124408
chrZ	4321563	4381616	-0.325006	-6.536232	-0.323762	-0.164940
chrZ	4381677	4463073	-0.099974	-0.321696	-0.069542	-0.040853
chrZ	4464144	4520879	-0.349291	-2.517588	-0.243796	-0.161445
chrZ	4525804	4556126	-0.258887	-0.822430	-0.233113	-0.130113
chrZ	4556613	4609148	-0.214120	-0.690171	-0.176599	-0.113174
chrZ	4609184	4633740	-0.120000	-0.675926	-0.137089	-0.054573
chrZ	4633808	5004291	-0.101626	-0.209732	-0.068418	-0.056896
chrZ	5004293	5348592	-0.156540	-0.205171	-0.085943	-0.075339
chrZ	5348601	5595608	-0.157938	-0.329879	-0.129932	-0.069666
chrZ	5601976	6871467	-0.189946	-0.285100	-0.126189	-0.107316
chrZ	6871485	7641200	0.044885	0.073463	0.039740	0.019948
chrZ	7641232	8846766	-0.222156	-0.537634	-0.200321	-0.087884
chrZ	8846785	9091384	-0.055937	-0.075099	-0.041697	-0.024516
chrZ	9091407	9278266	-0.251379	-0.640562	-0.155762	-0.112205
chrZ	9278300	9435375	-0.161719	-0.239861	-0.098901	-0.090433
chrZ	9435482	10036957	-0.452248	-0.377483	-0.188119	-0.288256
chrZ	10037011	12645109	-0.219537	-0.051575	-0.034127	-0.160782
chrZ	12645238	15220112	0.176871	0.070027	0.048097	0.094203
chrZ	15978672	18744853	-0.273588	-0.107906	-0.062734	-0.157999
chrZ	18744971	20418610	-0.300175	-0.198729	-0.119527	-0.167641
chrZ	20476367	22742891	-0.126238	-0.071354	-0.043956	-0.069012
chrZ	22742893	28470148	-0.107987	-0.022707	-0.015579	-0.063471
chrZ	28528442	62623400	0.259568	0.024776	0.019704	0.187911
chrZ	62927473	82190948	-0.033474	-0.005356	-0.003790	-0.023693
