chr	windowStart	windowEnd	D	f_d	f_dM	d_f
chr1	1020420	1680310	0.125842	0.055683	0.036679	0.081030
chr1	1695582	2043757	0.355167	0.168891	0.112500	0.254593
chr1	2043914	2647500	-0.017348	-0.009655	-0.006382	-0.013889
chr1	2657543	3317482	-0.290323	-0.140028	-0.084708	-0.252336
chr1	3320916	3915221	0.039834	0.018241	0.012030	0.033356
chr1	3924071	5187901	0.098669	0.032958	0.022224	0.086427
chr1	5189016	5654055	0.331692	0.168677	0.101243	0.227174
chr1	5678356	6525910	0.314157	0.181229	0.110357	0.263118
chr1	6528255	7095494	0.189064	0.075521	0.046589	0.138518
chr1	7152228	7812458	0.206005	0.083444	0.052015	0.179895
chr1	7828202	8136069	0.315789	0.115779	0.083088	0.247361
chr1	8139039	8684274	0.046853	0.017638	0.013350	0.035169
chr1	8702028	9670329	0.218915	0.097249	0.070512	0.170787
chr1	9891854	11700117	0.344037	0.140924	0.094482	0.280479
chr1	11701615	13143197	0.192579	0.088431	0.061867	0.180219
chr1	13187569	14444396	-0.018584	-0.008881	-0.006134	-0.016241
chr1	14449017	14907742	0.428797	0.293420	0.198685	0.303797
chr1	14911302	15704210	0.246358	0.108045	0.078947	0.145631
chr1	15727540	16769007	0.283445	0.204094	0.138029	0.240795
chr1	16780470	17331164	0.219261	0.173410	0.106829	0.155015
chr1	17344171	17929777	0.147248	0.094436	0.057827	0.097279
chr1	17935205	20573678	0.232130	0.189076	0.091837	0.203488
chr1	20694468	22226065	0.691399	0.303240	0.221918	0.592905
chr1	22226118	22890175	0.421789	0.228298	0.141645	0.389107
chr1	22895421	24346895	0.146460	0.094877	0.061390	0.118783
chr1	24377347	25149703	0.429282	0.182620	0.132991	0.274027
chr1	25153943	25895291	0.243243	0.113574	0.078835	0.212283
chr1	25910995	27478917	0.240284	0.070086	0.053100	0.148253
chr1	27479294	28338494	0.472322	0.188252	0.136846	0.397720
chr1	28343179	29141878	0.254294	0.102823	0.073210	0.216948
chr1	29144470	30706676	0.451213	0.164991	0.114626	0.298440
chr1	30706681	32099302	0.264952	0.104153	0.073205	0.146206
chr1	32102022	32960768	-0.034835	-0.011002	-0.008297	-0.023204
chr1	32960786	33754916	0.181868	0.110963	0.077182	0.126631
chr1	33762160	34475943	0.332458	0.139740	0.110873	0.230489
chr1	34476784	36049173	0.130888	0.066458	0.043686	0.106637
chr1	36100831	36805787	0.368304	0.158998	0.108463	0.232365
chr1	36807077	37327597	0.179201	0.094708	0.069500	0.124960
chr1	37328585	37840221	0.221865	0.118897	0.083333	0.121622
chr1	37905219	38808530	-0.002778	-0.001240	-0.000826	-0.002179
chr1	38810479	39677434	0.286307	0.119667	0.093445	0.242105
chr1	39685510	40572635	0.564589	0.354576	0.229864	0.520400
chr1	40588152	42039293	0.158672	0.075274	0.052317	0.126424
chr1	42161019	43268090	0.341060	0.166040	0.117090	0.297975
chr1	43330280	44579146	-0.026362	-0.010816	-0.007738	-0.024122
chr1	44625574	47645460	-0.056143	-0.019627	-0.013605	-0.055824
chr1	47788978	49036951	0.049131	0.018701	0.012178	0.061699
chr1	49037133	49875867	0.383408	0.119807	0.096605	0.300398
chr1	49904099	50726592	-0.180068	-0.069911	-0.048619	-0.150236
chr1	50726945	51719557	0.021157	0.009538	0.006436	0.014615
chr1	51741572	52725043	-0.168070	-0.082398	-0.048574	-0.143035
chr1	52726282	53360835	0.153426	0.084559	0.056058	0.107009
chr1	53362641	53817643	0.090350	0.055435	0.030522	0.083761
chr1	53824422	54522716	0.022233	0.009694	0.007019	0.021681
chr1	54526764	55083268	-0.125103	-0.069175	-0.040912	-0.099001
chr1	55125055	55572510	-0.255697	-0.158969	-0.100466	-0.183061
chr1	55578460	56155422	0.014109	0.006722	0.004750	0.003377
chr1	56164363	56579506	0.341779	0.148167	0.102491	0.254974
chr1	56581466	57152794	0.257885	0.118601	0.092389	0.224798
chr1	57186572	57866889	0.214286	0.072678	0.057619	0.162044
chr1	57883090	58797531	0.408057	0.199961	0.123476	0.337290
chr1	58803828	59490182	0.010309	0.003962	0.002415	0.009339
chr1	59501182	60366017	-0.251432	-0.089032	-0.061741	-0.173554
chr1	60371822	60924943	0.407407	0.216143	0.143809	0.344806
chr1	60926992	61930017	0.419562	0.183197	0.100104	0.409752
chr1	61957106	62651861	0.442247	0.217603	0.152487	0.299439
chr1	62651862	63223368	0.642857	0.302774	0.252088	0.535677
chr1	63224186	63704967	0.224149	0.105362	0.064865	0.208156
chr1	63714808	65274019	0.041734	0.022264	0.013460	0.041507
chr1	65274163	66149538	0.229782	0.126741	0.079520	0.170732
chr1	66149655	66892839	-0.105651	-0.040099	-0.026310	-0.077899
chr1	66892926	67697083	0.317331	0.205968	0.113869	0.249520
chr1	67740341	68432116	-0.276577	-0.166578	-0.099021	-0.201026
chr1	68434933	69376209	-0.104400	-0.054093	-0.038952	-0.082936
chr1	69383649	69976507	0.158182	0.108614	0.060052	0.115226
chr1	70024268	71234124	0.193636	0.074881	0.050248	0.139307
chr1	71338638	72339402	-0.051293	-0.022837	-0.014205	-0.035452
chr1	72343551	72792503	0.401370	0.266779	0.158052	0.352550
chr1	72792504	73629506	0.546924	0.220094	0.153555	0.429478
chr1	73674502	75271899	0.076981	0.034976	0.021679	0.059961
chr1	75294751	76624655	0.185235	0.117222	0.065691	0.166466
chr1	76627669	77638944	0.485069	0.301972	0.169154	0.404973
chr1	77666521	78292721	0.323045	0.170436	0.100975	0.283906
chr1	78296480	79155160	0.082815	0.046619	0.029559	0.070164
chr1	79181424	80383933	0.201336	0.109743	0.070726	0.167593
chr1	80384490	80816907	0.555475	0.422875	0.284093	0.445060
chr1	80835215	81489043	0.206842	0.101788	0.073481	0.180865
chr1	81530217	82748446	-0.142048	-0.056070	-0.040752	-0.131019
chr1	82799439	83997086	0.066262	0.022525	0.015218	0.040789
chr1	84000734	85273063	-0.285360	-0.108661	-0.068746	-0.216074
chr1	85283269	85755460	0.202963	0.117563	0.079914	0.155556
chr1	85772008	86636015	0.095573	0.063687	0.040837	0.079720
chr1	86649277	87566686	0.328125	0.129009	0.088132	0.224273
chr1	87608025	88342111	0.412763	0.240026	0.156045	0.338266
chr1	88368184	89041086	0.135338	0.046746	0.035032	0.078534
chr1	89046088	89703117	0.299180	0.090909	0.062316	0.220396
chr1	89705157	90352636	0.747021	0.245145	0.173652	0.488952
chr1	90361768	90861335	0.153846	0.059014	0.039563	0.128018
chr1	90890230	91764587	0.665433	0.197858	0.144555	0.572877
chr1	91765648	92588376	0.028533	0.014456	0.009477	0.031465
chr1	92690859	94162090	0.537837	0.290018	0.161089	0.455371
chr1	94166288	95040856	0.665280	0.411520	0.207672	0.570684
chr1	95042956	96181843	0.253599	0.100439	0.067825	0.216378
chr1	96279805	97556479	0.201622	0.090980	0.060119	0.191419
chr1	97566998	98203872	0.160270	0.096172	0.068032	0.118621
chr1	98222791	100356952	0.136108	0.043920	0.029236	0.124871
chr1	100360485	101022160	0.394667	0.202232	0.146510	0.306207
chr1	101041350	101400729	0.600805	0.393212	0.280000	0.449498
chr1	101414634	102552281	0.485746	0.206174	0.156851	0.447324
chr1	102569672	105202348	0.045759	0.021934	0.011789	0.035702
chr1	105258501	106871985	0.310257	0.101087	0.074840	0.245234
chr1	106896642	107926347	0.535101	0.247356	0.184211	0.398066
chr1	107927148	110435395	0.166550	0.063985	0.044122	0.161248
chr1	110594406	113011591	0.377953	0.096970	0.067253	0.298343
chr1	113018209	113939028	0.375824	0.275940	0.175295	0.266937
chr1	113994920	114626050	0.097640	0.054422	0.030928	0.086705
chr1	114642626	115368544	0.416444	0.238023	0.147755	0.319149
chr1	115375304	116131889	0.450412	0.206990	0.145590	0.406438
chr1	116159357	117343359	0.180049	0.112320	0.070893	0.133014
chr1	117351891	118402725	0.134185	0.051212	0.037732	0.094937
chr1	118408046	119310563	0.194673	0.082066	0.050379	0.137860
chr1	119310672	120124622	-0.239264	-0.174172	-0.082598	-0.184397
chr1	120126409	120824395	0.145865	0.068038	0.042569	0.107025
chr1	120827297	121535907	0.361877	0.183011	0.120263	0.321625
chr1	121595998	122316321	0.468860	0.322684	0.191020	0.366412
chr1	122349842	123019913	0.201244	0.058181	0.043316	0.155403
chr1	123019922	123357427	0.462483	0.297891	0.179175	0.325414
chr1	123368977	124303741	0.050562	0.045309	0.022490	0.041028
chr1	124303782	125077600	-0.051709	-0.037636	-0.020704	-0.045819
chr1	125081046	126408208	0.318200	0.159725	0.097893	0.263943
chr1	126563085	128587857	0.309417	0.165028	0.085185	0.223623
chr1	128604194	129305703	0.640888	0.418709	0.310633	0.506352
chr1	129306915	129876592	0.479452	0.313849	0.195369	0.310753
chr1	129878254	131051288	0.145396	0.057252	0.041925	0.118289
chr1	131079634	132036537	-0.110918	-0.039738	-0.028099	-0.086886
chr1	132037094	132379334	-0.092141	-0.056338	-0.031117	-0.055921
chr1	132434579	133211942	0.158045	0.060606	0.045833	0.124953
chr1	133226619	134151395	0.253814	0.081551	0.059732	0.156294
chr1	134192617	135127912	0.439716	0.137812	0.109038	0.357097
chr1	135153968	135898348	0.169038	0.055133	0.042857	0.112604
chr1	135903302	136725476	-0.008508	-0.004015	-0.002735	-0.005378
chr1	136752998	140518876	0.440405	0.111124	0.076732	0.303176
chr1	140518877	141581228	0.231586	0.086416	0.065459	0.191489
chr1	141599051	141832650	-0.046875	-0.024544	-0.016645	-0.029390
chr1	141888768	143396791	0.177037	0.078521	0.057795	0.147436
chr1	143396795	144074497	0.122542	0.065658	0.043807	0.088203
chr1	144126497	144984588	0.294437	0.144989	0.104243	0.218237
chr1	144996577	145406281	-0.015399	-0.008245	-0.005985	-0.009009
chr1	145413468	146072551	0.219697	0.081353	0.062332	0.168932
chr1	146072652	147244716	-0.001340	-0.000538	-0.000343	0.000907
chr1	147246846	147810916	0.304965	0.148242	0.108787	0.219405
chr1	147843362	148317099	-0.027236	-0.020983	-0.013108	-0.040454
chr1	148327029	149153876	0.426277	0.161896	0.128412	0.359500
chr1	149156546	149360810	0.046361	0.041798	0.021065	0.055957
chr1	149363197	150157624	0.130066	0.075741	0.046843	0.082635
chr1	150178738	150839348	0.165929	0.086472	0.057574	0.118483
chr1	150855254	151483877	0.051882	0.039859	0.024793	0.039535
chr1	151555911	151999275	0.003386	0.001996	0.001131	0.006610
chr1	152015936	152706818	0.270540	0.132456	0.098875	0.193375
chr1	152800291	153904867	-0.120443	-0.076472	-0.038955	-0.088325
chr1	153921561	155655288	0.215124	0.079327	0.047920	0.121191
chr1	155678267	156566940	-0.161965	-0.109974	-0.057128	-0.116781
chr1	156576947	157370117	0.275669	0.178193	0.109605	0.219512
chr1	157383234	158153209	0.351664	0.192501	0.117828	0.245042
chr1	158158261	158846553	0.386755	0.278272	0.177328	0.296346
chr1	158867552	159602629	0.056238	0.038675	0.023472	0.052378
chr1	159606196	160003579	0.642857	0.352794	0.251936	0.534091
chr1	160005911	167382341	0.438389	0.200869	0.140169	0.337748
chr1	167390996	168473179	0.695445	0.352842	0.241701	0.593994
chr1	168489392	169949531	0.065949	0.029816	0.020963	0.045294
chr1	169970307	170873372	0.164399	0.085596	0.051516	0.131778
chr1	170885217	171835717	0.243405	0.095893	0.067196	0.205233
chr1	171836019	174356155	0.060105	0.029851	0.018822	0.047550
chr1	174356185	178239432	0.184913	0.070157	0.046908	0.150788
chr1	178270253	180892473	0.361066	0.134699	0.092816	0.260186
chr1	180937135	181710823	0.008069	0.003562	0.002516	0.007634
chr1	181717000	182558183	0.248357	0.120670	0.080528	0.224589
chr1	182558392	183014426	-0.259289	-0.201254	-0.124757	-0.218516
chr1	183017997	183824749	0.074349	0.024291	0.017364	0.066764
chr1	183830728	184720657	0.133940	0.041354	0.031454	0.099968
chr1	184731228	185595148	0.099460	0.039395	0.030954	0.083133
chr1	185596585	186032130	0.424145	0.182717	0.131343	0.320945
chr1	186034805	186836108	-0.138632	-0.039108	-0.031266	-0.110132
chr1	186836291	187446722	0.463103	0.248449	0.166858	0.341888
chr1	187451067	188613843	0.112525	0.075710	0.043204	0.089060
chr1	188615324	189854114	0.202281	0.110419	0.066490	0.154655
chr1	189855271	190654405	0.274102	0.100652	0.074872	0.204958
chr1	190655528	191973515	0.537990	0.209829	0.158355	0.435780
chr1	191973868	192719628	0.142995	0.075076	0.044749	0.097889
chr1	192747229	193872506	-0.037657	-0.012276	-0.008868	-0.022005
chr1	193881770	194563451	0.224145	0.074979	0.060547	0.176705
chr1	194603691	195206725	-0.079202	-0.044348	-0.029786	-0.066379
chr1	195206735	196593482	-0.178844	-0.075611	-0.050430	-0.126990
chr1	196781336	197857362	0.492974	0.163983	0.111395	0.433503
chr1	197857363	199053792	-0.406988	-0.431575	-0.181703	-0.372301
chr1	199150829	200275219	0.200627	0.089972	0.061558	0.126984
chr1	200306615	201658069	0.111298	0.073950	0.041269	0.082833
chr1	201692447	203064526	0.210555	0.074951	0.046269	0.172414
chr1	203079191	203562751	0.677536	0.419400	0.275354	0.596174
chr1	203562840	204555228	0.342243	0.213588	0.136010	0.200305
chr1	204559823	204860343	0.224713	0.159426	0.108415	0.139241
chr1	204878292	205802599	0.033776	0.019746	0.012185	0.025000
chr1	205802617	206874662	0.155488	0.083864	0.059045	0.104938
chr1	206903177	207431905	0.276316	0.210300	0.131250	0.239084
chr1	207439058	208254068	0.155110	0.085412	0.051690	0.140840
chr1	208254125	208979079	0.271090	0.137960	0.098767	0.244444
chr1	208979100	209693628	0.119526	0.061106	0.041861	0.099153
chr1	209693657	210203979	0.240398	0.118513	0.088963	0.184565
chr1	210224338	210720309	0.137917	0.070652	0.048155	0.121399
chr1	210733077	211716274	0.037584	0.021045	0.011857	0.028552
chr1	211827807	213328739	0.021933	0.008975	0.006125	0.009231
chr1	213364831	214782947	-0.138530	-0.084100	-0.048083	-0.115349
chr2	442766	1042718	-0.075718	-0.031133	-0.022319	-0.062816
chr2	1083611	2410596	0.029940	0.015528	0.009342	0.023089
chr2	2439468	3013315	0.626432	0.252620	0.183508	0.442320
chr2	3022733	4446644	0.112127	0.042955	0.033357	0.085551
chr2	4448539	5162699	0.340878	0.188438	0.129293	0.243918
chr2	5164191	5736685	0.099284	0.045371	0.033414	0.081319
chr2	5761378	6493097	0.333333	0.128992	0.091776	0.236565
chr2	6506044	6970693	0.237772	0.171906	0.106211	0.194085
chr2	6990490	7480209	0.237892	0.156660	0.105142	0.189414
chr2	7484676	8528320	0.415655	0.185089	0.127964	0.302652
chr2	8534267	9337771	0.361541	0.134751	0.092081	0.306683
chr2	9338960	10014691	-0.021951	-0.015129	-0.010032	-0.014308
chr2	10020871	11104736	0.554953	0.352485	0.201942	0.468077
chr2	11109871	11671812	0.599042	0.401499	0.325945	0.523546
chr2	11674034	12465537	-0.238690	-0.197760	-0.094077	-0.188192
chr2	12479861	13841265	0.488722	0.236486	0.154394	0.399823
chr2	14030963	15278687	0.171881	0.082811	0.057108	0.156957
chr2	15283232	16050361	0.106679	0.073779	0.043073	0.069592
chr2	16063240	16632036	0.347271	0.212308	0.125577	0.316125
chr2	16672581	17302506	-0.092730	-0.045912	-0.027833	-0.065587
chr2	17332141	19042733	-0.042216	-0.019053	-0.011075	-0.058091
chr2	19042782	19850671	0.512676	0.197468	0.123711	0.372442
chr2	19854945	20647672	-0.036245	-0.021220	-0.012681	-0.026637
chr2	20669213	22200782	0.233264	0.099947	0.076425	0.179613
chr2	22201672	23310591	0.442260	0.120133	0.074927	0.368852
chr2	23325226	24921527	0.232082	0.072632	0.051246	0.189343
chr2	24936845	25797153	0.184649	0.067639	0.049625	0.157505
chr2	25823464	26931802	0.181174	0.109280	0.064761	0.155792
chr2	26933891	27644323	0.337308	0.071993	0.058040	0.208703
chr2	27644459	28615688	0.462575	0.210634	0.137029	0.343316
chr2	28712443	30825506	0.336696	0.130117	0.095630	0.267267
chr2	30832012	31804561	0.452138	0.324609	0.192993	0.301871
chr2	31805725	32619469	0.151899	0.081708	0.049147	0.114204
chr2	32619613	33341053	0.442716	0.194652	0.138170	0.363250
chr2	33343413	34252388	0.286682	0.113748	0.080278	0.248208
chr2	34297393	34967086	-0.227419	-0.193305	-0.101124	-0.219402
chr2	34970838	35678819	0.309884	0.160258	0.110881	0.256564
chr2	35745416	36436477	0.485163	0.245150	0.160069	0.390215
chr2	36438973	36826530	0.208092	0.116543	0.075403	0.176471
chr2	36826557	36997351	0.476499	0.477952	0.303719	0.361875
chr2	37008627	37530243	0.542857	0.280848	0.193849	0.389136
chr2	37530416	37776801	-0.100478	-0.112100	-0.055182	-0.065150
chr2	37782507	38378902	-0.117406	-0.079868	-0.041139	-0.095483
chr2	38449310	39132473	0.364710	0.204340	0.132718	0.290108
chr2	39143845	39516912	-0.049137	-0.031778	-0.018574	-0.041823
chr2	39525095	40592369	0.217723	0.100716	0.064776	0.174632
chr2	40628999	41416005	-0.354998	-0.271036	-0.130706	-0.301530
chr2	41416056	41986891	0.074351	0.057466	0.030025	0.066990
chr2	42004028	42585257	0.084379	0.032598	0.023418	0.079179
chr2	42613958	43486459	0.226627	0.116248	0.081375	0.190840
chr2	43629767	44534917	0.442961	0.156406	0.114961	0.354025
chr2	44567475	45638193	0.259536	0.104167	0.078403	0.203455
chr2	45655578	46385007	-0.288000	-0.162528	-0.105002	-0.233668
chr2	46385091	47641684	-0.055263	-0.024691	-0.017111	-0.045553
chr2	47645561	48254094	-0.130172	-0.075109	-0.048197	-0.086172
chr2	48304734	49125460	0.292570	0.099842	0.076371	0.230769
chr2	49131132	49928484	0.434031	0.125131	0.099416	0.292453
chr2	49931427	50695593	0.024440	0.010928	0.008235	0.024176
chr2	50791369	51332587	0.358821	0.203178	0.150132	0.318592
chr2	51341890	52249295	0.078089	0.032618	0.022323	0.066592
chr2	52263181	52733054	0.417483	0.326787	0.205996	0.299410
chr2	52733105	53308200	0.112803	0.050869	0.034533	0.081638
chr2	53308757	54249298	0.364301	0.204728	0.136457	0.301453
chr2	54249934	54960731	0.111334	0.051003	0.038716	0.095883
chr2	54960792	56111232	0.558032	0.305556	0.198469	0.499318
chr2	56111233	56697368	0.092246	0.042099	0.026532	0.066029
chr2	56701963	57349422	0.314305	0.147031	0.096069	0.267429
chr2	57375551	57843626	0.304826	0.157068	0.097035	0.276498
chr2	57858283	59813103	0.279510	0.085363	0.058882	0.229275
chr2	59816062	62752977	0.043636	0.014320	0.010187	0.037585
chr2	62778345	63747506	0.506291	0.137189	0.105961	0.398212
chr2	63748132	65385958	0.241571	0.118012	0.065703	0.193084
chr2	65400389	66127602	0.225363	0.137303	0.069394	0.209110
chr2	66127754	67064131	0.372082	0.125231	0.091719	0.229053
chr2	67068151	68064712	-0.113500	-0.040472	-0.027169	-0.077698
chr2	68064747	68782734	0.407473	0.206298	0.127906	0.317357
chr2	68796223	69472198	0.015477	0.005289	0.004083	0.007692
chr2	69475803	70278979	-0.299270	-0.115061	-0.078917	-0.224371
chr2	70279410	71170897	0.034749	0.013267	0.007586	0.030769
chr2	71180953	72068774	0.225000	0.096540	0.064086	0.179487
chr2	72076488	72889497	0.327853	0.100163	0.083818	0.246285
chr2	72891870	74129108	0.211900	0.067934	0.051553	0.211813
chr2	74142202	74611594	0.083827	0.032054	0.024256	0.060570
chr2	74620428	75465263	0.155313	0.057071	0.045908	0.153432
chr2	75465272	76249794	0.107570	0.062123	0.043122	0.068878
chr2	76267484	78857222	0.278102	0.059139	0.047673	0.236593
chr2	78862503	83439310	0.106878	0.047724	0.030012	0.097647
chr2	83485268	84117166	0.616006	0.325051	0.235094	0.438400
chr2	84118997	85168415	0.608931	0.332922	0.229553	0.500742
chr2	85246492	86934596	-0.031967	-0.009467	-0.006911	-0.019210
chr2	86938770	89331500	-0.023485	-0.005684	-0.004435	-0.019971
chr2	89337462	90917327	0.366697	0.086202	0.068349	0.293900
chr2	90995459	92889273	0.366448	0.147319	0.109964	0.297489
chr2	92892032	93851247	0.296225	0.161563	0.086149	0.222870
chr2	93860309	95065418	0.208258	0.097349	0.064831	0.150739
chr2	95125430	96101321	-0.131544	-0.066276	-0.038684	-0.088768
chr2	96101598	97453573	0.354115	0.159760	0.089299	0.260710
chr2	97460314	98737535	0.123481	0.060881	0.031921	0.100736
chr2	98778107	99644015	0.440492	0.183615	0.113102	0.352815
chr2	99649766	100493149	0.346485	0.249355	0.147481	0.287500
chr2	100500750	101183452	0.472500	0.173966	0.131455	0.374497
chr2	101183500	101645820	-0.034937	-0.013521	-0.009358	-0.007444
chr2	101662943	103794715	-0.073588	-0.019794	-0.014836	-0.043935
chr2	103801724	107009476	0.363951	0.199620	0.137690	0.345395
chr2	107021293	107811214	-0.102589	-0.046917	-0.029699	-0.069079
chr2	107817244	108669658	0.053900	0.019417	0.014943	0.046440
chr2	108682440	109599450	0.077951	0.038377	0.024484	0.061111
chr2	109608893	110854853	0.019108	0.007300	0.005045	0.014374
chr2	110854952	111821928	0.419811	0.160747	0.121890	0.340996
chr2	111850381	112849673	0.173930	0.103645	0.065286	0.154809
chr2	112854545	113600763	0.466172	0.207097	0.151834	0.372230
chr2	113607877	114036306	-0.181628	-0.124330	-0.076383	-0.137658
chr2	114042386	114609348	0.243925	0.199313	0.114801	0.185106
chr2	114621071	114979432	0.467262	0.245985	0.172781	0.306122
chr2	114984660	115334789	0.180240	0.151261	0.071053	0.114973
chr2	115335534	115668166	0.129266	0.085884	0.051148	0.099052
chr2	115668858	116207985	0.486309	0.224867	0.135842	0.300000
chr2	116210282	117630640	0.151007	0.063103	0.044324	0.099010
chr2	117646609	118329059	0.230355	0.083360	0.062265	0.161410
chr2	118329061	118922106	0.550413	0.328079	0.223790	0.459945
chr2	118933997	119591464	0.151708	0.116933	0.059108	0.134942
chr2	119595624	121180207	0.024732	0.018394	0.009783	0.021082
chr2	121208216	122490249	-0.053321	-0.031156	-0.017724	-0.035514
chr2	122494779	123531412	0.470714	0.276460	0.201188	0.404409
chr2	123584559	124610436	0.185087	0.073415	0.043195	0.157656
chr2	124611900	125488924	-0.021828	-0.008297	-0.005373	-0.017429
chr2	125489030	126426697	0.629808	0.298803	0.203706	0.466431
chr2	126440009	127351050	0.426070	0.182957	0.122878	0.298772
chr2	127548821	128436668	0.043269	0.019967	0.013105	0.031746
chr2	128441256	128800618	0.373325	0.294710	0.193837	0.315364
chr2	128807658	129505182	0.120941	0.053865	0.038062	0.073072
chr2	129513255	130505991	0.298712	0.153203	0.102038	0.263543
chr2	130514423	131592395	-0.064850	-0.029157	-0.018035	-0.048184
chr2	131618276	132531125	0.019413	0.010650	0.006558	0.012026
chr2	132539730	133566470	0.313813	0.143148	0.098223	0.235887
chr2	133567955	134152850	0.146199	0.083333	0.059837	0.122110
chr2	134262243	136886156	0.518345	0.200743	0.148017	0.336185
chr2	136897779	137825562	0.093059	0.050988	0.034120	0.078505
chr2	137825698	138210420	-0.404432	-0.304696	-0.163738	-0.323725
chr2	138213234	138568621	0.244928	0.109079	0.089479	0.194680
chr2	138569798	139236947	0.165822	0.103301	0.069537	0.121701
chr2	139237015	139938593	0.180773	0.105552	0.074175	0.175873
chr2	139950561	140841703	0.506095	0.255459	0.186630	0.358396
chr2	140894550	142018472	0.386503	0.151034	0.111851	0.320755
chr2	142019266	142623894	-0.082536	-0.029004	-0.020652	-0.032086
chr2	142629237	143961146	0.478169	0.190886	0.129561	0.331631
chr2	143961154	145225803	0.056924	0.023862	0.016663	0.048008
chr2	145248250	148135038	0.500413	0.256345	0.188785	0.394330
chr2	148160623	148959456	-0.007030	-0.003280	-0.002139	-0.004030
chr2	148961014	149542986	0.479124	0.211907	0.161762	0.401195
chr2	149542998	150563597	0.120000	0.033525	0.027337	0.101780
chr2	150605216	151448886	0.555865	0.216744	0.162369	0.445112
chr2	151497157	151913993	-0.006939	-0.004158	-0.002517	-0.005594
chr2	151914118	152789927	0.469469	0.152885	0.119409	0.380835
chr2	152820778	153479702	0.243585	0.072573	0.055851	0.226990
chr2	153479731	154100228	0.249045	0.117368	0.076808	0.212823
chr2	154100921	155050825	-0.143561	-0.045348	-0.034591	-0.124390
chr2	155101676	156179992	0.048635	0.023924	0.014649	0.024451
chr2	156181138	156968154	0.263486	0.122082	0.091685	0.171032
chr2	156977550	159089207	0.207030	0.102919	0.066264	0.162353
chr2	159092672	159821791	0.043695	0.029565	0.016282	0.026794
chr2	159824899	160745232	0.168974	0.057650	0.044748	0.112120
chr2	160785798	163050562	0.000000	0.000000	0.000000	-0.000000
chr2	163059701	163656105	0.488981	0.239365	0.183664	0.410615
chr2	163657288	165006923	0.063889	0.021657	0.016099	0.050998
chr3	2019270	3254847	0.574197	0.192323	0.138960	0.414838
chr3	3283634	4011955	0.051215	0.027455	0.018220	0.036533
chr3	4073055	5316277	-0.348315	-0.120560	-0.088808	-0.330314
chr3	5320348	6319803	0.449887	0.191530	0.144885	0.381044
chr3	6321972	7218781	0.269198	0.186715	0.114959	0.212709
chr3	7219540	7871227	0.056578	0.031824	0.021388	0.033653
chr3	7877187	10034782	0.343664	0.170627	0.109322	0.266196
chr3	10070004	11227929	0.357042	0.263582	0.172713	0.328689
chr3	11241417	12128474	0.118421	0.098453	0.051433	0.100028
chr3	12134733	13055269	-0.007972	-0.003275	-0.002201	-0.005848
chr3	13173204	14060541	0.584142	0.340749	0.258552	0.493499
chr3	14072903	15006308	0.103448	0.038289	0.027004	0.085557
chr3	15042616	16018549	-0.174916	-0.060043	-0.045604	-0.153252
chr3	16026539	16935760	0.721230	0.380739	0.266703	0.633275
chr3	16938307	17706244	0.022113	0.015924	0.010722	0.018882
chr3	17719537	18387813	0.403409	0.206275	0.128174	0.322434
chr3	18419943	19406688	0.493606	0.283268	0.220362	0.465809
chr3	19480296	21766621	0.208181	0.071019	0.045864	0.171171
chr3	21779921	22602315	0.428891	0.233482	0.160782	0.403644
chr3	22606872	23597441	0.214583	0.096307	0.068054	0.190191
chr3	23603147	24218541	0.275989	0.093502	0.069971	0.233100
chr3	24249102	24790539	0.336998	0.097268	0.073353	0.231984
chr3	24841903	25482620	-0.155718	-0.071978	-0.054138	-0.141892
chr3	25486086	26260706	0.174433	0.085680	0.056453	0.159924
chr3	26288910	26782260	0.229979	0.104231	0.080197	0.190527
chr3	26790023	27900354	0.680656	0.421266	0.252003	0.561992
chr3	27901673	29177406	0.263195	0.087012	0.059184	0.243926
chr3	29181926	30021666	0.616283	0.307826	0.187689	0.540280
chr3	30022605	30566799	0.187067	0.104348	0.069918	0.168399
chr3	30567479	31162524	0.518046	0.295581	0.178428	0.488738
chr3	31174937	31902560	0.334488	0.147010	0.097154	0.306667
chr3	31916579	32901288	0.413793	0.198748	0.149181	0.361607
chr3	32919777	33760791	0.429915	0.251421	0.166505	0.413824
chr3	33794343	34333531	0.498104	0.321370	0.214441	0.405072
chr3	34347512	34770781	0.674306	0.373830	0.236831	0.528189
chr3	34778782	36106603	0.458389	0.185955	0.126702	0.398424
chr3	36119397	36333029	-0.279693	-0.550251	-0.204577	-0.132326
chr3	36371772	37826202	0.201287	0.087740	0.062643	0.167585
chr3	37826576	39253096	0.255493	0.163006	0.112016	0.206674
chr3	39265620	39763251	0.312500	0.264739	0.138073	0.256713
chr3	39830643	40900464	-0.352785	-0.236444	-0.133222	-0.291028
chr3	40906176	42328385	0.348609	0.151736	0.105432	0.229032
chr3	42344544	43337415	0.513716	0.307081	0.224197	0.451064
chr3	43337755	43605583	0.053196	0.046005	0.029193	0.039121
chr3	43615237	44069564	-0.247942	-0.218927	-0.105337	-0.191262
chr3	44082821	44739079	0.248217	0.100709	0.069767	0.192053
chr3	44753959	45421844	0.703704	0.415014	0.257637	0.545817
chr3	45475524	46124105	0.379485	0.148679	0.106262	0.313755
chr3	46169533	46605060	0.170263	0.139508	0.073497	0.123016
chr3	46606579	47453781	0.091574	0.050981	0.029138	0.077333
chr3	47470833	48078594	0.342297	0.158479	0.113398	0.310481
chr3	48081200	48596650	0.192211	0.104034	0.064941	0.151936
chr3	48596670	49699225	0.157732	0.086932	0.049046	0.116616
chr3	49713588	50186503	0.084788	0.040356	0.027568	0.070932
chr3	50187458	51322557	0.173443	0.088656	0.062795	0.128276
chr3	51324155	51901303	0.249527	0.109422	0.075739	0.213132
chr3	51904484	52242740	0.210136	0.133911	0.082258	0.158998
chr3	52256389	52997326	0.317514	0.193304	0.132526	0.272727
chr3	53001081	53645875	0.080537	0.051378	0.032427	0.072650
chr3	53646116	54278523	0.424893	0.198915	0.148783	0.307263
chr3	54288290	54910907	0.276852	0.109116	0.073558	0.226504
chr3	54917154	55688692	0.233659	0.102060	0.065150	0.204932
chr3	55700987	56523786	-0.318924	-0.160382	-0.109347	-0.230172
chr3	56624745	57094799	0.174020	0.089665	0.065609	0.147507
chr3	57102502	57462222	0.066022	0.028522	0.019915	0.038279
chr3	57501448	57786436	0.056454	0.025125	0.016392	0.053321
chr3	57806804	58192445	-0.011162	-0.006054	-0.003710	-0.008651
chr3	58206935	58906814	0.343817	0.195540	0.139535	0.257586
chr3	58917452	59716334	0.542945	0.267736	0.200000	0.498030
chr3	59722712	61735194	-0.054900	-0.017662	-0.011909	-0.060689
chr3	61743614	62559251	0.083290	0.029422	0.023550	0.053892
chr3	62561858	63535849	-0.252986	-0.082100	-0.057187	-0.192934
chr3	63545204	64161415	0.213920	0.085005	0.056609	0.160976
chr3	64170816	64936277	-0.325606	-0.162205	-0.108421	-0.289714
chr3	65039936	66436428	0.056686	0.028431	0.016709	0.039683
chr3	66461289	66914830	0.080851	0.041394	0.028539	0.067938
chr3	66935846	67743702	0.252162	0.103684	0.071975	0.199344
chr3	67746748	69009814	0.338996	0.111760	0.080371	0.237947
chr3	69009936	70497243	0.142319	0.055720	0.036333	0.124024
chr3	70497373	71481204	0.073939	0.034977	0.021291	0.064735
chr3	71528205	72995101	0.170203	0.080009	0.046606	0.138306
chr3	73003700	74067160	0.244608	0.113001	0.075291	0.198973
chr3	74067995	75004683	0.151798	0.084154	0.049731	0.111765
chr3	75005308	75690964	0.197222	0.081609	0.058268	0.150957
chr3	75704083	76171150	0.367122	0.202785	0.136871	0.254830
chr3	76171304	76584248	-0.123217	-0.097737	-0.049634	-0.098650
chr3	76585299	77180294	0.046450	0.019256	0.011645	0.033630
chr3	77180343	79210481	0.107040	0.046570	0.034715	0.077137
chr3	79232989	80551047	0.443447	0.165707	0.112841	0.369945
chr3	80553535	81405440	-0.111006	-0.046908	-0.031382	-0.078390
chr3	81474577	83046613	0.016030	0.007468	0.004946	0.013162
chr3	83052258	84210968	0.263562	0.188725	0.118511	0.187435
chr3	84249619	85115395	0.228866	0.070746	0.052742	0.189097
chr3	85116503	85641333	0.424451	0.308076	0.175419	0.346607
chr3	85643011	86645627	0.488205	0.262552	0.157976	0.376762
chr3	86688229	87334939	-0.400368	-0.226474	-0.136118	-0.324143
chr3	87336978	88184180	0.238372	0.138078	0.080403	0.194907
chr3	88189493	89705448	0.337741	0.122140	0.093546	0.278295
chr3	89730103	91484886	0.172927	0.041918	0.033725	0.152609
chr3	91530033	92413637	0.259139	0.134373	0.085367	0.250215
chr3	92414111	93723343	0.203390	0.056798	0.040703	0.167109
chr3	93725146	97098182	0.410220	0.215889	0.140749	0.305479
chr3	97112380	98117114	0.111619	0.048552	0.037045	0.066712
chr3	98117312	99020053	0.355783	0.113357	0.090548	0.274056
chr3	99043663	99999738	0.031885	0.011795	0.008900	0.025340
chr3	100007425	102607532	0.184308	0.093241	0.062161	0.153231
chr3	102611606	103450846	0.299551	0.165107	0.108853	0.208333
chr3	103450920	105017263	0.174116	0.097297	0.069684	0.155080
chr3	105018727	106803372	0.325855	0.078852	0.062030	0.265381
chr3	106805083	107666975	0.370722	0.143717	0.092894	0.326269
chr3	107676857	108826607	-0.009793	-0.002757	-0.002212	-0.008483
chr3	108827144	109870031	0.424141	0.202939	0.133813	0.409211
chr3	109878190	111377004	0.481979	0.266419	0.163982	0.390981
chr3	111418500	112727511	0.066167	0.033236	0.022269	0.054755
chr3	112740223	113618748	0.132410	0.090079	0.057400	0.100196
chr3	113637078	114351866	0.257143	0.075412	0.059100	0.200615
chr3	114352504	115220366	0.187085	0.094843	0.063926	0.136408
chr3	115225971	116424502	0.114146	0.043635	0.032264	0.107939
chr3	116428302	116916858	0.176312	0.085518	0.059613	0.128764
chr3	116917340	117386271	-0.064732	-0.029652	-0.021843	-0.053049
chr3	117386298	117981844	0.102242	0.050768	0.034239	0.053080
chr3	117983516	119041824	0.282617	0.130056	0.075617	0.205150
chr3	119063920	119733775	0.390199	0.183631	0.136153	0.355143
chr3	119741690	121084175	0.127088	0.039939	0.031912	0.108944
chr3	121088137	121816447	0.218608	0.133317	0.090368	0.165369
chr3	121829551	122604201	0.280088	0.111216	0.087034	0.233183
chr3	122609838	123277120	0.177570	0.082649	0.054922	0.113320
chr3	123277170	123851149	0.233021	0.115967	0.074485	0.177943
chr3	123853689	124781847	0.234238	0.091802	0.062451	0.174477
chr4	743874	2291759	0.045174	0.021153	0.014275	0.033116
chr4	2292676	5091168	0.063723	0.027580	0.019549	0.048804
chr4	5091291	6539409	0.447858	0.194075	0.145960	0.336297
chr4	6638362	7041027	0.367545	0.225788	0.145765	0.255814
chr4	7068473	7715034	0.430809	0.265131	0.170249	0.326948
chr4	7715232	8391881	-0.085333	-0.051969	-0.033482	-0.063033
chr4	8508326	10143808	0.394422	0.199731	0.110354	0.325777
chr4	10210953	11575984	0.168991	0.036888	0.030849	0.121429
chr4	11593317	12963551	-0.032861	-0.012696	-0.009174	-0.035058
chr4	12969225	13666564	0.157205	0.071878	0.041618	0.115894
chr4	13674718	14553057	0.503946	0.271856	0.186522	0.463047
chr4	14554452	15760493	0.143114	0.043207	0.031702	0.109429
chr4	15817169	16548057	0.220645	0.126122	0.077010	0.196755
chr4	16549444	17155259	0.223700	0.138301	0.091118	0.180959
chr4	17188233	18114458	-0.191649	-0.052972	-0.038935	-0.161222
chr4	18152826	19358491	-0.105508	-0.046866	-0.032055	-0.096915
chr4	19384540	20300061	-0.115514	-0.067232	-0.041689	-0.117774
chr4	20495904	21298426	-0.170783	-0.087572	-0.057039	-0.125461
chr4	21298430	21689523	0.086934	0.044953	0.031463	0.053023
chr4	21690327	22383156	0.513097	0.297765	0.167786	0.354741
chr4	22392460	23313745	0.188341	0.111074	0.052459	0.144703
chr4	23313749	24043202	0.181327	0.139667	0.057165	0.145447
chr4	24051809	24739987	0.396670	0.238025	0.140894	0.276451
chr4	24742035	25402077	0.450630	0.221305	0.136755	0.276894
chr4	25409647	26732852	0.317168	0.182852	0.108758	0.291877
chr4	27122689	28888734	0.142132	0.052533	0.032896	0.120643
chr4	28889112	29497775	-0.111801	-0.055839	-0.037668	-0.085714
chr4	29514966	30399368	0.078947	0.015544	0.012711	0.052670
chr4	30399369	31552196	0.390264	0.196534	0.125557	0.280628
chr4	31565715	32717153	-0.164234	-0.083353	-0.052348	-0.119260
chr4	32719179	33257699	0.444167	0.301676	0.188014	0.289552
chr4	33261122	34173821	0.195396	0.150911	0.097588	0.115538
chr4	34186552	34714534	0.175719	0.128755	0.080645	0.103970
chr4	34780430	36691117	-0.015432	-0.005998	-0.003931	-0.011021
chr4	36718277	39795107	0.389360	0.210016	0.134812	0.335474
chr4	39805663	40978592	0.316887	0.240697	0.129178	0.282528
chr4	40978634	41595509	0.112701	0.071815	0.044697	0.081741
chr4	41595553	42304334	0.340034	0.112403	0.086322	0.188991
chr4	42336108	43432033	0.138113	0.057027	0.041191	0.123047
chr4	43465356	44822322	0.399166	0.145121	0.099527	0.348695
chr4	44843812	47428272	0.366102	0.082506	0.064521	0.266996
chr4	47444115	47965219	0.349016	0.157590	0.099615	0.282940
chr4	47988387	48863954	0.446395	0.260986	0.165044	0.291876
chr4	48881717	49418151	0.062006	0.040268	0.022059	0.043220
chr4	49444998	50047688	0.205460	0.081188	0.047472	0.159166
chr4	50048794	51264326	0.801231	0.431626	0.290333	0.694771
chr4	51264359	52292767	0.608600	0.346661	0.246686	0.540434
chr4	52322840	53505421	0.329843	0.174584	0.115946	0.300613
chr4	53511306	54873623	-0.276298	-0.153885	-0.095670	-0.200399
chr4	54896504	55937513	-0.013245	-0.011070	-0.005180	-0.013043
chr4	55954650	56418693	0.704255	0.512116	0.337998	0.677641
chr4	56421254	56888026	0.313367	0.238864	0.146792	0.244444
chr4	56888050	57697542	-0.028010	-0.014419	-0.009369	-0.022016
chr4	57701436	58608246	-0.112803	-0.095603	-0.049995	-0.090286
chr4	58681526	60099913	0.024518	0.012750	0.008041	0.016191
chr4	60119448	60420230	-0.618433	-0.442639	-0.243428	-0.543215
chr4	60420489	61584978	0.390966	0.119420	0.094450	0.254650
chr4	61586825	64403203	0.345974	0.201901	0.140540	0.260536
chr4	64421019	65644782	0.430461	0.182096	0.136693	0.363821
chr4	65672074	66972983	0.469340	0.209787	0.131223	0.411724
chr4	66996657	68478222	0.567757	0.331334	0.222365	0.369863
chr4	68527139	69339452	0.381006	0.292286	0.179191	0.299911
chr4	69356654	70300862	0.014044	0.005955	0.003513	0.011666
chr4	70326636	70772654	0.184615	0.083585	0.054455	0.144457
chr4	70773823	71587634	0.434322	0.179798	0.129994	0.352840
chr4	71632148	73442905	0.198621	0.073988	0.049387	0.157563
chr4	73459251	75012300	0.030314	0.015301	0.008914	0.025894
chr4	75013058	76373323	-0.066459	-0.029402	-0.017926	-0.058598
chr4	76402736	77346127	0.494118	0.220250	0.168988	0.341702
chr4	77366133	79176534	0.184049	0.103788	0.070439	0.169972
chr4	79211248	81031633	0.082774	0.031409	0.021608	0.065179
chr4	81038047	82028960	0.157829	0.079713	0.055304	0.112457
chr5	1041035	1833029	0.168490	0.094170	0.065868	0.138796
chr5	1833400	2546912	0.132911	0.061145	0.040945	0.110721
chr5	2565621	3013756	0.248113	0.124075	0.089086	0.184456
chr5	3013762	3650469	0.329510	0.114325	0.084160	0.281356
chr5	3653169	4236805	0.100191	0.038738	0.028214	0.054409
chr5	4238641	4717867	-0.143219	-0.109620	-0.063932	-0.110969
chr5	4723230	5072070	0.474026	0.249487	0.186161	0.389541
chr5	5086374	5691531	0.070962	0.048481	0.030319	0.054037
chr5	5721232	6225229	0.205161	0.122308	0.068613	0.167427
chr5	6225416	7086519	0.183362	0.081127	0.059057	0.147139
chr5	7092273	7714481	0.565947	0.287571	0.208419	0.501062
chr5	7738457	8324745	0.166803	0.085660	0.046522	0.134653
chr5	8324760	8654915	-0.251134	-0.154686	-0.088248	-0.200000
chr5	8658093	9013449	-0.064655	-0.032392	-0.021941	-0.057915
chr5	9022476	9464793	-0.069712	-0.035031	-0.022003	-0.063340
chr5	9477291	9865916	0.284779	0.147458	0.111592	0.205189
chr5	9871223	10597868	0.161818	0.095562	0.064244	0.161840
chr5	10599516	11579806	0.319387	0.117075	0.082433	0.254844
chr5	11579957	12091196	0.419786	0.192284	0.137098	0.280000
chr5	12108755	12903245	0.572254	0.410609	0.302801	0.481444
chr5	12908913	13371464	-0.151063	-0.083574	-0.053849	-0.130822
chr5	13373851	13842632	0.097974	0.047624	0.029956	0.062562
chr5	13846588	14305916	0.588771	0.297965	0.219065	0.369128
chr5	14307089	14804301	0.229965	0.141498	0.083163	0.161677
chr5	14806577	15203935	0.178327	0.098090	0.067719	0.126919
chr5	15203982	15646897	0.525411	0.281268	0.206614	0.454891
chr5	15679784	16326289	0.201053	0.109414	0.074687	0.174962
chr5	16326392	16839505	0.339492	0.195869	0.122347	0.263986
chr5	16840581	17378724	0.482445	0.290146	0.194444	0.329142
chr5	17378860	19137430	0.049016	0.017163	0.011809	0.037131
chr5	19139978	21721825	0.332577	0.168973	0.110164	0.295264
chr5	21756929	22528666	-0.166900	-0.090152	-0.050855	-0.104016
chr5	22530373	23422240	0.001463	0.000551	0.000409	0.001178
chr5	23455910	24395646	0.529241	0.173644	0.128205	0.353796
chr5	24420129	24988408	0.616628	0.469834	0.292328	0.497714
chr5	24994651	25934380	0.449933	0.183751	0.132019	0.362756
chr5	26023110	26687194	0.507643	0.226595	0.170223	0.451593
chr5	26699238	27976588	0.430561	0.255451	0.125990	0.344902
chr5	27988058	28930208	0.525102	0.316370	0.186013	0.442792
chr5	28932860	30030085	0.076744	0.021830	0.014505	0.068702
chr5	30056333	30995752	0.345000	0.190397	0.121294	0.313778
chr5	31023936	32291771	0.169922	0.095947	0.058714	0.121849
chr5	32292539	33741036	0.140577	0.063696	0.043848	0.082478
chr5	33741054	36001978	0.332524	0.184678	0.112804	0.297180
chr5	36033310	37819596	0.514848	0.275570	0.166740	0.349751
chr5	37845990	39044637	0.460574	0.182382	0.145785	0.307103
chr5	39044647	40273594	0.330133	0.117585	0.089750	0.315789
chr5	40274010	41550230	0.006322	0.002027	0.001553	0.004505
chr5	41550650	42352256	0.589602	0.438683	0.284368	0.469169
chr5	42358541	42884113	0.639961	0.268095	0.198711	0.495886
chr5	42885889	43451797	0.544484	0.392006	0.229179	0.463918
chr5	43477398	44706242	-0.054984	-0.023216	-0.015105	-0.037580
chr5	44722463	45550058	0.109772	0.056113	0.039035	0.075599
chr5	45711892	47928960	0.136364	0.079742	0.046181	0.107628
chr5	47992100	48932873	0.319387	0.141264	0.082986	0.259774
chr5	48971598	50272643	0.089134	0.025249	0.017878	0.036893
chr5	50298946	51723219	0.161625	0.077689	0.053004	0.113752
chr5	51913232	52736888	-0.439883	-0.108696	-0.068599	-0.280980
chr5	52736955	53528412	0.564576	0.206881	0.144978	0.422263
chr5	53533942	55062697	0.049871	0.018283	0.014241	0.042493
chr5	55143448	56401244	0.474506	0.253333	0.186465	0.375000
chr5	56409543	57221964	-0.452538	-0.220039	-0.133871	-0.384124
chr5	57224877	58592448	0.422274	0.182030	0.121105	0.381890
chr5	58941491	59809574	-0.143755	-0.086586	-0.057089	-0.113806
chr5	59811010	60561386	0.318872	0.204167	0.113755	0.225115
chr5	60561393	61379532	0.363048	0.192399	0.135779	0.235312
chr5	61379549	61998730	0.184884	0.106711	0.070354	0.108311
chr5	62001485	62748729	0.439192	0.315357	0.223213	0.350792
chr5	62748946	63494333	0.486070	0.302878	0.225510	0.336036
chr5	63494362	64015061	0.179062	0.085637	0.056309	0.139586
chr5	64023684	65378622	0.068586	0.031280	0.023107	0.053115
chr5	65400087	66426345	0.135616	0.053183	0.038218	0.115789
chr5	66426902	67202384	0.211945	0.079356	0.056648	0.188472
chr5	67208630	68025368	-0.022667	-0.008581	-0.006315	-0.018963
chr5	68031785	68927645	0.048433	0.016412	0.011559	0.026731
chr5	68997823	69547988	-0.049559	-0.018672	-0.013304	-0.025729
chr5	69578094	70047041	0.251834	0.141613	0.082809	0.203423
chr5	70049607	70898049	0.278509	0.109688	0.087235	0.230211
chr6	582354	1240508	0.238278	0.105845	0.075546	0.180527
chr6	1240608	1964578	0.118836	0.061960	0.040060	0.095890
chr6	2073592	2883427	0.058242	0.025000	0.016456	0.048091
chr6	2898279	4282149	0.261965	0.135182	0.096222	0.225852
chr6	4282160	4817977	0.240088	0.156422	0.107090	0.199390
chr6	4824266	5453851	0.213793	0.121062	0.073153	0.155556
chr6	5454363	5824781	0.413889	0.171429	0.136280	0.330133
chr6	5824878	6308797	0.127366	0.071696	0.050020	0.073257
chr6	6309142	7364874	-0.068376	-0.036847	-0.022440	-0.050000
chr6	7409662	8171867	0.485607	0.299447	0.197747	0.392566
chr6	8192645	8728302	0.145695	0.103189	0.063449	0.107702
chr6	8754295	9052928	0.640875	0.396772	0.260335	0.437856
chr6	9062901	9750324	0.418458	0.188783	0.134827	0.328917
chr6	9756376	10517891	0.312449	0.109652	0.074723	0.264645
chr6	10517904	11085274	-0.005648	-0.003009	-0.002036	-0.004522
chr6	11141240	11641000	0.089606	0.047289	0.028252	0.071725
chr6	11648634	12352911	0.214778	0.082902	0.059987	0.164372
chr6	12352928	12950934	0.291498	0.162933	0.117724	0.206659
chr6	12957338	13688677	-0.245154	-0.100593	-0.066563	-0.193519
chr6	13695289	14199329	0.298648	0.202416	0.132029	0.242148
chr6	14200029	14933907	0.238494	0.070550	0.054804	0.177812
chr6	14962862	15887035	0.198950	0.064551	0.051279	0.150980
chr6	15893395	16305311	0.246237	0.130138	0.102430	0.228467
chr6	16346549	18288233	0.004027	0.001863	0.001078	0.003126
chr6	18313029	19413717	0.324485	0.187930	0.113153	0.245640
chr6	19415592	20022920	0.037364	0.023580	0.012863	0.027829
chr6	20028365	20975237	0.511314	0.133403	0.098419	0.417088
chr6	20990483	21983394	-0.187814	-0.090850	-0.053633	-0.163796
chr6	21985171	23805312	-0.097826	-0.029295	-0.022704	-0.091837
chr6	23807432	24772999	0.041322	0.033822	0.020964	0.030508
chr6	24780541	25342653	0.025140	0.013221	0.008554	0.017590
chr6	25342726	25834007	0.157034	0.099861	0.062595	0.118765
chr6	25842982	26370943	0.705699	0.534817	0.357919	0.597893
chr6	26376086	27087858	0.297996	0.122192	0.076309	0.202176
chr6	27130839	28472287	0.450980	0.213339	0.145089	0.370683
chr6	28476374	30006045	0.321021	0.196803	0.150804	0.242326
chr6	30009327	32482544	0.501247	0.339623	0.240671	0.382372
chr6	32485856	33317447	0.172054	0.144420	0.098244	0.118280
chr6	33345854	34357105	-0.277027	-0.157490	-0.110831	-0.223022
chr6	34362636	35804139	0.335855	0.216445	0.136615	0.243360
chr6	35826844	37897456	0.377540	0.179405	0.120065	0.254857
chr6	37992837	39247064	0.251419	0.198524	0.106041	0.227621
chr6	39247358	39845471	0.276022	0.155742	0.093760	0.234659
chr6	39861033	40483868	0.084906	0.047972	0.035172	0.052833
chr6	40497455	41045670	0.400933	0.234724	0.171787	0.314398
chr6	41046039	41396452	0.403587	0.246330	0.184770	0.310410
chr6	41397743	41805506	0.500722	0.232211	0.193171	0.363097
chr6	41807536	42245768	0.390148	0.237363	0.134359	0.332587
chr6	42253246	42784061	-0.039676	-0.021022	-0.012171	-0.032124
chr6	42788263	43405045	0.302003	0.125773	0.089779	0.220495
chr6	43406183	44028504	0.069007	0.031492	0.023370	0.057673
chr6	44042870	44662800	0.220802	0.105620	0.077034	0.195832
chr6	44663119	45105762	0.495887	0.195431	0.159346	0.356620
chr6	45109802	45596587	0.077118	0.027278	0.020499	0.061449
chr6	45635919	46039607	0.130899	0.054708	0.039848	0.099729
chr6	46045880	46739331	0.301435	0.130789	0.086520	0.263606
chr6	46751617	47276652	0.358189	0.149916	0.116282	0.241834
chr6	47279168	47592282	0.352400	0.181531	0.129093	0.260326
chr6	47615987	47966918	0.238462	0.122181	0.084239	0.191489
chr6	47970112	48236826	0.205893	0.126616	0.082618	0.158331
chr6	48237890	48665857	0.353451	0.138940	0.099068	0.288317
chr6	48670243	49471756	0.112817	0.037419	0.027733	0.092048
chr6	49482809	50199980	-0.313291	-0.123596	-0.086491	-0.302041
chr6	50235662	50855200	0.347504	0.159663	0.116091	0.246976
chr6	50858676	51283807	0.070826	0.033333	0.022626	0.056436
chr6	51283808	51784911	0.361502	0.101874	0.075667	0.253084
chr6	51789131	52226789	0.280027	0.138028	0.095222	0.224306
chr7	622555	1509769	-0.105575	-0.037214	-0.026586	-0.086300
chr7	1511287	2194148	-0.005029	-0.002567	-0.001537	-0.004255
chr7	2202045	2791784	0.393443	0.169697	0.120783	0.330997
chr7	2794860	3330280	0.360310	0.153184	0.113200	0.272018
chr7	3334669	3913969	0.179682	0.064006	0.046409	0.173278
chr7	3914992	4210849	0.137771	0.072391	0.043029	0.116814
chr7	4214834	5061959	0.121257	0.049961	0.037578	0.098063
chr7	5064551	5609080	0.004511	0.001840	0.001320	-0.014437
chr7	5610636	6012543	0.420574	0.230890	0.160080	0.338140
chr7	6073742	6372615	-0.148422	-0.084255	-0.052314	-0.110339
chr7	6372634	8233662	0.052672	0.025804	0.016224	0.040588
chr7	8235164	8730472	0.377419	0.145362	0.086036	0.315364
chr7	8730592	9253016	0.011623	0.003751	0.002835	0.026105
chr7	9260900	9822718	0.466716	0.212812	0.155954	0.396935
chr7	9825309	10600190	0.208023	0.107859	0.057844	0.198361
chr7	10607513	11550491	0.627797	0.310064	0.215354	0.487649
chr7	11553061	12862135	0.665200	0.350705	0.209332	0.547592
chr7	12916264	13983412	0.345324	0.187408	0.109620	0.283186
chr7	14069873	14814163	-0.088757	-0.034061	-0.025174	-0.064124
chr7	14853208	15540028	0.638714	0.309102	0.217735	0.493707
chr7	15552211	18360022	0.376527	0.142617	0.089580	0.342079
chr7	18360146	19350491	-0.089862	-0.027650	-0.021314	-0.061417
chr7	19367384	21087948	0.417333	0.202109	0.153256	0.305840
chr7	21181131	21996612	0.316239	0.206128	0.122878	0.214844
chr7	21996615	22645837	0.108793	0.107564	0.061327	0.086083
chr7	22654038	23967134	0.412731	0.267786	0.174449	0.295849
chr7	23977736	25086064	0.198358	0.179752	0.110631	0.155302
chr7	25087216	26836233	-0.177493	-0.113043	-0.063121	-0.127945
chr7	26836348	27925013	0.268622	0.231537	0.138590	0.207266
chr7	27925016	29194714	-0.074778	-0.032135	-0.020927	-0.055330
chr7	29221405	30079728	-0.090537	-0.061013	-0.029064	-0.066168
chr7	30212968	31354015	0.421102	0.226386	0.142379	0.366093
chr7	31354639	31987164	0.409306	0.248207	0.170443	0.349069
chr7	31987204	33121379	0.179800	0.096285	0.065814	0.162000
chr7	33121604	34110017	0.004271	0.002171	0.001419	-0.011887
chr7	34111585	34400078	0.422756	0.269103	0.184805	0.266019
chr7	34400525	34726617	0.168891	0.105277	0.061299	0.133092
chr7	34737425	35103270	-0.196695	-0.165694	-0.083409	-0.127110
chr7	35111875	35901882	0.115860	0.058305	0.041728	0.069595
chr7	35901912	36246434	0.413027	0.240933	0.142274	0.293994
chr7	36249037	37045857	0.070438	0.026030	0.018323	0.044248
chr7	37085862	37870592	-0.021827	-0.009588	-0.007089	-0.018355
chr7	37870631	38510700	0.240630	0.150810	0.088066	0.202780
chr7	38611338	40037284	0.290785	0.117210	0.073869	0.254177
chr7	40056661	40776379	0.450326	0.172860	0.116401	0.363370
chr7	40778578	41018255	0.018884	0.011725	0.007192	0.022649
chr7	41021912	41400338	0.042654	0.018473	0.013068	0.034660
chr7	41400339	42309806	0.089354	0.025481	0.017862	0.081268
chr7	42344215	43146413	0.418087	0.138676	0.110751	0.324071
chr7	43204799	44002559	0.499601	0.183808	0.147211	0.367081
chr7	44044749	44472179	0.153020	0.069519	0.050268	0.126882
chr7	44473223	44894138	0.583680	0.272247	0.193998	0.469525
chr7	44898148	45518305	0.178808	0.095285	0.064163	0.152065
chr7	45518306	45869476	0.095089	0.031857	0.022455	0.096774
chr7	45872757	46455073	-0.034262	-0.012893	-0.009249	-0.027462
chr7	46455708	46862146	0.470628	0.308940	0.232789	0.417654
chr7	46863877	47466956	0.032405	0.012346	0.008247	0.023583
chr8	445852	973214	0.634155	0.357464	0.269429	0.515849
chr8	974935	1634631	0.113911	0.053571	0.037984	0.088665
chr8	1641165	2308704	0.176183	0.058976	0.043947	0.135000
chr8	2315473	2709446	-0.105439	-0.039744	-0.028208	-0.074106
chr8	2709447	3125837	-0.016704	-0.008444	-0.005397	-0.010323
chr8	3126744	3546227	0.230967	0.108412	0.076989	0.197080
chr8	3546265	4280830	0.205265	0.084073	0.057612	0.174163
chr8	4281304	4641975	-0.033816	-0.016591	-0.010441	-0.030568
chr8	4642101	4961616	0.414807	0.296843	0.198239	0.381333
chr8	4964871	5211836	0.278012	0.194920	0.127610	0.201835
chr8	5214139	5529611	0.255989	0.121146	0.080938	0.182454
chr8	5531215	5825316	0.291113	0.191361	0.121259	0.239295
chr8	5828913	6133349	0.323270	0.198302	0.120846	0.283769
chr8	6133432	6381887	0.425373	0.264177	0.169881	0.346605
chr8	6383937	6598983	0.356740	0.252174	0.170296	0.245416
chr8	6603079	7014868	0.058209	0.030863	0.018000	0.043349
chr8	7016037	7254820	0.389202	0.204358	0.142541	0.307544
chr8	7262790	7541431	0.212042	0.137872	0.083692	0.161462
chr8	7547622	8084287	0.187884	0.065854	0.051469	0.136412
chr8	8089105	8384470	0.060325	0.026157	0.018655	0.043689
chr8	8384545	8798728	0.456800	0.310672	0.185290	0.355227
chr8	8818579	9459822	-0.076510	-0.038533	-0.024119	-0.067616
chr8	9485228	10087371	0.427958	0.186564	0.120145	0.274034
chr8	10090757	10727927	0.300196	0.216025	0.118398	0.282019
chr8	10742391	12527517	0.450748	0.237205	0.165522	0.399227
chr8	12563386	13294320	0.072599	0.027589	0.021918	0.063373
chr8	13340767	14318905	0.401219	0.121657	0.075020	0.362881
chr8	14319156	16157610	-0.007457	-0.001950	-0.001545	-0.002234
chr8	16159908	17943477	-0.191882	-0.035848	-0.025607	-0.142584
chr8	17943959	20032387	0.109510	0.035968	0.024614	0.087223
chr8	20039938	21540592	0.254779	0.202691	0.110140	0.239048
chr8	21587603	22700538	0.412223	0.203713	0.138649	0.288950
chr8	22709286	24255568	0.437574	0.261922	0.183450	0.380690
chr8	24289870	25535390	0.034407	0.014113	0.010582	0.027426
chr8	25541852	27378603	0.406404	0.208616	0.133983	0.328405
chr8	27388887	28634263	-0.054696	-0.032803	-0.018384	-0.037316
chr8	28712591	29832319	0.473629	0.239069	0.138325	0.405260
chr8	29839176	30842147	0.132501	0.042864	0.029299	0.089767
chr8	30844515	31283875	0.219263	0.084775	0.058976	0.116601
chr8	31284938	32368338	0.389253	0.144175	0.089029	0.309053
chr8	32370172	33176650	-0.274680	-0.112115	-0.071655	-0.213996
chr8	33214430	33927695	0.353097	0.178085	0.106216	0.289022
chr8	33933667	34446750	0.206983	0.060761	0.048195	0.154427
chr8	34450464	34928117	0.476658	0.216397	0.168330	0.348668
chr8	34946129	35275940	0.397790	0.235487	0.148072	0.318408
chr8	35276140	35799855	0.150226	0.070457	0.044882	0.112871
chr8	35800614	36406152	0.188755	0.081550	0.051050	0.149351
chr8	36415095	36907097	-0.044492	-0.019039	-0.013440	-0.036190
chr8	36943956	37404414	0.254507	0.095665	0.060694	0.197970
chr8	37408670	37762279	0.230639	0.116289	0.084735	0.117274
chr8	37765928	38155367	-0.032834	-0.013835	-0.008681	-0.018123
chr8	38196004	38631236	0.456467	0.218358	0.155934	0.326877
chr8	38635064	39116322	0.113287	0.054448	0.032521	0.084229
chr8	39120183	39719585	0.568019	0.340811	0.193391	0.438306
chr8	39754126	40119877	0.344630	0.155635	0.117374	0.260154
chr8	40128552	40367802	0.099909	0.058160	0.038717	0.067368
chr8	40370304	40758751	0.168346	0.084107	0.058815	0.135885
chr8	40758981	41296032	0.505316	0.119318	0.095626	0.337406
chr8	41307539	41844017	0.152372	0.055430	0.038696	0.125183
chr8	41845101	42446656	0.037777	0.021799	0.013688	0.025295
chr8	42454228	42961465	0.324478	0.137394	0.097270	0.261395
chr8	43029772	43410387	0.197689	0.114612	0.066744	0.137828
chr8	43410701	43797530	0.503002	0.318981	0.254916	0.399928
chr9	761502	1779346	0.321639	0.145618	0.102896	0.218750
chr9	1779351	2519273	0.068399	0.036964	0.024466	0.050986
chr9	2523239	2937642	-0.054604	-0.036119	-0.022155	-0.038931
chr9	2956812	3890491	0.243322	0.078257	0.052329	0.189701
chr9	3891191	4310721	-0.039196	-0.016359	-0.010853	-0.028200
chr9	4317283	4750261	0.220423	0.107110	0.076162	0.220423
chr9	4766451	5341611	-0.204829	-0.087944	-0.058785	-0.169305
chr9	5371981	6679024	0.044539	0.016614	0.011565	0.035979
chr9	6679038	7133385	-0.055556	-0.033398	-0.019148	-0.040567
chr9	7149625	8609819	0.233028	0.094132	0.051665	0.219344
chr9	8610241	10178982	0.090246	0.029191	0.018562	0.062581
chr9	10180367	10545344	0.236034	0.106849	0.061965	0.156573
chr9	10567902	11049019	-0.219119	-0.103641	-0.064899	-0.165316
chr9	11051059	11563121	-0.010905	-0.005855	-0.003658	-0.009357
chr9	11588917	12033320	-0.035732	-0.016293	-0.010686	-0.023970
chr9	12170799	12724774	-0.008575	-0.004561	-0.002652	0.005104
chr9	12749063	13282705	0.076875	0.032980	0.019578	0.042399
chr9	13291577	13764569	0.467513	0.251908	0.152949	0.307764
chr9	13778018	14482740	0.100713	0.035569	0.024908	0.099585
chr9	14498003	15072378	0.681996	0.339525	0.275306	0.521220
chr9	15081599	16155598	0.127693	0.082025	0.042546	0.087442
chr9	16175586	16745496	-0.010638	-0.006053	-0.004163	-0.008403
chr9	16745502	17307857	0.404533	0.194245	0.148981	0.358773
chr9	17309549	18134015	0.443884	0.279661	0.159541	0.395802
chr9	18203171	18961483	0.611111	0.448866	0.264196	0.520140
chr9	19006464	19953775	0.668227	0.529552	0.332170	0.618193
chr9	19961233	21755832	0.378983	0.165947	0.116733	0.322154
chr9	21785191	22810904	0.465196	0.273723	0.206833	0.421611
chr9	22811929	25191823	0.230580	0.120206	0.085845	0.214683
chr9	25198984	26405076	0.680636	0.221934	0.170451	0.579462
chr9	26415084	27859353	0.230007	0.083174	0.059008	0.195946
chr9	27999753	28824820	-0.099142	-0.045589	-0.029749	-0.082765
chr9	28831785	29198137	0.211034	0.116379	0.084906	0.145483
chr9	29224837	30223611	-0.189062	-0.080667	-0.051577	-0.128133
chr9	30228484	30943120	-0.232980	-0.105479	-0.058974	-0.171892
chr9	30956176	31437973	-0.444617	-0.268447	-0.147509	-0.364852
chr9	31442396	31795039	0.345643	0.204545	0.124917	0.256861
chr9	31799052	32702758	0.224633	0.088199	0.062348	0.216453
chr9	32745959	33633521	-0.055833	-0.022914	-0.013239	-0.042254
chr9	33633612	34476469	0.371292	0.257143	0.147922	0.305641
chr9	34478388	35043051	0.413876	0.223562	0.158910	0.342348
chr9	35047010	35390596	-0.027377	-0.021299	-0.012103	-0.022414
chr9	35438523	35799718	-0.029633	-0.020661	-0.013134	-0.026731
chr9	35799806	36301631	0.078358	0.047763	0.032600	0.057747
chr9	36302810	36986141	0.263608	0.137609	0.091696	0.223425
chr9	37008452	37816318	0.258592	0.128997	0.085444	0.157371
chr9	37836110	38499468	0.230210	0.123377	0.085521	0.174954
chr9	38499644	38854611	0.391852	0.243985	0.162346	0.314247
chr9	38857851	39391873	0.118644	0.045792	0.031882	0.074492
chr9	39429207	40023273	0.102488	0.059896	0.035335	0.074700
chr9	40023381	40617726	0.171306	0.077884	0.052649	0.168582
chr9	40619410	41314313	0.120551	0.054189	0.036033	0.107653
chr9	41315045	42335725	0.120049	0.058987	0.035612	0.104247
chr9	42338144	43209403	-0.073691	-0.029431	-0.020535	-0.074257
chr10	1095935	4017534	-0.034517	-0.016358	-0.010235	-0.014912
chr10	4017557	6451103	0.576761	0.269763	0.200883	0.530097
chr10	6454047	7332673	0.660530	0.450301	0.317354	0.612162
chr10	7371968	9549274	0.356508	0.144106	0.098531	0.264706
chr10	9561825	11576365	0.694656	0.268060	0.196605	0.512470
chr10	11583459	13579241	0.171900	0.082923	0.056161	0.147674
chr10	13604665	14904437	0.154942	0.088617	0.056789	0.106487
chr10	14913651	16331189	-0.269831	-0.095607	-0.057397	-0.196113
chr10	16332722	17505676	0.429743	0.189079	0.135237	0.276371
chr10	17508497	18521506	0.498753	0.326087	0.237342	0.360437
chr10	18538158	19308653	0.238749	0.134105	0.090419	0.149456
chr10	19310981	19732394	-0.424730	-0.321162	-0.196680	-0.363148
chr10	19739919	20802216	0.432408	0.263359	0.166638	0.290090
chr10	20828715	21668936	0.495218	0.185630	0.131399	0.420106
chr10	21693850	23647501	0.487901	0.204989	0.137281	0.459947
chr10	23651948	25117143	0.379505	0.178228	0.139735	0.309154
chr10	25151942	25762293	0.048856	0.029077	0.017847	0.053552
chr10	25770163	26152349	0.362013	0.233998	0.152635	0.239356
chr10	26153954	26671755	0.204415	0.132175	0.082113	0.154124
chr10	26672164	27024184	0.093175	0.061898	0.045243	0.069725
chr10	27035993	27429622	0.442209	0.214237	0.169872	0.319581
chr10	27442773	28721396	0.047528	0.012153	0.008754	0.028006
chr10	28755312	29629872	-0.027624	-0.015609	-0.008506	-0.021097
chr10	29635553	30653971	0.538269	0.285176	0.191918	0.403322
chr10	30678653	30989864	0.411259	0.135399	0.096191	0.348687
chr10	30999681	31244910	0.111509	0.053990	0.035394	0.084639
chr10	31267862	32672878	0.026132	0.011770	0.007775	0.019231
chr10	32673095	33206491	0.404980	0.312542	0.210634	0.317575
chr10	33207413	33561108	0.292079	0.172347	0.102624	0.236315
chr10	33570534	34117453	0.024419	0.010082	0.006649	0.018088
chr10	34121970	34538508	0.261745	0.133476	0.080881	0.192118
chr10	34539554	35454561	0.218600	0.133607	0.081633	0.129936
chr10	35454588	36198193	0.248775	0.069775	0.054536	0.204706
chr10	36217215	36805100	-0.286420	-0.157324	-0.098347	-0.245589
chr10	36808935	37324049	0.009761	0.005947	0.003534	0.012295
chr10	37336197	38453121	-0.035921	-0.009494	-0.006976	-0.035879
chr10	38483799	39006723	-0.134709	-0.067766	-0.040801	-0.105313
chr10	39011403	39382185	0.253049	0.106422	0.074378	0.165903
chr10	39389710	40025320	0.075067	0.032252	0.022690	0.063685
chr10	40042782	40917099	0.046071	0.017290	0.013684	0.042143
chr11	523763	2583069	0.228137	0.096603	0.067107	0.205058
chr11	2588825	3083840	0.271488	0.108694	0.081306	0.194926
chr11	3084089	3678892	0.449545	0.193406	0.135972	0.369044
chr11	3684562	4018138	-0.064463	-0.033742	-0.021370	-0.046669
chr11	4018182	4347716	0.218248	0.099160	0.068691	0.173206
chr11	4347757	4731483	-0.259882	-0.188300	-0.091814	-0.216630
chr11	4732273	5226583	0.368039	0.154707	0.115399	0.281829
chr11	5229725	5691696	0.325608	0.139293	0.096785	0.248160
chr11	5702214	5965395	-0.094595	-0.061864	-0.040181	-0.069307
chr11	5969767	6537692	0.263813	0.126895	0.089813	0.235253
chr11	6549612	7324786	0.353982	0.114495	0.086047	0.291734
chr11	7329350	7633132	0.491525	0.215575	0.143143	0.392650
chr11	7639470	7862497	0.195087	0.106104	0.073423	0.149612
chr11	7864892	8229599	0.236991	0.119150	0.084290	0.192469
chr11	8261385	8538792	0.345556	0.211565	0.154573	0.264082
chr11	8560546	9061434	-0.015311	-0.006707	-0.004235	-0.016920
chr11	9073882	9461281	-0.343451	-0.280215	-0.119586	-0.286225
chr11	9462763	10015197	0.219167	0.105983	0.075091	0.171925
chr11	10024647	10401831	0.102845	0.059107	0.036810	0.083481
chr11	10401882	10964365	0.509085	0.282130	0.185459	0.470003
chr11	10964661	11274866	0.278822	0.098115	0.078044	0.185085
chr11	11279233	11577334	0.456878	0.320813	0.213848	0.273813
chr11	11589874	12206438	0.147857	0.055141	0.038877	0.130764
chr11	12207300	12603325	0.341935	0.261836	0.136393	0.217877
chr11	12642465	13462264	-0.024555	-0.011141	-0.006069	-0.026621
chr11	13468583	13963679	0.144809	0.076424	0.046322	0.104950
chr11	13967064	14580443	0.416873	0.244601	0.151170	0.341232
chr11	14593718	15072227	0.059696	0.033504	0.021704	0.050014
chr11	15072309	15417788	0.237219	0.141622	0.084170	0.206551
chr11	15418333	15908621	0.265081	0.192474	0.104997	0.200267
chr11	15954653	16456724	0.196537	0.090148	0.067513	0.144628
chr11	16463042	17155234	0.324171	0.120624	0.082420	0.203297
chr11	17170913	17763756	0.373260	0.129918	0.099371	0.290058
chr11	17763922	18745786	-0.216337	-0.050536	-0.038428	-0.171067
chr11	18768304	20034448	0.468539	0.179201	0.131484	0.429454
chr11	20051950	22145120	0.479345	0.202236	0.124519	0.433404
chr11	22159053	23113886	0.107188	0.088112	0.047306	0.094595
chr11	23115650	23842747	0.517398	0.317475	0.194318	0.430189
chr11	23954636	25665139	0.117123	0.087850	0.047421	0.111111
chr11	25666369	26878839	0.557566	0.409091	0.216097	0.503704
chr11	26883767	27431575	0.075307	0.040120	0.029927	0.043283
chr11	27466636	27955886	0.333009	0.223602	0.151160	0.267815
chr11	27956091	28315081	0.306725	0.188445	0.124778	0.245164
chr11	28331704	28713080	0.278320	0.177239	0.115291	0.217723
chr11	28713562	29313610	0.274554	0.177063	0.114030	0.244116
chr11	29355601	29688328	0.148441	0.075169	0.050582	0.104312
chr11	29699851	30289152	0.056401	0.027332	0.017951	0.051394
chr11	30308036	30848168	0.129007	0.062217	0.037445	0.106383
chr11	30848828	31247628	0.412868	0.214631	0.149963	0.333235
chr11	31247764	31591469	0.187310	0.087983	0.060029	0.120865
chr11	31591595	32087765	0.295324	0.122366	0.082635	0.263514
chr11	32090149	32770277	0.364130	0.185982	0.128846	0.261719
chr11	32770282	33401091	0.327948	0.159382	0.109101	0.218829
chr11	33401093	33799286	0.488185	0.316657	0.229849	0.337650
chr11	33825545	34199616	0.386561	0.229416	0.139177	0.312460
chr11	34201226	34633796	0.304717	0.177519	0.120585	0.241658
chr11	34635491	34960639	-0.112273	-0.052041	-0.032314	-0.077039
chr11	34988600	35406752	0.175385	0.080197	0.053597	0.153329
chr11	35416536	35867184	0.494288	0.279838	0.207898	0.401252
chr11	35895373	36501372	-0.071066	-0.024857	-0.016990	-0.046632
chr11	36501533	36962230	-0.115861	-0.065647	-0.040498	-0.098126
chr11	36966131	37434108	0.162704	0.107670	0.068438	0.137823
chr11	37452937	38359223	0.008170	0.002995	0.002174	0.005839
chr12	343146	2202036	0.169412	0.132383	0.073404	0.154728
chr12	2213261	3524041	0.314806	0.203784	0.130981	0.250477
chr12	3526036	4941225	0.527027	0.336594	0.182300	0.356522
chr12	4987469	6722657	0.161426	0.101116	0.062466	0.135009
chr12	6732861	8009771	0.292472	0.139549	0.091600	0.231974
chr12	8016107	9839623	-0.019802	-0.008314	-0.005531	-0.017121
chr12	9841580	10700048	0.070551	0.033141	0.022356	0.055663
chr12	10700131	11997484	-0.004052	-0.001642	-0.000995	-0.002605
chr12	12000720	13762593	0.423445	0.155036	0.115234	0.371626
chr12	13787750	14888787	0.196598	0.094154	0.070645	0.115419
chr12	14888808	15464838	0.578855	0.291935	0.211390	0.491475
chr12	15471161	16784038	0.378505	0.208643	0.135855	0.276802
chr12	16791443	17210721	0.442279	0.291023	0.182361	0.315959
chr12	17211164	17879109	-0.178947	-0.123915	-0.071744	-0.122638
chr12	17955065	18302019	0.464403	0.381295	0.273372	0.391144
chr12	18305900	19251173	0.634592	0.337064	0.246106	0.521063
chr12	19256350	20151957	0.562055	0.277518	0.172867	0.440625
chr12	20154110	20633909	-0.125959	-0.084520	-0.047409	-0.099678
chr12	20640096	21468847	0.217411	0.084695	0.062813	0.191690
chr12	21591387	22513517	0.228708	0.076509	0.060207	0.138229
chr12	22551339	22904275	0.405577	0.184608	0.138151	0.295601
chr12	22914681	23357313	0.329953	0.125650	0.085984	0.249253
chr12	23358187	23676753	0.202012	0.080618	0.054665	0.198488
chr12	23682201	23989761	0.442540	0.237212	0.170243	0.363661
chr12	23995714	24461943	0.483909	0.188545	0.130575	0.398379
chr12	24463502	24951240	0.374735	0.223720	0.110567	0.320846
chr12	24958010	25449830	-0.012692	-0.009386	-0.004902	0.000000
chr12	25453524	25885237	-0.101382	-0.038973	-0.027693	-0.089147
chr12	25886182	26174275	0.130160	0.062907	0.041316	0.087087
chr12	26185127	26742405	0.211165	0.088235	0.065528	0.177189
chr12	26758672	27550512	0.059746	0.026725	0.018502	0.045381
chr12	27572263	28667653	0.213321	0.076961	0.056048	0.157895
chr12	28676468	29209874	0.341232	0.209505	0.139919	0.265683
chr12	29239188	29631803	0.054067	0.033291	0.019165	0.039337
chr12	29634722	29805523	0.111250	0.070116	0.043670	0.095459
chr12	29806241	30142644	0.146628	0.104420	0.069461	0.097656
chr12	30150064	30779227	-0.260738	-0.170185	-0.096901	-0.190141
chr12	30791738	31160862	0.225176	0.129380	0.085855	0.180905
chr12	31166122	31490401	0.049724	0.025035	0.016245	0.037012
chr12	31501880	31649937	-0.121553	-0.053176	-0.035048	-0.093195
chr12	31659541	31885287	-0.124573	-0.052894	-0.037980	-0.086411
chr12	31885334	32399721	0.301046	0.136125	0.100258	0.223855
chr12	32402863	33123253	0.188787	0.078910	0.055313	0.170045
chr12	33169066	34125608	0.280621	0.092722	0.066594	0.238667
chr12	34136722	35214035	0.280656	0.110104	0.076672	0.247128
chr13	1109959	1996429	0.478296	0.179822	0.144920	0.351017
chr13	1996475	2420833	0.226799	0.073369	0.058171	0.185533
chr13	2446368	3204920	0.189804	0.061504	0.046220	0.155539
chr13	3210281	3615989	0.097190	0.051642	0.037945	0.081929
chr13	3642687	3984303	0.008567	0.005791	0.003654	0.006988
chr13	3995748	4417312	0.184765	0.080014	0.056837	0.153639
chr13	4421901	5057900	0.151762	0.054634	0.038435	0.111480
chr13	5070519	5375446	-0.112782	-0.047767	-0.029380	-0.104364
chr13	5376497	5941629	-0.068003	-0.023145	-0.017162	-0.046931
chr13	5947053	6436268	0.512648	0.181237	0.137592	0.348112
chr13	6445998	6749562	0.523299	0.284912	0.176766	0.412844
chr13	6770464	7588936	0.130638	0.063110	0.042142	0.122558
chr13	7597817	8115017	0.519856	0.151739	0.105004	0.427954
chr13	8118949	8448607	0.053152	0.028853	0.017599	0.042701
chr13	8469082	9161518	0.356734	0.126225	0.084636	0.258746
chr13	9164261	9615845	-0.041030	-0.019051	-0.013591	-0.032924
chr13	9617422	10645792	-0.043770	-0.018791	-0.012715	-0.035294
chr13	10649900	11272624	0.034111	0.016510	0.011468	0.019326
chr13	11273659	11766009	0.182086	0.080281	0.058335	0.110397
chr13	11766111	12165735	-0.014507	-0.008772	-0.005841	-0.010225
chr13	12165786	12492220	0.027177	0.009687	0.006686	0.019744
chr13	12494721	12980918	0.211664	0.101705	0.068361	0.170220
chr13	12999037	13748956	0.475080	0.170407	0.121739	0.398639
chr13	13754083	14551258	0.206658	0.115640	0.073068	0.165500
chr13	14553659	15458170	-0.012601	-0.008142	-0.004835	-0.013255
chr13	15468795	16611587	0.071141	0.049348	0.027147	0.070575
chr13	16616003	17731916	0.339759	0.148590	0.101033	0.281063
chr13	17875770	19014871	0.492555	0.224826	0.141938	0.407720
chr13	19017587	19889889	0.129450	0.097621	0.049165	0.093168
chr13	19897149	20387292	0.332461	0.286574	0.160861	0.257432
chr13	20387852	20854365	0.236975	0.156233	0.089628	0.135795
chr13	20885741	21581919	0.206363	0.125918	0.086068	0.167950
chr13	21582194	22344903	0.293233	0.121989	0.104069	0.273492
chr13	22345217	23044209	0.360508	0.225946	0.159672	0.286009
chr13	23053654	23691768	0.212214	0.152301	0.104459	0.140831
chr13	23721152	24071605	0.515192	0.323651	0.238569	0.492424
chr13	24076975	24534241	0.455471	0.298665	0.198778	0.353057
chr13	24547063	25112114	0.225755	0.144999	0.089048	0.185823
chr13	25151118	25813430	0.256920	0.140127	0.085751	0.204889
chr13	25819409	26686877	0.379747	0.160291	0.115591	0.333221
chr13	26689804	27609211	0.045783	0.019972	0.013090	0.037134
chr13	27609744	27961176	0.054591	0.033066	0.023219	0.043709
chr13	27963254	28293587	-0.229060	-0.103711	-0.065666	-0.185533
chr13	28293590	28713234	-0.251337	-0.090219	-0.062480	-0.159439
chr13	28717270	29224268	0.190197	0.083120	0.060447	0.135690
chr13	29258574	29650101	-0.191699	-0.100257	-0.069698	-0.131363
chr13	29655969	30095343	0.332206	0.170795	0.112094	0.266919
chr13	30095709	30781594	-0.002172	-0.000772	-0.000571	-0.001992
chr13	30782071	31249281	0.090434	0.049570	0.035244	0.071628
chr13	31271196	31711906	0.148302	0.088076	0.054057	0.130767
chr13	31765882	32195308	0.151830	0.088004	0.056225	0.116911
chr13	32233945	32958290	0.150884	0.071558	0.050776	0.145956
chr13	33009552	33641700	-0.321466	-0.081346	-0.059969	-0.308172
chr14	568790	1565125	0.028998	0.013834	0.007922	0.022853
chr14	1609095	2146692	0.129047	0.066943	0.044360	0.091769
chr14	2156944	2744638	0.219094	0.100667	0.072258	0.195601
chr14	2748076	3500361	0.527446	0.226068	0.167477	0.393939
chr14	3500497	4698578	0.336250	0.142085	0.087295	0.284211
chr14	4708783	5171627	0.247132	0.177329	0.110550	0.204252
chr14	5192154	5545568	0.642075	0.351389	0.213168	0.524463
chr14	5551055	5951221	0.138350	0.103882	0.050203	0.099495
chr14	5954084	6536275	0.079374	0.039195	0.025742	0.056647
chr14	6575158	7327952	0.379779	0.195410	0.138798	0.329889
chr14	7328428	7914712	0.138889	0.065533	0.040288	0.132841
chr14	7917103	8432006	0.303628	0.148691	0.099749	0.268184
chr14	8472228	9026802	0.228010	0.085894	0.055222	0.206662
chr14	9052316	9421595	0.253076	0.129905	0.091429	0.193159
chr14	9437193	9902495	0.066731	0.049658	0.030059	0.039113
chr14	9914213	10525767	0.578859	0.252562	0.204384	0.439252
chr14	10530792	10958527	0.099209	0.053251	0.038596	0.096059
chr14	10993984	11287203	0.268983	0.084513	0.066391	0.231540
chr14	11290273	11953377	0.031690	0.013172	0.009167	0.024931
chr14	11978709	12601279	0.235955	0.157219	0.115453	0.175104
chr15	319488	596800	0.249183	0.148788	0.088572	0.194672
chr15	605948	1037215	0.443325	0.317929	0.189979	0.352000
chr15	1042584	1741909	0.299304	0.137424	0.092692	0.223545
chr15	1747429	2415319	-0.267375	-0.122174	-0.071219	-0.215238
chr15	2419109	2978327	-0.334741	-0.118771	-0.077336	-0.251822
chr15	2978530	3471294	0.206667	0.074955	0.053502	0.178674
chr15	3473719	3944000	0.237220	0.084423	0.062017	0.171625
chr15	3958275	4514409	0.234324	0.072765	0.052758	0.205502
chr15	4517829	4982588	0.088327	0.053426	0.036413	0.079365
chr15	4983714	5320676	0.148392	0.071799	0.053739	0.111408
chr15	5363344	5590609	0.383498	0.188949	0.121547	0.272727
chr15	5594227	5807040	0.210376	0.091382	0.071194	0.134721
chr15	5808712	6346158	0.155423	0.080814	0.051456	0.130109
chr15	6348618	6723220	-0.037300	-0.014799	-0.011005	-0.028966
chr15	6723360	7159334	0.289231	0.108337	0.088861	0.237820
chr15	7183249	7563708	0.380435	0.164223	0.118360	0.245902
chr15	7564895	8150784	0.308585	0.167296	0.106032	0.249077
chr15	8203848	8703466	0.470053	0.241864	0.175085	0.379732
chr15	8704760	9325821	0.304270	0.128741	0.095946	0.231864
chr15	9333673	9740168	0.191161	0.079777	0.053711	0.134783
chr15	9749809	10760943	0.271547	0.162284	0.114594	0.221016
chr15	10761389	11410255	0.344124	0.135120	0.099980	0.288836
chr15	11410286	12020478	0.355477	0.149821	0.112035	0.223404
chr15	12023481	12457584	0.261716	0.164373	0.104251	0.174617
chr15	12459498	13022312	0.468245	0.326332	0.241980	0.398961
chr16	471499	1044246	0.096179	0.037289	0.026459	0.053517
chr16	1059975	1772741	0.348954	0.101177	0.078244	0.279479
chr16	1774919	3206911	0.321050	0.089351	0.072686	0.247517
chr16	3244562	4074071	0.342334	0.176427	0.108496	0.269841
chr16	4079543	4421312	0.884244	0.706215	0.372192	0.804250
chr16	4439215	5580734	0.124406	0.049030	0.033395	0.104575
chr16	5599469	6467160	0.320138	0.100114	0.079145	0.273517
chr16	6476450	7487194	0.535040	0.198660	0.155365	0.468784
chr16	7498953	8763520	0.449372	0.192439	0.123576	0.346821
chr16	8770353	9173174	0.121158	0.059505	0.040594	0.108898
chr17	113462	515607	-0.035519	-0.012625	-0.008670	-0.027719
chr17	515609	832222	0.255854	0.103448	0.074946	0.185755
chr17	832230	1322644	0.480000	0.268439	0.183553	0.383059
chr17	1335586	1814700	0.299156	0.155936	0.103962	0.233058
chr17	1816169	2382892	0.311410	0.174318	0.108519	0.244555
chr17	2399362	2959986	-0.002624	-0.001443	-0.000864	-0.002083
chr17	2962760	3494574	0.200399	0.074916	0.051558	0.159397
chr17	3494665	3940165	0.394205	0.189689	0.124309	0.343915
chr17	3942692	4463804	0.132323	0.048836	0.036624	0.111248
chr17	4470360	4999802	0.155880	0.088076	0.054372	0.117850
chr17	4999977	5864021	0.453373	0.172150	0.126897	0.386524
chr17	5874322	6687405	0.485165	0.189288	0.125772	0.349328
chr17	6698822	7427619	0.269289	0.148788	0.084654	0.173377
chr17	7428865	8163431	0.339246	0.137235	0.107340	0.220818
chr18	870966	1502489	-0.053081	-0.026804	-0.014563	-0.055003
chr18	1541911	3150111	0.271632	0.121098	0.083988	0.201155
chr18	3153487	3596583	0.420769	0.232229	0.156293	0.356164
chr18	3617178	4270753	0.255738	0.155942	0.105130	0.196350
chr18	4272893	4597682	-0.021702	-0.011456	-0.007661	-0.016196
chr18	4600636	5203526	-0.119705	-0.038038	-0.027831	-0.063663
chr18	5203532	5480581	0.035294	0.021921	0.014180	0.030594
chr18	5488983	5832173	0.038800	0.028835	0.019036	0.005378
chr18	5833419	6537077	0.056440	0.020856	0.015150	0.041154
chr18	6556275	7047070	0.343977	0.193627	0.124426	0.291155
chr18	7052822	7598012	0.100396	0.040645	0.028960	0.061571
chr18	7600127	8228132	0.305421	0.127931	0.088676	0.216225
chr19	2104334	2805217	-0.159136	-0.086631	-0.046478	-0.142638
chr19	2809498	3577455	0.021799	0.012115	0.008159	0.019475
chr19	3600215	4146217	0.025150	0.010357	0.007238	0.031904
chr19	4146225	5001772	0.344474	0.163705	0.114107	0.289451
chr19	5007235	5599040	-0.201422	-0.121371	-0.065359	-0.180583
chr19	5607130	6113936	-0.001262	-0.000865	-0.000561	-0.001002
chr19	6113952	6681670	0.341935	0.102317	0.072003	0.187050
chr19	6708532	7135774	0.417006	0.262248	0.173775	0.318305
chr19	7135778	7387838	0.607595	0.296956	0.190961	0.434409
chr19	7391398	7930287	0.550163	0.257059	0.187933	0.390010
chr20	443546	1055838	0.580057	0.243367	0.195305	0.471810
chr20	1059141	1828642	-0.066717	-0.041691	-0.026755	-0.053783
chr20	1830609	2553360	0.218162	0.091551	0.069896	0.188011
chr20	2553375	3095061	0.345580	0.178699	0.123992	0.267654
chr20	3098258	3522071	0.288079	0.153253	0.102700	0.239576
chr20	3530190	4097249	0.364981	0.112351	0.076104	0.278486
chr20	4102051	4465196	0.297863	0.135165	0.096683	0.234747
chr20	4494342	5059388	0.234843	0.091198	0.059984	0.142991
chr20	5064768	5510519	0.041273	0.023027	0.015656	0.033850
chr20	5565269	6152899	-0.123164	-0.051182	-0.035590	-0.106203
chr20	6172398	6689415	0.245977	0.156015	0.100125	0.178135
chr20	6689490	7521184	0.418468	0.228296	0.155793	0.323326
chr21	957394	1883726	0.090747	0.044041	0.028543	0.074128
chr21	1895746	2582753	0.175081	0.076751	0.051247	0.154880
chr21	2597476	3343064	-0.078809	-0.033891	-0.023340	-0.065770
chr21	3362421	4782904	0.319588	0.085243	0.068550	0.264848
chr21	4807934	5442691	0.233273	0.109806	0.081822	0.195989
chr21	5442708	6106632	0.095527	0.067787	0.036243	0.075414
chr21	6124901	6630989	0.302872	0.177235	0.122341	0.221939
chr22	244196	1127694	0.136309	0.053344	0.038699	0.121968
chr22	1129136	1513755	0.325621	0.172961	0.112812	0.241422
chr22	1514033	2485012	0.514019	0.252852	0.171320	0.432633
chr22	2511774	3360422	0.086469	0.028553	0.022199	0.068441
chr22	3375129	3922456	0.253115	0.131545	0.091130	0.221841
chr22	3924059	4456305	0.254032	0.114317	0.070375	0.182243
chr22	4463128	5384726	0.105528	0.027023	0.019653	0.064154
chr22	5386874	5651785	-0.056577	-0.024181	-0.016147	-0.021845
chr22	5655969	6238312	0.287894	0.129971	0.082569	0.195130
chr23	773202	1050584	-0.019100	-0.011001	-0.006538	-0.033024
chr23	1074649	1530562	-0.064729	-0.032982	-0.020439	-0.051802
chr23	1676506	2598905	0.199041	0.070729	0.052059	0.162427
chr24	22255	655156	0.310553	0.203156	0.143587	0.212442
chr24	657619	1315341	0.177107	0.066616	0.048194	0.137241
chr24	1337565	1784559	0.341667	0.181761	0.120268	0.285005
chr24	1821874	2428110	0.253149	0.104343	0.075403	0.191410
chrZ	330318	666697	0.635450	0.273104	0.234848	0.521954
chrZ	666705	1004564	0.000942	0.000730	0.000367	0.000882
chrZ	1008196	1188511	-0.696206	-0.361830	-0.234174	-0.622702
chrZ	1188805	1493210	0.065484	0.034209	0.023263	0.048724
chrZ	1495967	2231503	0.180723	0.122744	0.084574	0.174263
chrZ	2268578	2739163	0.003866	0.001998	0.001342	0.003000
chrZ	2742091	3040943	0.259764	0.196324	0.128697	0.226260
chrZ	3044257	3491108	0.296067	0.161727	0.107002	0.262699
chrZ	3493035	3714070	-0.130914	-0.065377	-0.045294	-0.106256
chrZ	3726862	3910851	-0.103627	-0.057143	-0.034418	-0.081948
chrZ	3911443	4149730	0.314010	0.172490	0.118884	0.203682
chrZ	4153357	4280660	-0.239907	-0.267301	-0.128056	-0.167324
chrZ	4282923	4321134	-0.137255	-0.229412	-0.084730	-0.089128
chrZ	4321464	4358653	-0.113330	-0.177665	-0.068138	-0.070470
chrZ	4358670	4384739	-0.467090	-1.457507	-0.303719	-0.299389
chrZ	4384822	4412784	-0.505465	-1.677876	-0.325549	-0.291423
chrZ	4412785	4460161	-0.158371	-0.379061	-0.082677	-0.099052
chrZ	4460168	4492774	-0.217656	-0.361415	-0.103774	-0.129870
chrZ	4493431	4518367	-0.249754	-0.532004	-0.163919	-0.162656
chrZ	4520773	4542979	-0.294742	-0.932813	-0.252966	-0.190979
chrZ	4543023	4562959	-0.348419	-0.722034	-0.181328	-0.207670
chrZ	4564112	4593371	-0.343852	-0.640449	-0.193271	-0.243830
chrZ	4593372	4622077	-0.197802	-0.553156	-0.131621	-0.123060
chrZ	4622089	4634175	0.107730	0.146402	0.083451	0.072750
chrZ	4634267	4671189	-0.107403	-0.125889	-0.048693	-0.078669
chrZ	4671287	4948748	0.060465	0.031791	0.020589	0.048628
chrZ	4948785	5102698	-0.163789	-0.242739	-0.100228	-0.120572
chrZ	5102748	5241203	0.130193	0.133550	0.069669	0.090011
chrZ	5241289	5315037	-0.574055	-1.188581	-0.429509	-0.412489
chrZ	5315044	5427736	-0.103382	-0.195889	-0.067136	-0.059603
chrZ	5427796	5533406	0.096147	0.071736	0.045346	0.074229
chrZ	5533754	5689800	-0.040706	-0.041115	-0.026140	-0.029940
chrZ	5697784	6041135	-0.274916	-0.453975	-0.178601	-0.210884
chrZ	6052982	6605977	-0.022949	-0.016688	-0.009379	-0.018868
chrZ	6606016	6815829	0.151926	0.099883	0.072093	0.115800
chrZ	6815871	6871817	-0.148107	-0.175182	-0.092925	-0.091444
chrZ	6872262	7091102	-0.069672	-0.052218	-0.034436	-0.052129
chrZ	7091156	7215707	-0.201738	-0.285992	-0.138985	-0.147640
chrZ	7237687	7452525	0.092333	0.077096	0.048074	0.065998
chrZ	7471186	7862067	-0.396794	-0.297361	-0.174912	-0.356481
chrZ	7862085	8131869	-0.033383	-0.042135	-0.019854	-0.024181
chrZ	8131925	8813015	-0.274913	-0.174596	-0.082299	-0.211132
chrZ	8814149	8868507	-0.292365	-0.369412	-0.171585	-0.176868
chrZ	8868565	8927132	-0.230415	-0.372517	-0.123967	-0.163636
chrZ	8927139	9046896	-0.295408	-0.303937	-0.159329	-0.188784
chrZ	9051181	9153969	-0.342665	-0.249084	-0.130909	-0.204956
chrZ	9154018	9266006	-0.214945	-0.215134	-0.092930	-0.167065
chrZ	9266313	9314075	-0.063521	-0.134961	-0.039414	-0.035152
chrZ	9317835	9408645	-0.137647	-0.167983	-0.091909	-0.099744
chrZ	9411332	9495049	-0.108357	-0.167396	-0.063249	-0.064044
chrZ	9506889	9640724	-0.289354	-0.328682	-0.148321	-0.243132
chrZ	9646978	10030754	-0.183801	-0.120435	-0.059576	-0.141274
chrZ	10032539	10635161	-0.241860	-0.136573	-0.077893	-0.196474
chrZ	10639558	10992111	0.417062	0.353571	0.204598	0.402706
chrZ	11009500	11394069	0.230274	0.183605	0.101287	0.221626
chrZ	11394073	11832342	0.074875	0.051224	0.029434	0.067692
chrZ	11832383	12250149	0.051710	0.026294	0.015444	0.049934
chrZ	12250162	12587860	0.221283	0.139355	0.095533	0.212546
chrZ	12595997	12806642	-0.202792	-0.193956	-0.102128	-0.171642
chrZ	12808120	13390035	0.129996	0.098912	0.046192	0.110661
chrZ	13390041	14249470	0.010425	0.005637	0.003512	0.009782
chrZ	14249488	14485946	-0.250000	-0.189640	-0.110514	-0.186851
chrZ	14485988	15154459	-0.017581	-0.010505	-0.006036	-0.022129
chrZ	15167231	15901257	0.087337	0.029743	0.021268	0.080911
chrZ	15909874	16560689	-0.060214	-0.043172	-0.023519	-0.040657
chrZ	16560710	17036582	0.022823	0.016965	0.009003	0.017810
chrZ	17037554	17267158	0.496996	0.434852	0.241636	0.449605
chrZ	17277344	17928593	0.249333	0.189785	0.100184	0.228671
chrZ	17939017	18211748	0.004448	0.004142	0.001807	0.003953
chrZ	18218848	18644115	0.385827	0.283101	0.149390	0.312102
chrZ	18644193	19077268	0.126147	0.097691	0.055696	0.092645
chrZ	19077281	19187799	-0.200684	-0.291800	-0.101909	-0.151323
chrZ	19188295	19576463	-0.127764	-0.081081	-0.037901	-0.095941
chrZ	19576484	20266469	-0.284057	-0.154580	-0.092360	-0.248173
chrZ	20284576	20771733	-0.098497	-0.026540	-0.019064	-0.078074
chrZ	20793377	21360511	-0.147014	-0.079317	-0.053427	-0.143498
chrZ	21394998	22131601	0.323053	0.217913	0.129519	0.285319
chrZ	22145751	22466218	0.270492	0.282710	0.176728	0.202680
chrZ	22466272	23172321	0.150502	0.114698	0.059911	0.119929
chrZ	23189973	23935379	0.000000	0.000000	0.000000	0.000000
chrZ	23956081	24680432	-0.199396	-0.204194	-0.084724	-0.170984
chrZ	24688537	25181147	0.321714	0.194092	0.103643	0.294950
chrZ	25200776	25727396	-0.045603	-0.043933	-0.025075	-0.044397
chrZ	25730379	26300532	0.182125	0.133196	0.083024	0.173709
chrZ	26316877	26741651	0.203714	0.171543	0.093670	0.188235
chrZ	26785266	27479801	0.324668	0.203830	0.124771	0.292264
chrZ	27482024	28251001	0.113222	0.063858	0.039687	0.108221
chrZ	28251424	28581040	-0.122933	-0.107649	-0.060488	-0.104844
chrZ	28594622	29146861	0.212121	0.133918	0.083958	0.190045
chrZ	29146907	29977927	0.453611	0.273051	0.178011	0.425965
chrZ	29983852	30890305	0.430781	0.310479	0.167704	0.396818
chrZ	30898591	32261467	0.161398	0.089113	0.047674	0.153239
chrZ	32312586	33584603	0.053057	0.038603	0.024513	0.046812
chrZ	33586097	34678890	0.227447	0.132662	0.080271	0.223585
chrZ	34678906	35150002	0.300640	0.228484	0.110252	0.298578
chrZ	35213561	35860894	0.151515	0.109890	0.065205	0.145833
chrZ	35865139	36342713	0.030583	0.023850	0.014291	0.047031
chrZ	36344919	37201224	0.096045	0.075166	0.047032	0.089474
chrZ	37201527	38204549	0.429421	0.224874	0.146119	0.411095
chrZ	38222028	38881996	0.099099	0.083246	0.051262	0.078261
chrZ	38887043	39916272	0.076471	0.052552	0.031547	0.072829
chrZ	39916306	40583744	0.002915	0.002139	0.001186	0.002656
chrZ	40617353	41565800	0.147182	0.122369	0.073687	0.142424
chrZ	41576461	42428756	0.028239	0.018903	0.012149	0.026034
chrZ	42437782	43391096	0.058632	0.033548	0.022721	0.055046
chrZ	43403821	44005219	0.149611	0.122753	0.073052	0.132743
chrZ	44038408	44792576	0.038993	0.034593	0.019643	0.037711
chrZ	44802414	45550236	0.090015	0.058635	0.042935	0.088706
chrZ	45555966	46008381	-0.179280	-0.194232	-0.103370	-0.173968
chrZ	46008406	48250371	-0.219018	-0.195773	-0.122618	-0.210487
chrZ	48258770	49705827	0.129699	0.058932	0.042804	0.123288
chrZ	49709307	51267566	0.334635	0.215054	0.148460	0.317628
chrZ	51282871	52254154	0.033670	0.015416	0.010894	0.030581
chrZ	52268079	52891312	-0.139284	-0.152358	-0.086672	-0.136179
chrZ	52897080	53508682	0.296731	0.310164	0.180153	0.281399
chrZ	53513312	54107687	-0.168694	-0.127446	-0.077594	-0.148622
chrZ	54112589	55391294	0.134328	0.068256	0.045399	0.133409
chrZ	55403663	56195804	0.142400	0.110834	0.071371	0.133835
chrZ	56301123	57097639	-0.162886	-0.111168	-0.069546	-0.148175
chrZ	57120059	58287042	0.567100	0.540826	0.368726	0.567100
chrZ	58291471	60145901	0.171156	0.104178	0.063269	0.176942
chrZ	60148528	61231056	-0.003630	-0.001584	-0.001173	-0.003436
chrZ	61275163	62036159	-0.067568	-0.033746	-0.024306	-0.061920
chrZ	62054673	62932028	0.005370	0.002106	0.001548	0.015059
chrZ	62948080	63634774	0.065934	0.028188	0.020696	0.048387
chrZ	63641124	64296057	0.441848	0.235345	0.177105	0.429250
chrZ	64312731	65327599	0.108122	0.027925	0.020613	0.102256
chrZ	65336064	66633659	0.261146	0.161100	0.095974	0.251534
chrZ	66683616	67661631	0.165756	0.085321	0.051419	0.163964
chrZ	67667842	68334417	0.563980	0.346655	0.213965	0.547222
chrZ	68365022	69160224	-0.135647	-0.048392	-0.029398	-0.135647
chrZ	69211431	70434549	-0.214838	-0.099463	-0.066459	-0.211568
chrZ	70525986	71864402	-0.069851	-0.027471	-0.018755	-0.062802
chrZ	71945717	73190301	-0.131494	-0.030678	-0.022815	-0.125972
chrZ	73197527	73837578	-0.148432	-0.034681	-0.025609	-0.144603
chrZ	73842502	74560496	0.415825	0.258008	0.170502	0.380000
chrZ	74563799	75144471	0.134786	0.088065	0.057480	0.128759
chrZ	75161981	76256281	0.213018	0.196096	0.111599	0.223433
chrZ	76264263	76884984	-0.219825	-0.150243	-0.089375	-0.210347
chrZ	76893056	77523286	0.226685	0.090379	0.066680	0.182420
chrZ	77564761	78161753	0.237914	0.137412	0.080470	0.232238
chrZ	78166142	79741527	0.127534	0.059217	0.036922	0.121799
chrZ	79748293	80354667	0.169760	0.090029	0.061607	0.155983
chrZ	80360742	80785140	0.178177	0.079375	0.050604	0.170680
chrZ	80798713	81364546	0.449881	0.186575	0.146310	0.418244
chrZ	81366538	82074002	0.211731	0.086499	0.058210	0.205594
chrZ	82078153	82607447	-0.323978	-0.097366	-0.059913	-0.269231
chrZ	82607925	83845637	0.401709	0.154997	0.108790	0.377860
