chr	windowStart	windowEnd	D	f_d	f_dM	d_f
chr1	1228641	1678791	0.343336	0.197864	0.136038	0.256427
chr1	1678796	2023225	0.248108	0.109364	0.070735	0.177838
chr1	2024710	2624086	0.110442	0.083489	0.043237	0.093413
chr1	2647500	3277195	0.083975	0.053022	0.026292	0.070181
chr1	3281595	3623047	-0.123636	-0.138282	-0.060204	-0.105648
chr1	3629242	4262453	0.753609	0.400250	0.222962	0.615078
chr1	4262871	5099970	0.518225	0.337392	0.213642	0.452905
chr1	5128433	5520542	0.124879	0.062929	0.038757	0.091297
chr1	5520799	6295689	0.506963	0.302018	0.185155	0.407110
chr1	6330375	6792467	0.552207	0.310353	0.208845	0.435140
chr1	6792497	7376721	0.286575	0.137136	0.077571	0.250292
chr1	7383316	7846191	0.445393	0.246799	0.163462	0.420862
chr1	7851028	8103872	0.483896	0.260690	0.143949	0.332270
chr1	8103990	8532943	0.200000	0.115579	0.067463	0.147601
chr1	8533339	9406322	0.302820	0.186131	0.105299	0.210454
chr1	9426884	10233657	0.605614	0.402425	0.244649	0.511559
chr1	10285833	12165460	0.185017	0.090430	0.049104	0.135158
chr1	12178891	13696654	-0.064857	-0.036700	-0.014667	-0.045696
chr1	13727590	14429194	0.285459	0.292104	0.156250	0.246533
chr1	14431138	14911313	0.325066	0.228402	0.139873	0.208672
chr1	14916775	15645778	0.461434	0.333333	0.166585	0.320881
chr1	15649557	16628133	0.098186	0.089320	0.040484	0.051381
chr1	16637924	17300469	0.120854	0.105755	0.050767	0.062409
chr1	17301056	17577829	0.128845	0.103994	0.066406	0.088123
chr1	17584678	20201556	-0.113602	-0.045096	-0.030831	-0.099776
chr1	20320294	22281270	0.449301	0.157703	0.108076	0.327422
chr1	22287318	23020535	0.185841	0.077982	0.051687	0.120000
chr1	23022836	24380926	0.288875	0.223668	0.133170	0.219626
chr1	24424520	25118085	0.534567	0.276962	0.184257	0.445389
chr1	25133319	25789476	0.223077	0.109615	0.060789	0.189851
chr1	25803878	26974635	0.384897	0.265420	0.134823	0.293842
chr1	27005285	28069921	0.511646	0.237798	0.134468	0.384798
chr1	28133563	29042750	0.045247	0.020063	0.009879	0.049666
chr1	29051578	29729060	0.482709	0.276555	0.159246	0.391813
chr1	29729190	31628544	0.572917	0.288164	0.175821	0.439042
chr1	31747219	32302075	0.460504	0.268979	0.170292	0.340796
chr1	32302856	32805236	0.703430	0.511610	0.321825	0.671219
chr1	32805246	33439067	0.051962	0.049395	0.022323	0.038492
chr1	33439119	34050109	0.314449	0.167884	0.103099	0.171681
chr1	34054908	34888831	0.402182	0.274274	0.155640	0.292359
chr1	34891778	36134090	0.141187	0.085396	0.044501	0.111111
chr1	36145751	36838020	0.225058	0.119716	0.072106	0.144993
chr1	36838720	37393589	0.284281	0.188209	0.107868	0.216285
chr1	37457434	37827889	0.362061	0.255368	0.162055	0.270753
chr1	37835028	38814175	0.107056	0.053988	0.034021	0.085603
chr1	38819248	39583651	0.295512	0.263198	0.104522	0.236931
chr1	39583672	40592046	0.097933	0.042503	0.023576	0.068264
chr1	40608240	41892394	0.337598	0.191803	0.105474	0.247046
chr1	41921018	43090825	0.126054	0.065917	0.039550	0.087831
chr1	43099966	44117441	0.322168	0.208144	0.126263	0.269591
chr1	44119561	45694726	0.267494	0.164184	0.086718	0.175781
chr1	45705113	48164700	0.030935	0.015262	0.007136	0.026429
chr1	48170269	49199457	0.155149	0.087397	0.049262	0.138623
chr1	49203397	49908992	0.459189	0.224569	0.106961	0.354943
chr1	49909471	50698268	-0.232818	-0.132486	-0.062529	-0.204220
chr1	50706390	51306940	0.301780	0.201295	0.128554	0.256575
chr1	51306996	51892096	0.566935	0.394611	0.243695	0.458279
chr1	51906357	52732840	0.232222	0.173588	0.087649	0.210262
chr1	52732854	53454609	0.024204	0.017218	0.009094	0.007012
chr1	53497177	53830887	-0.057357	-0.027327	-0.015608	-0.031712
chr1	53830994	54557736	0.170884	0.102498	0.062732	0.135202
chr1	54557809	55135426	0.086788	0.058401	0.029577	0.065044
chr1	55139147	55572510	-0.155469	-0.186275	-0.070757	-0.120053
chr1	55680589	56176053	-0.129630	-0.094696	-0.038523	-0.111282
chr1	56219910	56672110	-0.165185	-0.071029	-0.038993	-0.099948
chr1	56676093	57317777	0.441318	0.273326	0.138742	0.356628
chr1	57325262	57938276	0.167927	0.129206	0.050701	0.107713
chr1	57943475	58817697	0.187200	0.084885	0.047139	0.147170
chr1	58817723	59404850	0.154654	0.079855	0.040584	0.133087
chr1	59405945	59927698	0.418333	0.328534	0.178870	0.353633
chr1	59936449	60500012	0.304596	0.225237	0.106648	0.261868
chr1	60607280	61542188	0.163043	0.056172	0.035132	0.140682
chr1	61547120	62237668	0.392516	0.146443	0.095700	0.284382
chr1	62332204	62977070	0.495958	0.277994	0.172559	0.251582
chr1	63007439	63447120	0.045514	0.018090	0.010031	0.033284
chr1	63464829	64921180	-0.185853	-0.102774	-0.056475	-0.165223
chr1	64933295	65888395	0.070897	0.034392	0.020025	0.042028
chr1	65892457	66468246	0.554007	0.308605	0.206643	0.461762
chr1	66472440	67317485	-0.019483	-0.013053	-0.006310	-0.015812
chr1	67328463	68243530	-0.043616	-0.023037	-0.014373	-0.035877
chr1	68245888	68736517	0.100047	0.085749	0.036398	0.070835
chr1	68746102	69467544	0.103722	0.134454	0.049575	0.081902
chr1	69471437	70080514	0.317073	0.184229	0.124115	0.247637
chr1	70091225	71100267	0.315229	0.145669	0.079677	0.227437
chr1	71219523	72022424	0.120353	0.073726	0.039418	0.099809
chr1	72030843	72721834	-0.126761	-0.057494	-0.034915	-0.071888
chr1	72721927	73277812	0.644601	0.307358	0.221464	0.542102
chr1	73293632	74521127	0.310722	0.181896	0.100602	0.253571
chr1	74522889	76457169	-0.107365	-0.044526	-0.028457	-0.080344
chr1	76464313	77184360	0.306245	0.157035	0.090227	0.244584
chr1	77184375	78122125	0.227509	0.091654	0.065083	0.184561
chr1	78123929	78944800	-0.203228	-0.113421	-0.061184	-0.143831
chr1	78946716	79864844	0.364241	0.260565	0.129720	0.280169
chr1	79865400	80684576	0.217316	0.111481	0.073285	0.168570
chr1	80689449	81165650	0.339852	0.269423	0.144841	0.247515
chr1	81166645	81867074	0.497838	0.450631	0.192601	0.340565
chr1	81867642	82691354	0.064474	0.048487	0.022675	0.049029
chr1	82695634	83617692	0.293306	0.142632	0.081917	0.230769
chr1	83617733	84723244	0.424492	0.244212	0.130227	0.319521
chr1	84814791	85418516	-0.269246	-0.158525	-0.090301	-0.227196
chr1	85418896	85858822	0.406851	0.316651	0.156931	0.277439
chr1	85862492	86679949	0.034067	0.026756	0.013699	0.029021
chr1	86704751	87480849	0.590635	0.368454	0.219829	0.508934
chr1	87503399	88424015	0.017361	0.008664	0.005376	0.012523
chr1	88424656	89041086	0.348055	0.191606	0.087497	0.205862
chr1	89042461	89451696	0.640496	0.443237	0.281205	0.494576
chr1	89453652	89832153	0.768631	0.357613	0.247512	0.709033
chr1	89832422	90320508	0.818038	0.372143	0.267529	0.594253
chr1	90321933	90588219	0.572188	0.334484	0.193375	0.521809
chr1	90588623	91223993	0.612903	0.273145	0.190273	0.544948
chr1	91227574	91768083	0.688970	0.340840	0.233824	0.557478
chr1	91768810	92573260	0.321830	0.180317	0.121239	0.258890
chr1	92580798	94277150	0.282412	0.092764	0.065511	0.240752
chr1	94288291	95738407	0.298811	0.105886	0.073650	0.243971
chr1	95768210	96845984	0.591371	0.373181	0.213346	0.530118
chr1	96905898	97659659	0.245205	0.172780	0.079804	0.200224
chr1	97664953	98551865	0.292802	0.158940	0.092296	0.188553
chr1	98559308	100360634	0.279305	0.148633	0.083064	0.245703
chr1	100360668	101063909	0.255000	0.130535	0.085128	0.188192
chr1	101069947	101562080	0.396817	0.197205	0.117021	0.237611
chr1	101624800	102322344	0.677237	0.474478	0.316905	0.570611
chr1	102322808	104134327	0.350195	0.170154	0.104352	0.266402
chr1	104162956	105742066	0.434277	0.275703	0.186264	0.356164
chr1	105758317	106760270	0.703114	0.394395	0.227081	0.590214
chr1	106760277	107850788	0.451354	0.264085	0.156740	0.282663
chr1	107926347	109141401	0.406977	0.250627	0.138231	0.374332
chr1	109238694	112419385	0.630619	0.334139	0.192063	0.530120
chr1	112432432	113764364	0.281210	0.110997	0.068794	0.230305
chr1	113764401	114459669	-0.119072	-0.066311	-0.037362	-0.083953
chr1	114469513	115162454	0.401624	0.199668	0.122810	0.315809
chr1	115176568	116108645	0.099254	0.037658	0.023470	0.058944
chr1	116123774	116792397	0.397664	0.257565	0.135906	0.282944
chr1	116797426	117696866	-0.059229	-0.059066	-0.027016	-0.043478
chr1	117701894	118513499	0.563764	0.290835	0.175978	0.421896
chr1	118519728	119261173	0.644109	0.377362	0.235921	0.501498
chr1	119264553	119966862	-0.016588	-0.012496	-0.007509	-0.014141
chr1	119967941	120783056	0.058661	0.029175	0.016931	0.046367
chr1	120791721	121698275	-0.126275	-0.057136	-0.030211	-0.088417
chr1	121699708	122717299	0.509755	0.223310	0.166223	0.373330
chr1	122718175	122990151	0.481425	0.326663	0.143101	0.356394
chr1	122995418	123388873	0.337063	0.199009	0.123211	0.245168
chr1	123405506	124613641	-0.279939	-0.197928	-0.095914	-0.178250
chr1	124613772	125252455	-0.294249	-0.188022	-0.095504	-0.223737
chr1	125253139	127072158	0.602679	0.315895	0.213995	0.554252
chr1	127086368	128551266	0.396422	0.218531	0.156593	0.252096
chr1	128553696	129480228	0.262961	0.122526	0.075870	0.151384
chr1	129480235	129906375	0.293506	0.239204	0.127224	0.193958
chr1	129913792	131368533	0.547051	0.307620	0.178469	0.439919
chr1	131451751	132036510	0.097297	0.051095	0.029453	0.078164
chr1	132036537	132379334	0.098522	0.061055	0.039359	0.079818
chr1	132434579	133162418	0.289832	0.193790	0.099567	0.203143
chr1	133187754	133666178	0.699222	0.399596	0.267171	0.545992
chr1	133666189	134538685	0.456489	0.205428	0.127207	0.352179
chr1	134541179	135227462	0.634933	0.380674	0.209343	0.541907
chr1	135242007	135868187	0.394089	0.219962	0.142096	0.304348
chr1	135898348	136269795	0.745702	0.501344	0.388218	0.599101
chr1	136272227	136915241	0.117155	0.081366	0.045556	0.092720
chr1	136925372	140411107	0.800394	0.391584	0.226538	0.726572
chr1	140494612	141318350	0.374306	0.239837	0.106667	0.289673
chr1	141318371	141718802	0.279352	0.207753	0.096369	0.241681
chr1	141724750	142239156	0.222638	0.203158	0.097761	0.173577
chr1	142284718	143397156	0.484456	0.394515	0.210491	0.463101
chr1	143403757	144074497	0.203874	0.162737	0.076699	0.144923
chr1	144074830	144967815	0.377551	0.220786	0.141132	0.310273
chr1	144984588	145292668	-0.241902	-0.304752	-0.092673	-0.175288
chr1	145321531	145981580	0.242272	0.163726	0.077380	0.179901
chr1	145989433	146370061	0.699862	0.573891	0.285173	0.591920
chr1	146386920	147276381	0.406601	0.241049	0.152589	0.306187
chr1	147281033	147724421	0.260994	0.175972	0.105324	0.150675
chr1	147724539	148263031	-0.019398	-0.020224	-0.007596	-0.007452
chr1	148268035	149039516	0.360500	0.261137	0.111870	0.281545
chr1	149042436	149289166	0.185742	0.137664	0.067394	0.103048
chr1	149302220	149830077	-0.116256	-0.072615	-0.039041	-0.069156
chr1	149832840	150446286	0.469493	0.310215	0.193603	0.331694
chr1	150457369	151140029	-0.125261	-0.091978	-0.045872	-0.080863
chr1	151145062	151856068	0.274795	0.211633	0.135335	0.209994
chr1	151875050	152239360	0.012909	0.007898	0.004049	0.009208
chr1	152278432	153242960	0.032924	0.022866	0.009535	0.022583
chr1	153284444	154127470	0.062792	0.038321	0.023598	0.044381
chr1	154127485	155939823	0.500191	0.285062	0.183845	0.443055
chr1	155950208	156527387	0.229157	0.176426	0.104097	0.167151
chr1	156530699	157085913	0.307885	0.225688	0.137918	0.225806
chr1	157106676	157808445	0.496726	0.259166	0.167822	0.401836
chr1	157940798	158637970	0.283937	0.250836	0.149233	0.221612
chr1	158639060	159338049	-0.271625	-0.249620	-0.104916	-0.161692
chr1	159348926	159721287	0.182672	0.085117	0.048269	0.122463
chr1	159723083	162978820	0.370087	0.201333	0.118367	0.247525
chr1	163145744	168282660	0.484112	0.175024	0.124316	0.360423
chr1	168287695	169633373	0.348051	0.226606	0.127561	0.249920
chr1	169649750	170758440	0.096845	0.051989	0.028587	0.067005
chr1	170764729	171517928	0.278011	0.156852	0.079311	0.197957
chr1	171531561	173594527	-0.043145	-0.021757	-0.011680	-0.030467
chr1	173761039	176347909	0.120219	0.058955	0.037073	0.098214
chr1	176488346	179122558	0.477135	0.220291	0.143483	0.359780
chr1	179167973	181104831	0.376003	0.190782	0.109660	0.309243
chr1	181105749	181758882	0.232143	0.201355	0.084398	0.211648
chr1	181767019	182559999	0.125097	0.070450	0.036441	0.100124
chr1	182561914	183015410	-0.294118	-0.304216	-0.132425	-0.204678
chr1	183020882	183591898	0.547816	0.341665	0.200253	0.486104
chr1	183592900	184153762	0.461504	0.278198	0.118220	0.332473
chr1	184155287	185009582	0.173216	0.169279	0.066258	0.148966
chr1	185009583	185641157	0.237461	0.174138	0.075949	0.179104
chr1	185643243	186092288	0.475209	0.235232	0.161347	0.373482
chr1	186092439	186806929	0.266055	0.153218	0.073460	0.242767
chr1	186812352	187446749	0.072271	0.028577	0.019583	0.033480
chr1	187446848	188356768	0.064108	0.038371	0.022699	0.039366
chr1	188360057	189467161	0.182075	0.097285	0.058623	0.166774
chr1	189470158	190437645	0.227919	0.136693	0.070580	0.161035
chr1	190437900	191819874	0.261352	0.100876	0.061374	0.186309
chr1	191819883	192549699	0.405018	0.226554	0.149845	0.324528
chr1	192554106	193011770	0.294545	0.166453	0.114955	0.214570
chr1	193025684	194210805	0.651155	0.398974	0.206805	0.552714
chr1	194211627	194862916	0.216526	0.169360	0.072760	0.159616
chr1	194863594	195432055	-0.379568	-0.215821	-0.119446	-0.273497
chr1	195440082	196606038	0.315112	0.260452	0.131008	0.258040
chr1	196624550	197788275	0.626803	0.243044	0.156165	0.453947
chr1	197788276	198698180	0.128344	0.120891	0.063398	0.101878
chr1	198725486	199518165	0.117808	0.122437	0.052554	0.123220
chr1	199518251	200546206	0.195455	0.139610	0.086052	0.144586
chr1	200551635	202338307	0.247140	0.132492	0.079542	0.162379
chr1	202344003	203130214	0.400635	0.176051	0.102391	0.341353
chr1	203150353	204294120	0.302089	0.127623	0.088159	0.244940
chr1	204306184	204653396	0.622070	0.421854	0.320342	0.463273
chr1	204653478	204944287	0.113580	0.126513	0.055663	0.087988
chr1	204948586	205761493	0.128718	0.078413	0.044527	0.089739
chr1	205802549	206793725	0.335616	0.216634	0.120153	0.251766
chr1	206808200	207373771	-0.084078	-0.070915	-0.036787	-0.066071
chr1	207458474	208172002	0.034621	0.017535	0.009904	0.025118
chr1	208172285	208871314	0.322595	0.195605	0.105858	0.216973
chr1	208871919	209560694	0.031163	0.021580	0.010608	0.024766
chr1	209591938	210116993	0.291789	0.253104	0.113756	0.226841
chr1	210123177	210398998	0.229744	0.183081	0.094098	0.155772
chr1	210411754	210904997	0.072776	0.044523	0.026868	0.054958
chr1	210912177	212378316	0.129453	0.060993	0.036359	0.059639
chr1	212411142	213604947	0.350804	0.232622	0.133803	0.332270
chr1	213605716	214527627	0.015974	0.014493	0.006541	0.032425
chr2	90357	668881	0.397378	0.279700	0.134797	0.306790
chr2	680182	1164521	0.212479	0.160561	0.080000	0.190981
chr2	1219880	2489302	0.080613	0.050937	0.025971	0.066740
chr2	2496830	3070338	0.590376	0.274385	0.170203	0.381857
chr2	3070416	4170065	0.350614	0.268337	0.136358	0.281798
chr2	4280680	5119404	0.221374	0.116186	0.070928	0.148374
chr2	5127848	5669985	0.342318	0.265373	0.156762	0.294859
chr2	5670115	6351541	0.283778	0.131377	0.076560	0.166337
chr2	6351551	6714478	0.241433	0.152110	0.086981	0.166483
chr2	6749219	7265455	0.074486	0.061468	0.029392	0.046111
chr2	7280527	8207561	0.451372	0.234586	0.157294	0.370143
chr2	8210760	8860608	0.451807	0.230848	0.172833	0.368067
chr2	8875783	9642918	0.572746	0.362516	0.158424	0.454102
chr2	9643433	10239335	0.014286	0.010975	0.005956	0.015759
chr2	10276385	11534773	0.181609	0.092996	0.052422	0.117735
chr2	11577068	12268916	0.063627	0.046172	0.024560	0.051591
chr2	12279208	13346169	0.081107	0.031629	0.022571	0.050165
chr2	13425199	15108701	-0.055612	-0.038049	-0.016129	-0.034744
chr2	15125060	15573074	0.294148	0.177564	0.113668	0.209506
chr2	15574698	16320777	0.266348	0.147461	0.104359	0.219737
chr2	16325519	16958458	0.175138	0.078520	0.052260	0.159547
chr2	16965745	17597019	0.344762	0.308676	0.183803	0.268762
chr2	17604587	19016698	0.392542	0.196072	0.130025	0.323022
chr2	19042782	19942974	0.413073	0.151087	0.094349	0.324305
chr2	19968042	21126411	-0.029552	-0.014425	-0.009658	-0.021643
chr2	21332716	22359508	0.187983	0.100655	0.057963	0.129051
chr2	22359601	23660234	0.635650	0.217355	0.137400	0.591676
chr2	23664688	24829893	0.275318	0.123878	0.069182	0.223119
chr2	24831742	25416110	0.219824	0.096036	0.060327	0.162434
chr2	25447933	26622712	-0.001284	-0.000597	-0.000397	-0.000933
chr2	26649843	27243604	0.641923	0.327448	0.174399	0.490162
chr2	27247174	27836795	0.526824	0.271839	0.155235	0.419079
chr2	27843130	29305898	0.633721	0.359499	0.219375	0.521684
chr2	29305905	30876141	0.267318	0.170877	0.086656	0.216720
chr2	30892514	32211601	0.051854	0.024133	0.014734	0.044307
chr2	32215413	32806456	0.356451	0.233410	0.146275	0.258555
chr2	32863858	33682129	0.723642	0.376637	0.222550	0.484233
chr2	33682144	34315023	0.241405	0.133293	0.082658	0.186731
chr2	34352506	35064848	-0.539702	-0.346269	-0.202302	-0.514336
chr2	35067004	35996460	0.015955	0.007439	0.004048	0.009781
chr2	35996688	36541518	0.291756	0.181737	0.109911	0.236216
chr2	36542765	36892040	-0.153962	-0.097328	-0.048647	-0.072633
chr2	36904151	37526640	0.339277	0.138720	0.096697	0.213862
chr2	37528531	37775156	0.008815	0.009036	0.004528	0.006334
chr2	37775157	38344028	-0.010207	-0.005871	-0.003976	-0.008916
chr2	38344086	39167157	0.169469	0.083624	0.050921	0.110723
chr2	39176624	39492704	-0.134307	-0.092804	-0.051416	-0.104803
chr2	39500246	40335977	0.430296	0.239852	0.159429	0.349300
chr2	40337588	41227378	0.260569	0.148257	0.084826	0.179762
chr2	41227379	41637622	-0.320768	-0.272811	-0.151723	-0.289121
chr2	41642386	42260259	0.003507	0.001970	0.001092	0.003228
chr2	42260260	42907077	0.291158	0.179721	0.115803	0.227235
chr2	42911358	43899087	0.224660	0.141727	0.059922	0.183604
chr2	43906743	44562388	0.623124	0.318078	0.195494	0.515436
chr2	44567475	45524975	0.424870	0.256744	0.142266	0.344122
chr2	45525028	46290077	-0.042500	-0.026174	-0.015558	-0.033399
chr2	46301434	47123095	0.303030	0.230501	0.122726	0.257707
chr2	47139464	47764732	0.406532	0.325982	0.205206	0.306149
chr2	47779818	48231268	0.242023	0.287564	0.132792	0.196711
chr2	48237889	48688383	0.550330	0.373984	0.213953	0.378332
chr2	48689195	49311601	0.656322	0.431187	0.256083	0.549611
chr2	49311749	49918061	0.661420	0.327567	0.212559	0.533602
chr2	49919094	50511179	0.132004	0.108721	0.051582	0.098956
chr2	50533236	51277995	0.162016	0.129683	0.055147	0.121465
chr2	51279213	52034726	0.015359	0.010511	0.004350	0.011863
chr2	52034789	52653159	0.364275	0.195766	0.144582	0.287208
chr2	52653215	52867917	0.432265	0.284450	0.180484	0.245593
chr2	52873248	53404866	0.341515	0.171885	0.128914	0.237563
chr2	53404919	54530815	0.215625	0.103681	0.061759	0.175127
chr2	54535294	55481432	0.016436	0.012777	0.005696	0.012242
chr2	55488394	56352087	-0.005373	-0.002634	-0.001520	0.001330
chr2	56358497	56733029	0.572753	0.327646	0.206241	0.468822
chr2	56733450	57574010	0.153320	0.067338	0.036580	0.135429
chr2	57580987	58111537	0.294388	0.202660	0.094787	0.199005
chr2	58111603	59804649	0.517761	0.260793	0.140199	0.423429
chr2	59805630	62095443	0.352978	0.223990	0.107896	0.290390
chr2	62098919	63378305	0.796674	0.461464	0.239620	0.675123
chr2	63387060	64065685	0.416932	0.275907	0.191224	0.300106
chr2	64076481	65385958	0.344828	0.147213	0.099174	0.273438
chr2	65400729	66192451	0.309621	0.153022	0.104481	0.254030
chr2	66270269	66891908	0.628685	0.375983	0.242732	0.524252
chr2	66896925	67164741	0.800378	0.544092	0.383640	0.713480
chr2	67166157	68070993	0.202523	0.100522	0.060714	0.178065
chr2	68098811	68810291	0.217597	0.112911	0.064394	0.158879
chr2	68823545	69185366	0.423028	0.365259	0.151236	0.295503
chr2	69200530	69752777	0.293701	0.284832	0.110814	0.254445
chr2	69763742	70551251	0.149280	0.079423	0.040380	0.113846
chr2	70561669	71159298	0.387741	0.212013	0.127462	0.355205
chr2	71160788	71796429	0.569665	0.355923	0.214262	0.477077
chr2	71799259	72107050	0.655629	0.500000	0.346154	0.542169
chr2	72107051	72713674	0.469505	0.321559	0.153692	0.385287
chr2	72770612	74109671	0.105217	0.054496	0.022058	0.074233
chr2	74118156	74495551	0.431146	0.310730	0.150953	0.388440
chr2	74499693	74903021	0.043097	0.041348	0.013864	0.038028
chr2	74909468	75696444	0.449891	0.295528	0.147054	0.363863
chr2	75721940	76329782	0.155255	0.112782	0.064113	0.127508
chr2	76330485	77105909	0.841970	0.525288	0.301627	0.792293
chr2	77115405	79225142	0.505818	0.259864	0.153647	0.386714
chr2	79350233	83485268	0.370439	0.201514	0.122570	0.345999
chr2	83506018	84305375	0.323696	0.141952	0.092186	0.192320
chr2	84325693	86087344	0.558624	0.254433	0.154308	0.397476
chr2	86092481	86847728	0.337634	0.249669	0.125333	0.295669
chr2	86858003	88018197	0.685963	0.492823	0.212844	0.651582
chr2	88022443	89396345	0.088085	0.056954	0.024964	0.063545
chr2	89426249	90329974	0.650215	0.232754	0.154182	0.532734
chr2	90366965	92628553	0.387713	0.212128	0.127596	0.289809
chr2	92631619	93645029	0.225145	0.115799	0.066022	0.162641
chr2	93675225	94478940	0.460517	0.248914	0.164298	0.359913
chr2	94498464	95281667	0.481231	0.339262	0.208533	0.341054
chr2	95286435	96153404	0.340142	0.224195	0.135479	0.289932
chr2	96180870	97834955	0.237552	0.082215	0.053305	0.185405
chr2	97835057	99142009	0.199123	0.066706	0.041751	0.172231
chr2	99143045	99779579	0.203488	0.116209	0.077062	0.145668
chr2	99788406	100896780	-0.048516	-0.019394	-0.011757	-0.031918
chr2	100910980	101288624	0.319828	0.163528	0.084709	0.222460
chr2	101292266	101710316	0.162298	0.093415	0.053285	0.133820
chr2	101710461	102766172	0.534850	0.276874	0.175599	0.433675
chr2	102770997	106841965	-0.016408	-0.008339	-0.004589	-0.012264
chr2	106847461	107778582	0.224563	0.094173	0.065860	0.162715
chr2	107778872	108382234	-0.014327	-0.012111	-0.006408	-0.011765
chr2	108385856	108814018	0.665938	0.466667	0.290657	0.594146
chr2	108842321	109530088	0.067961	0.035576	0.020431	0.044599
chr2	109537611	110347189	0.510903	0.331984	0.175683	0.421053
chr2	110468530	111379357	0.159774	0.104809	0.054097	0.127112
chr2	111379427	112268065	0.439667	0.242417	0.139402	0.326468
chr2	112277059	113144898	0.042507	0.020865	0.013442	0.026054
chr2	113205375	113765523	0.222977	0.144403	0.068594	0.140237
chr2	113767233	114286759	-0.121023	-0.089346	-0.046916	-0.073474
chr2	114287239	114736076	0.269616	0.192699	0.114362	0.186768
chr2	114736129	115201193	0.252381	0.106613	0.076534	0.141463
chr2	115206412	115432084	-0.272234	-0.265563	-0.121405	-0.167954
chr2	115432758	115965461	0.445900	0.214474	0.144185	0.296998
chr2	115976584	117155411	0.366505	0.170493	0.115812	0.283302
chr2	117157178	117732741	0.570198	0.376794	0.228096	0.455614
chr2	117734006	118615259	0.000969	0.000521	0.000272	0.000741
chr2	118618416	119346913	0.312563	0.121218	0.077610	0.224445
chr2	119346962	120189222	-0.161260	-0.131109	-0.065453	-0.120628
chr2	120202732	121856775	-0.250514	-0.176012	-0.095395	-0.190849
chr2	121904506	122771673	0.274368	0.141264	0.093352	0.200000
chr2	122804058	124085285	0.359957	0.228224	0.111303	0.297639
chr2	124105348	124929549	0.039273	0.015546	0.009144	0.063575
chr2	124931990	126024885	0.391489	0.187436	0.112218	0.291139
chr2	126074638	127029726	0.368876	0.143982	0.091833	0.235294
chr2	127056709	128051324	0.423358	0.341320	0.142857	0.320695
chr2	128105281	128602097	0.417317	0.278211	0.192977	0.349384
chr2	128610258	129198987	0.030466	0.021046	0.012341	0.024390
chr2	129205713	129946229	0.260495	0.148877	0.080869	0.164456
chr2	129954424	130739379	0.231362	0.160858	0.094820	0.163043
chr2	130739455	131726110	0.321101	0.184887	0.101334	0.271868
chr2	131727984	132416349	0.464840	0.374383	0.230673	0.354803
chr2	132417265	133289299	0.386283	0.228452	0.125636	0.284125
chr2	133309879	133784371	0.247407	0.162821	0.091741	0.182514
chr2	133801321	135193489	0.446125	0.310957	0.199373	0.332600
chr2	135221628	136893514	0.641883	0.348793	0.227135	0.467323
chr2	136895017	137787795	0.182447	0.118773	0.062901	0.132931
chr2	137787803	138088700	-0.101460	-0.101773	-0.053604	-0.091794
chr2	138091688	138400863	0.379970	0.286963	0.163385	0.256019
chr2	138431248	138737094	0.383434	0.404514	0.161060	0.235192
chr2	138746741	139237015	0.213550	0.179417	0.092153	0.134961
chr2	139238554	140129088	-0.284921	-0.180117	-0.083221	-0.233383
chr2	140129461	141461390	0.260594	0.100810	0.059444	0.188049
chr2	141470263	142109518	0.156279	0.075710	0.044669	0.128244
chr2	142112364	143223617	0.427996	0.204918	0.152685	0.340374
chr2	143270062	143939192	0.772302	0.508959	0.300546	0.535651
chr2	143939613	144521951	0.223849	0.146525	0.087957	0.164363
chr2	144545629	145641158	0.214897	0.130968	0.068086	0.195913
chr2	145641461	148541343	0.250242	0.172150	0.079717	0.163924
chr2	148541344	149298543	0.498344	0.255086	0.171850	0.360487
chr2	149301254	149818883	0.468377	0.299745	0.126796	0.260988
chr2	149821933	150254694	0.732864	0.556015	0.334993	0.644457
chr2	150254933	151094622	0.278689	0.155963	0.085339	0.168121
chr2	151094665	151692890	0.182675	0.121548	0.063332	0.138007
chr2	151693016	152101488	0.476044	0.350798	0.218602	0.406878
chr2	152125243	152805974	0.802899	0.512252	0.269346	0.763085
chr2	152810658	153285057	0.497360	0.416262	0.193728	0.451107
chr2	153303470	153940083	0.000907	0.000400	0.000208	0.000704
chr2	153982910	154573633	0.529933	0.297819	0.175714	0.478958
chr2	154574083	155423991	0.186309	0.161221	0.053140	0.150513
chr2	155476219	156153160	0.189212	0.124932	0.076140	0.135309
chr2	156158165	156485771	0.465380	0.392705	0.234016	0.355887
chr2	156488189	157837798	0.313629	0.172851	0.113303	0.227924
chr2	157852265	159453371	0.241551	0.124297	0.073392	0.165746
chr2	159464992	160391578	-0.105725	-0.091857	-0.043619	-0.083127
chr2	160420476	160955799	0.368571	0.164366	0.091381	0.271008
chr2	160962241	162491076	0.384972	0.261642	0.149246	0.348517
chr2	162708701	163515479	0.517857	0.369988	0.185163	0.360134
chr2	163515483	164792410	0.142922	0.079241	0.042452	0.133727
chr3	1851549	3257966	0.433952	0.141863	0.093480	0.276325
chr3	3283634	4003722	0.202098	0.147581	0.084449	0.144322
chr3	4011955	4629594	0.165320	0.153061	0.056912	0.146963
chr3	4642759	5831187	0.124949	0.089181	0.038642	0.091140
chr3	5872542	6853898	0.236499	0.102254	0.056344	0.144197
chr3	6856750	7620196	0.124940	0.081268	0.050321	0.110790
chr3	7636323	8695322	0.116117	0.097061	0.041700	0.096382
chr3	8840773	10417731	0.563107	0.370865	0.249953	0.404306
chr3	10488438	11612969	-0.107300	-0.075594	-0.041516	-0.080419
chr3	11641843	12428497	0.226587	0.171678	0.085148	0.223614
chr3	12435996	13004866	0.679844	0.617446	0.379960	0.631661
chr3	13005334	14079022	0.321398	0.201624	0.106688	0.233902
chr3	14103319	14994519	0.172625	0.108056	0.044611	0.119756
chr3	14994887	15613053	0.135474	0.124059	0.057879	0.117767
chr3	15616097	16750928	0.303217	0.109033	0.064722	0.279221
chr3	16762326	17576845	-0.092772	-0.067328	-0.035251	-0.052925
chr3	17578769	18354168	0.143635	0.054185	0.039005	0.098106
chr3	18371892	20049200	0.172088	0.115007	0.049139	0.132472
chr3	20055891	21810805	0.115859	0.037771	0.022214	0.092145
chr3	21846145	22660362	0.105709	0.056089	0.029019	0.067097
chr3	22683408	23603147	0.126003	0.073554	0.037475	0.093051
chr3	23607939	24133759	0.627317	0.308615	0.187628	0.447460
chr3	24147048	24454106	0.320696	0.180100	0.099604	0.286951
chr3	24456034	25147583	0.326097	0.238280	0.088205	0.213618
chr3	25148162	25665707	0.153965	0.161747	0.064558	0.123609
chr3	25683575	26234868	0.170026	0.088133	0.055081	0.120469
chr3	26244217	26611853	0.260555	0.128380	0.078374	0.166017
chr3	26612732	27789385	0.467254	0.212526	0.152780	0.374790
chr3	27812460	28709139	0.515120	0.249127	0.143075	0.431949
chr3	28713085	29501622	0.473799	0.199601	0.129765	0.384071
chr3	29598950	30503593	-0.231136	-0.104376	-0.054418	-0.173111
chr3	30506256	31061417	0.229383	0.102715	0.062636	0.185227
chr3	31140486	31958688	0.267020	0.130355	0.070242	0.236437
chr3	31959516	33029150	0.111538	0.085013	0.033295	0.067073
chr3	33031201	33903244	0.155306	0.083353	0.045420	0.109204
chr3	33924787	34479346	0.427943	0.229620	0.138345	0.276647
chr3	34496536	35036793	0.750490	0.346293	0.262569	0.677077
chr3	35059895	36234284	0.356374	0.214392	0.113693	0.296322
chr3	36234286	36757641	-0.022965	-0.044580	-0.017771	-0.015278
chr3	36759268	38071257	0.020216	0.010571	0.004746	0.008679
chr3	38100735	39303931	0.034894	0.028958	0.014479	0.024203
chr3	39307050	39839089	0.013828	0.007299	0.004812	0.008972
chr3	39839993	40906176	-0.291575	-0.253548	-0.117407	-0.221738
chr3	40908925	42634798	0.052894	0.016215	0.012475	0.031756
chr3	42669537	43439399	0.001800	0.001151	0.000622	0.001054
chr3	43449128	43676067	0.040859	0.032821	0.019134	0.029523
chr3	43685072	44333619	-0.068014	-0.042318	-0.025086	-0.058879
chr3	44344293	45059121	0.272059	0.122188	0.085648	0.177885
chr3	45071519	45706757	0.592875	0.242683	0.167049	0.395927
chr3	45706788	46336827	0.332398	0.197089	0.105674	0.266538
chr3	46344982	47063822	0.222702	0.125000	0.078887	0.172230
chr3	47072055	47586855	0.165895	0.135956	0.059266	0.128758
chr3	47587047	48121059	0.133333	0.085601	0.043458	0.095759
chr3	48121240	48742217	0.289184	0.158519	0.096505	0.245016
chr3	48757027	49695535	0.314785	0.189616	0.111541	0.222011
chr3	49700499	49998129	0.072961	0.056742	0.024927	0.053426
chr3	49998130	51317513	0.153038	0.093728	0.050847	0.110092
chr3	51321006	51828492	0.305556	0.233569	0.106969	0.254545
chr3	51833572	52150983	0.379383	0.192939	0.140192	0.323720
chr3	52156195	52707076	0.023467	0.019943	0.010381	0.007545
chr3	52722668	53302196	0.126058	0.095851	0.054828	0.102446
chr3	53302691	54019645	0.362970	0.221291	0.117073	0.235995
chr3	54019701	54583872	0.568769	0.275344	0.153289	0.386507
chr3	54679310	55174085	-0.075907	-0.042881	-0.019393	-0.056218
chr3	55174431	55960943	0.081578	0.052876	0.023312	0.068399
chr3	55980778	56658523	0.104021	0.085828	0.041659	0.078393
chr3	56663486	57075028	0.207349	0.187293	0.074995	0.154561
chr3	57076801	57435201	0.100017	0.066301	0.032410	0.073639
chr3	57437038	57753529	0.195535	0.094196	0.058344	0.165580
chr3	57756385	57977294	0.431586	0.349650	0.197744	0.392899
chr3	57979770	58367569	0.134966	0.078295	0.047116	0.090558
chr3	58400885	59012013	0.093909	0.072478	0.037074	0.077199
chr3	59017374	60950899	0.179063	0.050323	0.030975	0.118514
chr3	60955641	61886348	0.067123	0.038439	0.018569	0.056098
chr3	61921939	62814012	0.275299	0.149470	0.083707	0.227827
chr3	62836732	63429595	0.191452	0.132954	0.068339	0.172015
chr3	63439290	63953110	0.508579	0.275711	0.158607	0.419045
chr3	63953236	64171901	0.466852	0.574760	0.260491	0.405222
chr3	64172095	64936277	-0.266267	-0.242118	-0.077238	-0.197017
chr3	65039936	66482692	-0.008352	-0.004234	-0.002272	-0.017089
chr3	66486758	66956446	-0.041359	-0.026125	-0.013697	-0.010081
chr3	66968626	67480413	0.625464	0.490376	0.273875	0.598144
chr3	67483950	68449162	0.247210	0.130868	0.063546	0.201482
chr3	68473018	69187923	0.596402	0.358718	0.197950	0.464872
chr3	69209461	70530793	0.248265	0.129708	0.074757	0.207566
chr3	70571533	71467495	0.280822	0.142454	0.082381	0.201227
chr3	71467498	72738013	0.361761	0.203683	0.121146	0.275057
chr3	72738014	73855466	0.305851	0.150655	0.089067	0.211009
chr3	73856848	74677205	0.417948	0.266349	0.195872	0.296930
chr3	74695074	75364772	0.213908	0.111659	0.066168	0.170379
chr3	75454226	76120420	0.273936	0.189687	0.088793	0.189130
chr3	76120421	76342086	-0.529805	-0.366051	-0.184517	-0.367892
chr3	76342124	76939336	0.159255	0.068021	0.047759	0.131849
chr3	76948854	77499616	0.285059	0.139228	0.099184	0.203643
chr3	77501985	79506582	0.337931	0.272981	0.129458	0.271144
chr3	79522549	80504557	0.743531	0.352028	0.222519	0.701574
chr3	80513105	80933507	0.192414	0.198129	0.087190	0.151008
chr3	80938177	81713363	0.688525	0.455509	0.251497	0.655784
chr3	81713962	83080420	-0.178853	-0.101306	-0.054165	-0.118128
chr3	83085692	84305432	0.157292	0.086249	0.058829	0.102414
chr3	84341731	84773792	0.544395	0.373217	0.207290	0.482064
chr3	84859215	85708169	0.237496	0.121315	0.074419	0.222404
chr3	85715655	86815362	0.287718	0.121777	0.078094	0.222008
chr3	86823915	87347949	-0.084120	-0.071927	-0.035016	-0.047091
chr3	87378679	88546301	-0.080557	-0.032079	-0.019603	-0.079764
chr3	88603821	89640298	0.530582	0.374681	0.189375	0.428571
chr3	89640377	90890195	0.397699	0.242119	0.093840	0.332932
chr3	90890747	92120117	0.137893	0.081870	0.039846	0.120454
chr3	92137357	93140220	0.409568	0.185029	0.112262	0.373404
chr3	93140473	96231251	0.374150	0.202913	0.115873	0.339160
chr3	96231288	97838082	0.426393	0.271965	0.149383	0.297833
chr3	97867254	98165358	0.516465	0.438695	0.237386	0.349843
chr3	98184010	99614080	0.008696	0.004084	0.001726	-0.017287
chr3	99633978	100265979	0.216972	0.219083	0.103546	0.156157
chr3	100322799	102999151	-0.093613	-0.043006	-0.022891	-0.068571
chr3	102999294	104137138	0.384045	0.269795	0.146678	0.314966
chr3	104138324	105324350	0.170612	0.100771	0.052217	0.150468
chr3	105339178	106604262	0.644605	0.397870	0.199942	0.541993
chr3	106629668	107638667	0.301486	0.112238	0.060042	0.238255
chr3	107638811	108136816	0.437416	0.322901	0.164183	0.352877
chr3	108138077	108891101	0.229594	0.162170	0.064469	0.162724
chr3	108991371	110973591	0.028237	0.010051	0.006108	0.022283
chr3	110989545	111944429	0.155844	0.122645	0.059310	0.116082
chr3	111957927	113310876	0.473503	0.244675	0.142646	0.329239
chr3	113344684	113836074	0.010978	0.012075	0.004786	0.007432
chr3	113850482	114328671	0.573367	0.379083	0.177160	0.476728
chr3	114342847	115036528	0.328803	0.229513	0.138716	0.257008
chr3	115100668	115882576	0.486009	0.256959	0.160039	0.420382
chr3	115896014	116700486	0.305348	0.273919	0.102233	0.239162
chr3	116700777	117264012	-0.059160	-0.047070	-0.021468	-0.048362
chr3	117264013	117589396	0.416633	0.365358	0.181091	0.300982
chr3	117596198	118265399	0.006925	0.006071	0.002558	-0.014889
chr3	118286482	119206590	0.435115	0.149907	0.099548	0.342006
chr3	119220166	120048691	0.153601	0.091534	0.043405	0.117814
chr3	120161183	121117772	0.455121	0.253738	0.158578	0.368739
chr3	121120193	122028626	-0.037004	-0.024677	-0.012967	-0.027044
chr3	122030939	122587428	0.352964	0.213196	0.115024	0.257011
chr3	122587456	123239469	0.336260	0.171020	0.117107	0.256530
chr3	123271024	123777166	0.500678	0.313721	0.192543	0.463356
chr3	123778515	124582888	0.140645	0.061489	0.034414	0.114930
chr4	236463	2208411	0.096462	0.067532	0.032898	0.074520
chr4	2210953	4479431	-0.190605	-0.132070	-0.051426	-0.150228
chr4	4481524	6382579	0.494243	0.270808	0.153677	0.390411
chr4	6441814	6992327	0.240898	0.146586	0.092088	0.165695
chr4	6999358	7855879	-0.040090	-0.016462	-0.011043	-0.038562
chr4	7855960	8827510	-0.007039	-0.003982	-0.002361	-0.005073
chr4	8841327	10375230	0.252704	0.107016	0.062637	0.165273
chr4	10458290	11355957	0.633700	0.326785	0.208685	0.543431
chr4	11356001	12761714	0.255994	0.123692	0.072168	0.202943
chr4	12764412	13533817	-0.053225	-0.025478	-0.014827	-0.065240
chr4	13543199	14619761	0.168911	0.064266	0.042293	0.128901
chr4	14656349	15615920	0.521352	0.260155	0.137964	0.467305
chr4	15617786	16483518	0.066296	0.036218	0.022030	0.052038
chr4	16494983	17125896	0.121035	0.073214	0.045369	0.093948
chr4	17129103	17807826	0.236052	0.136476	0.064782	0.201465
chr4	17840916	18903475	0.084485	0.077166	0.023352	0.072819
chr4	18954063	19583374	-0.122288	-0.079712	-0.045308	-0.102990
chr4	19588746	20808437	0.391012	0.314367	0.157407	0.276425
chr4	20815238	21292595	-0.117359	-0.107383	-0.046936	-0.098361
chr4	21292848	21578874	0.348516	0.271423	0.154142	0.217086
chr4	21578875	22212862	0.417952	0.198534	0.140588	0.301518
chr4	22225556	22960421	0.355411	0.125864	0.097708	0.215644
chr4	23033853	23931857	0.053473	0.019658	0.015548	0.042242
chr4	23959086	24476416	0.367701	0.166429	0.123564	0.267100
chr4	24491302	25149229	0.452848	0.223502	0.164910	0.315550
chr4	25184049	26441757	0.341803	0.205318	0.120712	0.286992
chr4	26443493	27923210	0.249063	0.101697	0.066202	0.228131
chr4	27923280	29362336	0.196588	0.104820	0.058861	0.187933
chr4	29371831	29705389	0.006635	0.003427	0.002259	0.003882
chr4	29715840	30371606	0.774496	0.487923	0.265686	0.718956
chr4	30371607	31866083	0.338374	0.170533	0.113644	0.277334
chr4	31944131	32760030	0.030031	0.019858	0.011074	0.022720
chr4	32760187	33349359	0.364337	0.205491	0.147340	0.232296
chr4	33360235	34120010	0.617477	0.627829	0.401393	0.452808
chr4	34120052	34553026	0.412997	0.383733	0.243817	0.280759
chr4	34559295	35670960	0.074830	0.056542	0.027469	0.059901
chr4	35720586	36645014	0.683432	0.577644	0.319812	0.630459
chr4	36691117	39293051	0.304156	0.144629	0.090909	0.248563
chr4	39532240	41046648	0.122360	0.075693	0.042705	0.099057
chr4	41091094	41646324	0.005714	0.003393	0.001950	0.018036
chr4	41650440	42146842	0.641644	0.451714	0.261996	0.528719
chr4	42151017	43111497	0.550571	0.358029	0.160537	0.457339
chr4	43111566	43859685	0.013901	0.010185	0.004730	0.002614
chr4	43876148	46435573	0.603500	0.295264	0.165611	0.479728
chr4	46487951	47415332	0.760194	0.504023	0.256679	0.700358
chr4	47416981	47864430	0.629718	0.409073	0.249456	0.505944
chr4	47864454	48752740	0.357143	0.156213	0.104118	0.224685
chr4	48760023	49217579	0.067371	0.045012	0.025715	0.049556
chr4	49251523	49734351	0.410915	0.150677	0.116223	0.262295
chr4	49741834	50537057	0.469507	0.219103	0.139368	0.365410
chr4	50642648	52576851	0.098489	0.031982	0.019236	0.075397
chr4	52613059	53540078	0.390244	0.267955	0.139363	0.257745
chr4	53541629	54608858	0.022472	0.019763	0.009870	0.026470
chr4	54732291	55893353	-0.118327	-0.076525	-0.041837	-0.093596
chr4	55893671	56660502	-0.024242	-0.009998	-0.005572	-0.010052
chr4	56669690	57037417	0.082676	0.074226	0.035940	0.077226
chr4	57037913	57859236	0.095155	0.058909	0.035396	0.070962
chr4	57859245	59028412	-0.228053	-0.142311	-0.086263	-0.169894
chr4	59042339	60105122	0.405864	0.299090	0.182259	0.294513
chr4	60114750	60330640	-0.372540	-0.387619	-0.160142	-0.307634
chr4	60342285	60788679	0.661123	0.469431	0.294413	0.525044
chr4	60788694	61829395	0.379179	0.205859	0.123177	0.277622
chr4	61875160	64573045	0.523173	0.415328	0.239885	0.348188
chr4	64584059	66005563	0.451521	0.229371	0.140347	0.358116
chr4	66049375	67046919	0.390868	0.191071	0.107890	0.336894
chr4	67047644	68503012	0.472862	0.226576	0.149929	0.276131
chr4	68538767	69428925	-0.027183	-0.019934	-0.011567	-0.005307
chr4	69443249	70201369	0.501593	0.257022	0.158653	0.416623
chr4	70201717	70765361	0.397943	0.270436	0.143081	0.349496
chr4	70773823	71466008	0.389381	0.198077	0.117733	0.280417
chr4	71478265	72486839	0.510708	0.255249	0.159835	0.380835
chr4	72486912	73702348	0.415335	0.258150	0.157576	0.403349
chr4	73719422	75228572	0.117419	0.052665	0.036561	0.093723
chr4	75595275	76670333	0.338288	0.194718	0.114351	0.294681
chr4	76684769	77174170	0.535584	0.326783	0.196718	0.305301
chr4	77174175	79132351	-0.040792	-0.026309	-0.012303	-0.026518
chr4	79154786	80932711	0.113022	0.062971	0.030691	0.098639
chr4	80940549	81787096	0.155772	0.080364	0.049224	0.113095
chr5	68633	1237653	0.192975	0.087163	0.056209	0.161070
chr5	1266080	1927810	0.178475	0.099326	0.065086	0.117117
chr5	1928807	2590072	0.293930	0.149485	0.095889	0.255556
chr5	2590096	2994611	0.105794	0.073449	0.034878	0.060476
chr5	2999823	3585065	0.520417	0.243002	0.155645	0.380353
chr5	3585574	3815627	0.260349	0.143630	0.082187	0.203553
chr5	3816110	4252924	0.425112	0.286665	0.179342	0.319776
chr5	4253013	4676414	0.011765	0.008820	0.005060	0.004444
chr5	4686371	5067811	0.054410	0.035159	0.017314	0.043392
chr5	5072066	5656934	-0.047334	-0.032313	-0.018898	-0.028082
chr5	5658619	6197977	0.397470	0.235549	0.157229	0.331483
chr5	6205183	6934700	0.085127	0.051693	0.025986	0.062108
chr5	6957137	7752202	0.176610	0.070369	0.043542	0.111859
chr5	7810648	8339586	0.208750	0.090022	0.061129	0.182496
chr5	8339658	8609441	0.022539	0.017179	0.009258	0.018393
chr5	8618896	8939481	-0.297534	-0.191844	-0.099587	-0.227137
chr5	8963271	9480474	-0.207075	-0.109790	-0.052350	-0.171896
chr5	9488655	9871223	0.058223	0.042745	0.020807	0.039944
chr5	9879425	10602753	0.036039	0.026531	0.012844	0.033240
chr5	10620979	11579806	0.348781	0.147966	0.087352	0.227048
chr5	11602015	12009116	0.373482	0.198708	0.127213	0.253274
chr5	12009318	12953967	0.218503	0.137287	0.085542	0.151658
chr5	12975772	13365334	0.211152	0.150623	0.081108	0.158559
chr5	13366696	13724220	0.313855	0.147443	0.106928	0.224727
chr5	13733469	14260137	0.262381	0.123211	0.083809	0.194144
chr5	14261700	14857715	0.053924	0.028250	0.018295	0.029007
chr5	14857818	15214887	0.413739	0.345052	0.188579	0.330630
chr5	15218701	16132160	0.132372	0.061101	0.032255	0.085746
chr5	16134055	16569926	-0.063802	-0.037296	-0.020994	-0.042679
chr5	16576302	17216321	0.125285	0.062447	0.036154	0.064926
chr5	17220790	18248526	0.218286	0.093171	0.065069	0.176688
chr5	18399457	19607419	0.184964	0.096073	0.059667	0.139542
chr5	19608981	22356703	0.200375	0.075884	0.049160	0.130781
chr5	22361964	22778322	0.018009	0.012903	0.006823	0.012718
chr5	22778762	23883525	0.079665	0.029497	0.017937	0.050802
chr5	23883908	24796348	0.254149	0.092663	0.063835	0.159194
chr5	24798726	25532074	0.564694	0.274869	0.164536	0.346467
chr5	25533920	26484579	0.252720	0.113657	0.075502	0.189329
chr5	26497500	27988058	0.106511	0.034253	0.023069	0.107482
chr5	28069468	29189287	0.276991	0.103181	0.064837	0.233408
chr5	29308886	29994642	0.378820	0.165837	0.091857	0.355097
chr5	29994985	30562990	0.194188	0.091219	0.056571	0.102154
chr5	30566934	32233753	0.021633	0.012955	0.007025	0.017428
chr5	32233983	33166225	0.550314	0.354072	0.209424	0.420673
chr5	33166240	33852870	0.436434	0.346481	0.237792	0.307747
chr5	33862749	36655429	0.233851	0.111241	0.070508	0.180556
chr5	36670093	38780860	0.349215	0.114605	0.077921	0.216488
chr5	38789661	39205097	0.647103	0.507375	0.249167	0.501750
chr5	39234259	40649206	0.248826	0.122799	0.068062	0.189114
chr5	40649635	41481394	0.477781	0.391131	0.195943	0.403672
chr5	41498264	42248018	0.330314	0.188852	0.121141	0.211648
chr5	42248063	42923261	0.200880	0.063736	0.040743	0.135034
chr5	42939909	43897665	0.296000	0.129330	0.076327	0.175395
chr5	43902403	45003441	0.037634	0.031444	0.013285	0.027735
chr5	45014032	46093379	0.297678	0.222222	0.113496	0.237241
chr5	46131352	48322818	-0.008425	-0.004126	-0.002674	-0.005917
chr5	48337815	48971598	0.300000	0.112170	0.068718	0.182640
chr5	48981655	49952716	0.589502	0.351878	0.170362	0.495211
chr5	49953239	50576334	0.481513	0.269945	0.185338	0.317768
chr5	50577263	52189100	0.216794	0.097101	0.059073	0.199775
chr5	52195383	52701234	0.210273	0.127387	0.067396	0.177187
chr5	52704069	53533942	0.490181	0.235102	0.128655	0.418170
chr5	53557561	54820812	0.292239	0.232263	0.099117	0.242770
chr5	54821312	56401244	0.390010	0.269678	0.139303	0.271390
chr5	56409543	57200304	-0.276930	-0.217115	-0.086413	-0.255385
chr5	57202906	58340483	0.280755	0.134905	0.081668	0.238768
chr5	58570364	59669181	-0.067238	-0.054231	-0.027862	-0.049418
chr5	59674006	60417583	0.188566	0.100240	0.064671	0.139259
chr5	60429434	61233968	0.543470	0.429762	0.254405	0.423709
chr5	61235445	61746246	0.630711	0.456374	0.298285	0.467793
chr5	61751385	62085187	0.191126	0.168506	0.090468	0.101351
chr5	62088741	63393626	0.414526	0.232797	0.181288	0.275353
chr5	63415178	63923836	0.164869	0.082989	0.049552	0.111575
chr5	63958623	65145144	0.307826	0.247899	0.129956	0.244273
chr5	65174991	66179021	0.101266	0.054672	0.024440	0.086370
chr5	66179558	66912700	0.044764	0.024994	0.012524	0.052785
chr5	66935722	67465196	0.380384	0.290176	0.116784	0.280048
chr5	67478006	68092714	0.209981	0.175377	0.072972	0.169465
chr5	68103535	68805904	0.615880	0.365295	0.220036	0.527728
chr5	68807822	69380282	-0.141892	-0.093097	-0.041385	-0.105535
chr5	69387158	69923523	0.319016	0.196347	0.113520	0.269904
chr5	69940382	70533517	0.254952	0.135863	0.086963	0.186326
chr6	278131	685650	0.603124	0.384480	0.212666	0.478538
chr6	693869	1319221	0.220493	0.192130	0.081475	0.167677
chr6	1325932	1964546	0.355596	0.231628	0.119503	0.247177
chr6	1992620	2689448	0.171907	0.109893	0.052441	0.129658
chr6	2692973	3928457	0.277468	0.177715	0.099771	0.210778
chr6	3988690	4743182	0.040816	0.028763	0.014613	0.027146
chr6	4749760	5222255	0.256355	0.158773	0.088024	0.195850
chr6	5245974	5613860	0.461354	0.302487	0.190222	0.313950
chr6	5615099	5924207	0.471158	0.372220	0.204037	0.313286
chr6	5928817	6320266	0.373866	0.307119	0.174873	0.248193
chr6	6404394	7371448	-0.003666	-0.002256	-0.001234	-0.002663
chr6	7416851	8155971	0.435571	0.269885	0.151966	0.287609
chr6	8160249	8644709	0.158483	0.129777	0.068016	0.110359
chr6	8644710	9007206	0.428725	0.232226	0.168713	0.257014
chr6	9007207	9509298	0.371813	0.193250	0.125671	0.266644
chr6	9512771	10226995	0.672850	0.376860	0.179912	0.429957
chr6	10246957	10746655	-0.071641	-0.040123	-0.022106	-0.040193
chr6	10750834	11147358	0.504765	0.338412	0.224012	0.423066
chr6	11155080	11567760	0.311584	0.223039	0.126979	0.243553
chr6	11576925	12030859	0.325177	0.236158	0.120753	0.274053
chr6	12032225	12609669	0.676228	0.432883	0.273905	0.616398
chr6	12611497	12999340	0.268133	0.223828	0.106525	0.220131
chr6	12999545	13422949	0.109908	0.074345	0.041058	0.088769
chr6	13424047	14106776	-0.069034	-0.044958	-0.021563	-0.060942
chr6	14127276	14694300	0.613182	0.338678	0.195277	0.494151
chr6	14694446	15413376	0.543424	0.462350	0.208687	0.476158
chr6	15423717	15867697	0.374620	0.332433	0.146424	0.268859
chr6	15872833	16292011	0.095532	0.077308	0.033562	0.083748
chr6	16304891	17968924	0.107668	0.065745	0.032976	0.092967
chr6	18010376	19214755	0.430774	0.283930	0.180679	0.376791
chr6	19226041	19779547	0.100981	0.067616	0.035438	0.070857
chr6	19793929	20401264	0.524396	0.232042	0.155070	0.356037
chr6	20421347	21022784	0.340830	0.163170	0.094500	0.299848
chr6	21022876	21983394	0.303526	0.180385	0.093979	0.249031
chr6	21985171	23248952	0.577277	0.455666	0.221611	0.541395
chr6	23252609	24384717	0.372438	0.343995	0.151808	0.354797
chr6	24389774	24703611	0.107143	0.132159	0.058881	0.059163
chr6	24713838	25099551	0.159448	0.114962	0.062675	0.125047
chr6	25104957	25584737	-0.150743	-0.094962	-0.049414	-0.070592
chr6	25602332	26444494	0.224129	0.081582	0.057528	0.143619
chr6	26454097	26924999	0.524838	0.346978	0.215203	0.413265
chr6	26936918	28196715	0.452722	0.235645	0.134297	0.351111
chr6	28198841	29336346	0.239945	0.184337	0.095607	0.165234
chr6	29336347	31320060	0.307389	0.202226	0.136557	0.207101
chr6	31429858	32836930	0.395856	0.338462	0.207310	0.225606
chr6	32837954	33868449	-0.367302	-0.272433	-0.152093	-0.229773
chr6	33879713	35270573	-0.118467	-0.074047	-0.039516	-0.076233
chr6	35273477	37172380	0.295508	0.162496	0.105441	0.212541
chr6	37256354	38790507	0.039922	0.022453	0.012889	0.030169
chr6	38906303	39505582	0.179464	0.111456	0.063864	0.135785
chr6	39542615	40106027	0.419732	0.261241	0.152029	0.344875
chr6	40125886	40664607	-0.002921	-0.002731	-0.001255	-0.013433
chr6	40664608	41147898	0.316164	0.168075	0.121499	0.207389
chr6	41160140	41452916	0.399899	0.282500	0.168873	0.271930
chr6	41453972	41960404	0.403939	0.265001	0.130552	0.297734
chr6	41960442	42499572	-0.034873	-0.012763	-0.008817	-0.018182
chr6	42499798	42943427	0.298405	0.193238	0.121208	0.254405
chr6	42954199	43602019	0.303007	0.166667	0.090152	0.217137
chr6	43614571	44207251	-0.059216	-0.029901	-0.018669	-0.053064
chr6	44215441	44725469	0.323314	0.216011	0.111065	0.246592
chr6	44738866	45239077	0.460463	0.228362	0.139707	0.344818
chr6	45239243	45499183	0.317956	0.248544	0.125175	0.267338
chr6	45499236	45791645	0.505013	0.386447	0.174195	0.408308
chr6	45794263	46105606	0.349693	0.266890	0.144933	0.240217
chr6	46112657	46745856	0.314668	0.129962	0.082847	0.233633
chr6	46762639	47199224	0.539595	0.417974	0.203869	0.411864
chr6	47202235	47548248	0.355346	0.264844	0.129143	0.234262
chr6	47551936	47944331	0.192327	0.120646	0.065837	0.143058
chr6	47945022	48112948	0.253680	0.191817	0.095791	0.223835
chr6	48116092	48308269	0.218880	0.189731	0.096354	0.153223
chr6	48312211	49009816	0.410783	0.161616	0.085753	0.268817
chr6	49014547	49511854	0.119228	0.078845	0.035634	0.092689
chr6	49517441	50161692	-0.112891	-0.077019	-0.035400	-0.122423
chr6	50179227	50821670	0.280909	0.144460	0.088034	0.179618
chr6	50828700	51217998	0.377488	0.173684	0.124434	0.274951
chr6	51220220	51700785	0.356811	0.197941	0.117069	0.312670
chr6	51706821	52010205	0.114263	0.045605	0.028770	0.089231
chr7	309443	822706	0.729770	0.433296	0.225688	0.597903
chr7	826373	1368360	0.175755	0.118487	0.054198	0.151147
chr7	1368506	1868862	0.147451	0.107613	0.064749	0.119745
chr7	1871274	2334557	0.244054	0.108881	0.075442	0.191770
chr7	2336209	2903940	0.106500	0.053431	0.028061	0.077714
chr7	2943998	3667610	0.149351	0.062403	0.032839	0.100312
chr7	3667769	3924924	0.414378	0.216410	0.146300	0.377168
chr7	3925277	4356082	-0.246198	-0.093283	-0.058684	-0.144045
chr7	4386401	4982184	0.253314	0.158598	0.090658	0.237809
chr7	4986695	5446639	0.287661	0.206435	0.107420	0.224985
chr7	5450856	5940371	0.243830	0.138272	0.081508	0.188158
chr7	5940981	6203857	0.044790	0.029896	0.015771	0.031674
chr7	6207161	7207903	0.222766	0.105518	0.068238	0.171399
chr7	7212226	8464812	0.272611	0.155552	0.097206	0.230108
chr7	8470554	8904743	0.546566	0.232950	0.150629	0.466830
chr7	8915772	9153386	0.326333	0.316368	0.110558	0.269138
chr7	9165407	9708761	0.363257	0.244841	0.113812	0.314947
chr7	9709751	10214863	0.305746	0.139690	0.094022	0.271048
chr7	10222809	11475125	0.396617	0.158112	0.101601	0.268107
chr7	11490393	12837585	0.461820	0.160661	0.115890	0.396009
chr7	12864892	14149930	-0.069378	-0.024957	-0.016816	-0.042710
chr7	14164447	14625577	0.723397	0.489573	0.332565	0.583357
chr7	14628503	16348116	-0.025080	-0.007628	-0.004945	-0.018109
chr7	16354647	18404622	0.589933	0.454909	0.234458	0.564848
chr7	18422760	19253093	0.518384	0.463010	0.188676	0.470184
chr7	19265557	20640072	0.314711	0.164504	0.092603	0.198862
chr7	20640392	21589466	0.401344	0.239954	0.160893	0.279786
chr7	21589468	22340990	0.229675	0.165932	0.104004	0.151915
chr7	22341113	23353794	-0.034259	-0.024366	-0.015517	-0.031297
chr7	23373966	24667091	0.385896	0.255264	0.181692	0.238643
chr7	24674851	26164782	0.552364	0.405607	0.274309	0.429583
chr7	26177339	27192828	-0.160882	-0.168274	-0.076612	-0.130998
chr7	27253880	28621161	-0.082941	-0.051492	-0.027565	-0.053463
chr7	28626910	29306516	0.371835	0.230901	0.129174	0.315225
chr7	29307671	30302247	0.036768	0.023852	0.014887	0.034542
chr7	30303868	31451648	0.205734	0.079531	0.053013	0.137079
chr7	31454417	32104648	-0.008495	-0.006034	-0.002680	-0.005613
chr7	32109432	33852802	0.312737	0.166378	0.101567	0.257935
chr7	33861628	34132359	-0.007423	-0.006464	-0.003086	-0.009608
chr7	34132868	34398958	0.581800	0.349723	0.259285	0.455564
chr7	34399442	34680954	0.319335	0.199636	0.124011	0.263014
chr7	34682280	34974079	-0.071388	-0.062408	-0.033360	-0.047441
chr7	34983299	35359649	0.221827	0.182998	0.119464	0.155020
chr7	35384977	36046126	0.415743	0.295198	0.165125	0.314334
chr7	36046418	36476642	0.164479	0.077510	0.047971	0.125000
chr7	36492913	37207748	0.530249	0.361322	0.177144	0.444776
chr7	37207786	37835008	0.087144	0.060461	0.032341	0.070580
chr7	37844287	38259416	0.204565	0.143296	0.074775	0.150614
chr7	38262029	39668897	0.217581	0.090942	0.047797	0.146028
chr7	39668943	40628591	0.392196	0.186225	0.099123	0.312992
chr7	40630461	40923065	-0.030149	-0.025743	-0.011358	0.005096
chr7	40923068	41251277	-0.087774	-0.064507	-0.027544	-0.056848
chr7	41251322	41761046	0.175483	0.115017	0.059295	0.146423
chr7	41772287	42510869	0.342683	0.103327	0.050489	0.230265
chr7	42512363	43400041	0.648175	0.437008	0.241468	0.567775
chr7	43447529	43988418	0.491371	0.261880	0.150980	0.339221
chr7	44022118	44473223	0.244747	0.166182	0.082714	0.193123
chr7	44477749	44947561	0.231668	0.113868	0.055005	0.134628
chr7	44966868	45522243	0.120030	0.082251	0.045992	0.097995
chr7	45531869	45773000	0.468732	0.287713	0.140339	0.395854
chr7	45774091	46120829	0.475443	0.278552	0.152016	0.311236
chr7	46121151	46604430	0.180437	0.161222	0.064092	0.132036
chr7	46605128	46948137	0.331561	0.244128	0.139792	0.258360
chr7	46957299	47427912	0.458058	0.294456	0.168021	0.349640
chr8	237534	763114	0.594575	0.357281	0.186062	0.440508
chr8	764894	1268965	-0.162046	-0.107610	-0.048204	-0.086521
chr8	1270814	1708020	0.470722	0.310336	0.177014	0.364541
chr8	1711479	2308704	0.239168	0.137587	0.063837	0.190508
chr8	2312945	2586977	0.326895	0.279898	0.138278	0.276904
chr8	2586989	2831930	0.296987	0.268459	0.120563	0.238034
chr8	2837908	3160561	0.569528	0.369535	0.231912	0.441708
chr8	3162956	3764447	0.075605	0.051020	0.021292	0.065217
chr8	3798735	4243347	0.229674	0.142857	0.074766	0.167665
chr8	4265106	4526670	0.086647	0.062181	0.024256	0.092476
chr8	4529370	4784412	0.155008	0.113507	0.067110	0.103079
chr8	4784500	5162305	-0.015096	-0.014105	-0.005189	-0.011494
chr8	5166958	5440610	0.274923	0.183803	0.096570	0.202497
chr8	5442465	5781569	0.072522	0.038241	0.021526	0.031516
chr8	5781570	6128251	0.130849	0.076494	0.043629	0.093731
chr8	6128320	6390753	0.161828	0.096112	0.050943	0.100847
chr8	6392036	6588617	0.278655	0.196230	0.120833	0.162660
chr8	6589997	6924064	0.102857	0.083482	0.036932	0.090909
chr8	6953085	7247640	0.312090	0.175171	0.094737	0.198827
chr8	7254820	7509156	0.115561	0.078845	0.045847	0.073508
chr8	7511672	7999306	0.224677	0.134280	0.066593	0.157796
chr8	8015338	8200850	0.271349	0.250737	0.094536	0.186459
chr8	8200867	8541128	0.212484	0.112737	0.067504	0.152034
chr8	8541356	9094436	0.591235	0.392667	0.259287	0.459722
chr8	9101534	9521736	-0.139535	-0.098576	-0.043006	-0.100334
chr8	9522321	10021314	0.598017	0.329608	0.204595	0.410709
chr8	10029011	10727459	0.143630	0.078617	0.048457	0.105234
chr8	10727927	12363882	0.091435	0.051600	0.023688	0.052897
chr8	12366778	13072756	0.228916	0.204066	0.071457	0.144880
chr8	13073381	13995689	0.337413	0.138249	0.066732	0.309842
chr8	14016066	15648905	0.084151	0.041508	0.019402	0.062380
chr8	15687658	16234723	0.615938	0.479589	0.205190	0.539007
chr8	16244702	17096953	0.392649	0.144891	0.089499	0.346708
chr8	17148202	18257285	0.484869	0.287137	0.141720	0.442603
chr8	18280786	20032387	0.404069	0.231861	0.142837	0.304296
chr8	20039938	21916315	0.105222	0.047501	0.033408	0.073546
chr8	21917465	22948241	0.399186	0.266124	0.155274	0.338476
chr8	23018066	24983843	-0.104853	-0.082523	-0.033160	-0.074520
chr8	24987826	26101653	0.393767	0.255929	0.135673	0.306509
chr8	26146137	27683747	0.347174	0.157979	0.111067	0.251085
chr8	27712339	28989030	0.196567	0.114008	0.079321	0.153723
chr8	29049985	29850629	0.534364	0.211673	0.138700	0.443336
chr8	29855925	30820577	0.398620	0.180807	0.117674	0.332481
chr8	30826178	31131367	0.523975	0.273684	0.207742	0.432587
chr8	31132582	32120057	0.495859	0.232863	0.144103	0.316590
chr8	32160200	32466551	0.736788	0.406095	0.264494	0.681494
chr8	32469416	33231017	0.061105	0.038973	0.022455	0.050591
chr8	33242355	33894220	0.317913	0.161057	0.101365	0.243161
chr8	33926919	34363362	0.351301	0.158924	0.081925	0.280868
chr8	34368553	34654185	0.356112	0.293418	0.150529	0.215837
chr8	34696440	35197304	0.358945	0.136069	0.107060	0.279372
chr8	35197379	35741209	0.224466	0.099948	0.064394	0.169303
chr8	35741519	36045340	0.356797	0.165073	0.117229	0.290924
chr8	36050579	36633704	0.037651	0.020568	0.011798	0.030941
chr8	36638982	37117660	0.209896	0.113338	0.064635	0.163407
chr8	37119493	37391752	0.418566	0.227286	0.133522	0.316786
chr8	37395313	37717447	0.536532	0.362043	0.234153	0.353566
chr8	37723898	37996914	0.245634	0.141789	0.077073	0.186542
chr8	37998155	38457160	0.422502	0.238932	0.163919	0.312755
chr8	38462136	38685219	0.508552	0.275139	0.183237	0.336232
chr8	38687939	39210486	0.329319	0.179083	0.120143	0.278929
chr8	39242828	39875307	0.527430	0.202085	0.160827	0.402041
chr8	39876492	40184758	0.085026	0.048504	0.027331	0.045397
chr8	40195105	40392065	0.087343	0.045641	0.031965	0.049331
chr8	40392904	40735290	0.387656	0.281668	0.156926	0.319929
chr8	40751992	41248160	0.799407	0.493316	0.261935	0.692545
chr8	41255354	41560912	0.373464	0.181082	0.105161	0.328854
chr8	41567682	42121695	0.368632	0.268321	0.152354	0.279077
chr8	42158656	42607047	0.085010	0.044834	0.026946	0.062224
chr8	42625121	43195508	0.164021	0.081347	0.048532	0.101639
chr8	43195566	43538904	0.330010	0.167823	0.114032	0.207385
chr9	627480	1071173	0.550437	0.351777	0.217480	0.462637
chr9	1078884	2042971	0.199857	0.172131	0.075703	0.134935
chr9	2053601	2723384	0.356800	0.234799	0.145823	0.266587
chr9	2729789	3090935	-0.007657	-0.006948	-0.003584	-0.005382
chr9	3152922	3700667	0.612403	0.305728	0.212766	0.536685
chr9	3704135	4055889	0.486066	0.302397	0.167467	0.383323
chr9	4056757	4351243	0.272986	0.173181	0.098732	0.204545
chr9	4375793	4863225	0.022108	0.013973	0.005890	0.018029
chr9	4867921	5147737	0.375801	0.370396	0.184277	0.323728
chr9	5165994	6315428	0.262168	0.158742	0.075120	0.207376
chr9	6351048	6845807	-0.027288	-0.019975	-0.009862	-0.005810
chr9	6849190	7290151	0.386957	0.193443	0.118076	0.316726
chr9	7299800	8677112	0.044733	0.016357	0.010014	0.035132
chr9	8680314	10041798	0.402536	0.182701	0.119459	0.343853
chr9	10043974	10432964	0.337557	0.120080	0.089384	0.223487
chr9	10439787	10765411	0.515031	0.298677	0.208964	0.425239
chr9	10776159	11064500	0.058180	0.038517	0.023640	0.048768
chr9	11065708	11536250	0.229740	0.132613	0.080498	0.171706
chr9	11536782	11819053	0.248044	0.210631	0.119532	0.206725
chr9	11820188	12388761	0.126293	0.058285	0.038311	0.098157
chr9	12407596	12831119	0.421875	0.315482	0.172035	0.314563
chr9	12831417	13357573	0.623074	0.359341	0.245939	0.523689
chr9	13393542	13789974	0.243750	0.094044	0.070999	0.128221
chr9	13797323	14206481	0.512006	0.316872	0.164716	0.495470
chr9	14218144	15003922	0.370975	0.255465	0.118448	0.242299
chr9	15064910	15956952	0.193856	0.120197	0.076513	0.150866
chr9	15971673	16544549	0.246726	0.188024	0.104435	0.193907
chr9	16544600	17022408	0.058880	0.060939	0.021887	0.039921
chr9	17036157	17769487	0.289213	0.169689	0.075841	0.175513
chr9	17778159	18880307	0.034446	0.011754	0.007895	0.022857
chr9	18906783	20214733	0.114488	0.052534	0.033521	0.082362
chr9	20279698	22421033	0.127878	0.063019	0.034323	0.104749
chr9	22435916	25286399	0.056832	0.025129	0.016107	0.048504
chr9	25341353	26531737	0.477350	0.234707	0.125936	0.399773
chr9	26553745	27621631	0.638813	0.439129	0.233242	0.595720
chr9	27650364	28521326	0.445378	0.256274	0.154155	0.316671
chr9	28531523	28969697	0.205225	0.148168	0.091138	0.166982
chr9	28979723	29379914	0.359019	0.241389	0.153875	0.283149
chr9	29392646	30265764	0.292324	0.171687	0.112352	0.256354
chr9	30268897	30998404	0.042086	0.020841	0.013944	0.035309
chr9	31004288	31430476	-0.239486	-0.117432	-0.082619	-0.191581
chr9	31433482	31831859	-0.017485	-0.010352	-0.005772	-0.012828
chr9	31844530	32552863	0.568855	0.305222	0.195214	0.537617
chr9	32555008	33432017	-0.054478	-0.025702	-0.014927	-0.023991
chr9	33437717	34445940	0.012927	0.005752	0.003196	0.010029
chr9	34473072	35117556	0.156817	0.088544	0.051870	0.116247
chr9	35137231	35438523	-0.101482	-0.074560	-0.041909	-0.082331
chr9	35448114	35882080	-0.430328	-0.325771	-0.149187	-0.278019
chr9	35884050	36239691	0.289474	0.257904	0.147576	0.245111
chr9	36239694	36917164	0.188400	0.124867	0.067142	0.140775
chr9	36926653	37770742	0.340351	0.203782	0.118385	0.239154
chr9	37771735	38468041	0.287221	0.199549	0.103797	0.197105
chr9	38476195	38674467	0.345646	0.215993	0.151096	0.218698
chr9	38679840	39278395	0.250238	0.133401	0.079661	0.188126
chr9	39278396	39749895	0.363469	0.225315	0.137386	0.305426
chr9	39760492	40368280	0.189278	0.115938	0.062271	0.150209
chr9	40398025	41169403	0.149872	0.093678	0.046925	0.120756
chr9	41177281	42043661	0.168654	0.102378	0.048087	0.144526
chr9	42061789	42752613	0.092067	0.065697	0.028829	0.077362
chr9	42772525	43245033	0.261452	0.213464	0.093604	0.228554
chr10	903495	4511693	-0.400637	-0.132869	-0.089436	-0.333687
chr10	4659785	7236963	0.052686	0.021786	0.011924	0.035245
chr10	7245415	8699878	0.536267	0.244883	0.165109	0.395009
chr10	8703389	11026838	0.574583	0.184222	0.135797	0.448155
chr10	11028836	12693793	0.375946	0.274317	0.151014	0.331357
chr10	12695971	13986691	0.242633	0.115502	0.072636	0.185776
chr10	14012375	15523308	0.236471	0.143674	0.078849	0.199867
chr10	15543690	16393805	-0.025880	-0.018382	-0.009608	-0.024525
chr10	16397669	16930874	0.873277	0.605612	0.493343	0.681471
chr10	16947676	18288746	0.363636	0.240506	0.132404	0.253608
chr10	18292477	19164593	0.611985	0.531037	0.306653	0.505468
chr10	19171573	19359121	0.206485	0.197413	0.106615	0.162492
chr10	19365806	19694831	0.052260	0.056911	0.027403	0.039798
chr10	19695954	20659367	0.219774	0.124241	0.072659	0.131048
chr10	20722122	21513582	0.568793	0.263252	0.173485	0.432243
chr10	21514111	23104387	0.267961	0.089829	0.053780	0.191401
chr10	23284606	24641124	0.329296	0.214497	0.120482	0.279025
chr10	24641596	25402492	0.394013	0.256789	0.141078	0.317162
chr10	25402520	25853795	0.363381	0.301250	0.187766	0.330374
chr10	25855343	26374252	0.432023	0.354588	0.200000	0.330674
chr10	26376198	26701250	0.239416	0.155205	0.105353	0.182628
chr10	26702415	27130648	0.081794	0.066810	0.031662	0.047678
chr10	27130702	27671188	0.191122	0.093656	0.054568	0.098039
chr10	27672844	28197662	0.743619	0.454419	0.291430	0.669903
chr10	28224585	29209675	0.406822	0.270248	0.167643	0.345308
chr10	29209680	30346401	0.206897	0.089485	0.057116	0.155844
chr10	30351207	30748234	0.619597	0.365456	0.170443	0.422270
chr10	30748335	31047977	0.237220	0.091260	0.066392	0.129730
chr10	31058549	31299748	0.299521	0.170222	0.104851	0.225882
chr10	31302645	32622320	0.047822	0.037160	0.017187	0.039548
chr10	32631661	33206491	0.225256	0.138607	0.085400	0.150075
chr10	33207413	33674709	0.022787	0.009515	0.006703	0.026961
chr10	33678488	34117426	0.068160	0.031665	0.017866	0.045440
chr10	34117453	34536652	0.129094	0.058656	0.036567	0.097561
chr10	34538086	35383218	0.220697	0.124183	0.077136	0.142573
chr10	35391193	35981591	0.192998	0.102430	0.045935	0.140136
chr10	35981625	36434160	0.199879	0.094221	0.056140	0.143726
chr10	36443880	37101837	0.038449	0.029909	0.014277	0.031689
chr10	37160265	37550861	-0.000786	-0.000534	-0.000262	0.005204
chr10	37556016	38419459	0.463887	0.295892	0.129765	0.399608
chr10	38453121	38966307	0.093834	0.052711	0.034140	0.082163
chr10	38976939	39259910	0.169748	0.104195	0.055632	0.121372
chr10	39259978	39689867	0.170638	0.100680	0.053308	0.152159
chr10	39690086	40754401	0.010378	0.006477	0.002758	0.007551
chr10	40756125	41360326	0.477733	0.262004	0.181155	0.286408
chr11	1413435	2890802	0.193201	0.105846	0.044444	0.109234
chr11	2892860	3460793	0.293757	0.124704	0.064718	0.157926
chr11	3495841	3790004	0.148671	0.095537	0.058912	0.115417
chr11	3790353	4018881	0.144105	0.092827	0.051969	0.106414
chr11	4023814	4318237	0.360692	0.194684	0.116676	0.272727
chr11	4318270	4693760	-0.069034	-0.045857	-0.022454	-0.048883
chr11	4694606	5089013	0.299213	0.215348	0.114487	0.255034
chr11	5103765	5559678	0.252166	0.125255	0.078730	0.167019
chr11	5563479	5837106	0.159733	0.112330	0.064294	0.140615
chr11	5838625	6273223	-0.064052	-0.035596	-0.018734	-0.041519
chr11	6276716	6774524	0.233076	0.146781	0.067794	0.171285
chr11	6781710	7493073	0.480998	0.232813	0.135467	0.392175
chr11	7494301	7721434	0.350515	0.164107	0.120296	0.236709
chr11	7723140	8016190	-0.016712	-0.009889	-0.004683	-0.005272
chr11	8016430	8338931	0.424130	0.383068	0.176516	0.268192
chr11	8343729	8646955	-0.020706	-0.013747	-0.007083	0.002498
chr11	8659811	9112509	0.306269	0.138033	0.101655	0.266282
chr11	9130774	9484836	-0.038646	-0.030071	-0.017686	-0.036834
chr11	9485347	10061621	0.373154	0.294648	0.138119	0.330978
chr11	10063151	10455874	0.147903	0.077756	0.048598	0.125704
chr11	10486437	11047699	0.283784	0.156066	0.082060	0.188989
chr11	11058022	11261546	0.575000	0.389006	0.202811	0.416092
chr11	11265287	11557117	0.425192	0.281780	0.188546	0.246508
chr11	11557521	11956459	0.257929	0.166749	0.075000	0.242175
chr11	12049058	12518777	0.170807	0.102676	0.055621	0.093474
chr11	12528450	13258603	0.231559	0.098198	0.066595	0.178491
chr11	13316465	13695018	0.330784	0.193566	0.104642	0.266975
chr11	13695160	14209920	0.166814	0.126803	0.074234	0.137755
chr11	14227892	14673223	0.617621	0.273721	0.186759	0.460881
chr11	14692342	15235159	-0.200896	-0.132578	-0.068605	-0.134165
chr11	15251199	15623400	-0.142344	-0.079608	-0.045016	-0.119946
chr11	15639308	16303407	0.173759	0.105689	0.060003	0.129973
chr11	16305786	16598495	0.375399	0.321373	0.178510	0.282385
chr11	16604369	17196802	0.674961	0.365551	0.200810	0.505787
chr11	17196807	17639171	0.444397	0.251265	0.137926	0.315773
chr11	17640728	18056907	0.533625	0.419277	0.156334	0.384591
chr11	18063652	18667701	0.489215	0.336776	0.186177	0.419025
chr11	18673051	19671220	0.437942	0.263392	0.129185	0.382369
chr11	19883517	22400404	-0.028436	-0.008187	-0.004666	-0.018337
chr11	22412506	23165275	-0.268924	-0.203927	-0.100796	-0.159011
chr11	23166676	24672633	0.272968	0.112712	0.074118	0.221695
chr11	24712027	26466023	-0.143594	-0.066162	-0.043001	-0.101231
chr11	26480541	27091391	0.124217	0.065081	0.043367	0.088394
chr11	27099835	27816305	0.248952	0.194513	0.102216	0.171790
chr11	27827120	28147495	0.287606	0.239312	0.134974	0.192043
chr11	28151459	28566227	0.146446	0.069436	0.042625	0.106301
chr11	28567870	29134483	-0.168786	-0.147252	-0.058564	-0.093385
chr11	29150034	29600417	0.107981	0.082349	0.037181	0.068857
chr11	29602201	29977577	0.351287	0.246736	0.123637	0.260548
chr11	29980696	30560244	-0.013605	-0.009442	-0.004545	-0.011103
chr11	30594047	30838659	0.709163	0.422402	0.292811	0.632089
chr11	30848168	31180648	0.057344	0.031947	0.017250	0.010641
chr11	31187141	31467041	0.433827	0.265459	0.172437	0.317647
chr11	31467798	31827102	0.485688	0.374693	0.163356	0.361760
chr11	31854579	32140506	0.655534	0.372534	0.274547	0.517848
chr11	32140604	32811842	0.300774	0.168564	0.107986	0.183589
chr11	32814993	33440352	0.462108	0.289891	0.174852	0.357600
chr11	33454125	33984791	0.327323	0.198542	0.126677	0.240326
chr11	33985182	34406288	0.103763	0.052089	0.029421	0.063681
chr11	34421518	34700811	0.239906	0.190957	0.096762	0.152129
chr11	34700871	35014610	0.275157	0.182447	0.097833	0.222110
chr11	35039239	35439641	0.061869	0.038822	0.016898	0.048139
chr11	35440702	35975027	0.389578	0.271132	0.151818	0.316440
chr11	35975699	36481789	0.239313	0.147736	0.078348	0.199024
chr11	36501533	36872810	0.097831	0.067419	0.032409	0.071498
chr11	36880937	37189606	-0.356718	-0.342075	-0.140384	-0.236593
chr11	37190992	37721192	0.246437	0.160048	0.086271	0.185467
chr11	37722180	38677235	0.390723	0.269815	0.126721	0.322100
chr12	1413588	3205172	0.412973	0.309249	0.198777	0.375723
chr12	3217994	3974958	0.097248	0.051490	0.034364	0.053481
chr12	3975050	6374700	0.191805	0.079855	0.061035	0.133983
chr12	6432113	7846475	-0.008755	-0.004444	-0.002559	-0.006815
chr12	7846632	9329241	0.294677	0.134607	0.073347	0.223979
chr12	9410641	9968958	-0.006417	-0.005405	-0.002721	-0.004847
chr12	10020764	10874789	0.508690	0.346303	0.176280	0.386884
chr12	10878293	11534631	0.399390	0.241086	0.174754	0.316999
chr12	11541730	12805544	0.580185	0.302143	0.165351	0.486277
chr12	12865398	14364622	0.362626	0.199833	0.127215	0.231762
chr12	14365157	14935571	0.300306	0.196327	0.110609	0.222896
chr12	14938490	15642916	0.138721	0.072831	0.040615	0.074821
chr12	15647153	16914911	0.640077	0.320500	0.254150	0.497015
chr12	16915883	17221030	0.316649	0.190695	0.131555	0.222647
chr12	17230294	17794221	-0.035019	-0.022444	-0.015060	-0.025087
chr12	17822269	18787310	0.025557	0.017172	0.009155	0.015852
chr12	18793772	19913704	0.541001	0.167733	0.125000	0.381316
chr12	19915630	20297091	-0.088877	-0.049847	-0.032477	-0.059463
chr12	20324212	21137862	0.177308	0.127784	0.060556	0.146801
chr12	21137892	21911924	0.329797	0.211852	0.101462	0.258456
chr12	21916252	22513517	0.674268	0.474712	0.315771	0.593311
chr12	22516150	22869303	0.374949	0.190703	0.122533	0.260119
chr12	22872386	23231247	0.517126	0.285714	0.194175	0.440600
chr12	23231601	23582440	0.213333	0.087263	0.049338	0.153326
chr12	23621435	23916280	0.218189	0.100666	0.071557	0.148868
chr12	23916550	24457360	0.286678	0.089317	0.054698	0.172065
chr12	24457369	25031645	0.039768	0.013232	0.009711	0.027180
chr12	25065705	25495499	0.193454	0.120073	0.084997	0.145775
chr12	25503546	25819032	-0.086538	-0.067206	-0.028892	-0.074803
chr12	25826456	26142605	0.128460	0.058144	0.033931	0.073300
chr12	26142621	26640550	0.353333	0.212751	0.114080	0.289431
chr12	26643089	27331104	0.343691	0.228912	0.116427	0.262951
chr12	27335084	27772212	0.424065	0.297096	0.183347	0.344048
chr12	27791217	28738038	0.261835	0.211363	0.083068	0.198981
chr12	28738061	29368041	0.184588	0.113156	0.062396	0.131210
chr12	29371202	29678121	-0.073389	-0.051572	-0.024410	-0.061361
chr12	29683622	29841704	0.220917	0.185587	0.095464	0.181467
chr12	29862769	30349999	0.006044	0.004739	0.002516	0.010407
chr12	30356777	30783661	0.018803	0.016436	0.008495	0.015607
chr12	30791738	30948255	0.360563	0.235800	0.169611	0.281938
chr12	30959646	31304071	0.212836	0.130347	0.080579	0.181720
chr12	31310915	31549507	0.107660	0.067097	0.036099	0.067877
chr12	31550322	31719220	-0.043767	-0.016580	-0.012150	-0.032258
chr12	31720347	32018541	0.364716	0.238161	0.135754	0.286858
chr12	32018545	32371747	0.127066	0.079614	0.044680	0.082440
chr12	32374597	32914266	0.252374	0.165867	0.082576	0.199769
chr12	32953313	34136722	0.321154	0.127822	0.074338	0.244868
chr12	34136755	35183618	0.248052	0.109780	0.065576	0.187017
chr13	642791	1805319	0.058054	0.025262	0.013810	0.047948
chr13	1807372	2305741	0.500881	0.307194	0.169316	0.383288
chr13	2309674	2775354	0.152763	0.105320	0.042525	0.103351
chr13	2780707	3332948	0.222535	0.149177	0.064709	0.172220
chr13	3335061	3712675	0.082024	0.074321	0.030383	0.078195
chr13	3713155	4076470	0.048962	0.029271	0.015762	0.039041
chr13	4102134	4379728	0.276560	0.193225	0.106511	0.217219
chr13	4387049	4877747	0.484455	0.299149	0.175107	0.385772
chr13	4877805	5343699	-0.116941	-0.055232	-0.030152	-0.109273
chr13	5349349	5619793	0.314306	0.252370	0.115104	0.250983
chr13	5636921	6119242	0.462577	0.221244	0.152611	0.380424
chr13	6124972	6670508	0.531405	0.222414	0.136446	0.398142
chr13	6672580	7332259	0.229350	0.125770	0.076297	0.173333
chr13	7352743	7907196	0.363994	0.171038	0.090060	0.298133
chr13	7910763	8315383	0.285288	0.115983	0.071759	0.196441
chr13	8316321	8592163	0.181860	0.098088	0.060462	0.126319
chr13	8623913	9172821	0.592488	0.297993	0.184503	0.474080
chr13	9195133	9539305	0.126316	0.106627	0.047267	0.092664
chr13	9539963	10557853	-0.026782	-0.013318	-0.007535	-0.018902
chr13	10557889	10949157	-0.261589	-0.213441	-0.090376	-0.195313
chr13	10950164	11550948	0.478640	0.233766	0.145123	0.386348
chr13	11577391	12030772	-0.019061	-0.016680	-0.008608	-0.014701
chr13	12034705	12367782	0.243796	0.128527	0.065281	0.182418
chr13	12380683	12641819	0.391580	0.279893	0.143227	0.311407
chr13	12687522	13350190	0.205354	0.107610	0.064583	0.157480
chr13	13361921	13831795	0.653744	0.343794	0.201760	0.540087
chr13	13834615	14575115	0.047562	0.028462	0.016330	0.017338
chr13	14578958	15364024	-0.087050	-0.066502	-0.033771	-0.065865
chr13	15371085	16520683	0.135802	0.058215	0.041142	0.096338
chr13	16521029	17731916	-0.106680	-0.052515	-0.026553	-0.088650
chr13	17831875	18630261	0.377104	0.208844	0.119167	0.265943
chr13	18871307	19897931	0.161123	0.070223	0.045471	0.132413
chr13	19898952	20425800	0.098319	0.062258	0.040589	0.067553
chr13	20427673	20943461	0.399461	0.282854	0.182134	0.299462
chr13	20948768	21582194	-0.072831	-0.061203	-0.024442	-0.042640
chr13	21583735	22169531	-0.082145	-0.092720	-0.019589	-0.038328
chr13	22189150	22992788	0.364393	0.284293	0.151837	0.269373
chr13	22993194	23582078	0.370951	0.284797	0.173977	0.236352
chr13	23585932	23877173	0.100233	0.119031	0.047292	0.067717
chr13	23889712	24366332	0.163686	0.096748	0.048335	0.088344
chr13	24366831	24765101	0.199400	0.138879	0.078636	0.124649
chr13	24771097	25283977	0.220538	0.157472	0.072450	0.148418
chr13	25319343	26049934	0.202368	0.109972	0.059586	0.152088
chr13	26152354	27424659	0.227514	0.110766	0.069032	0.169304
chr13	27431177	27621308	0.364852	0.197110	0.127631	0.295666
chr13	27627515	27946303	0.028630	0.030820	0.010640	0.020990
chr13	27960449	28219145	-0.113901	-0.080329	-0.038832	-0.096260
chr13	28219295	28612657	0.539570	0.353876	0.180548	0.447368
chr13	28614388	28797847	0.083272	0.073389	0.036650	0.054026
chr13	28841608	29292063	0.320349	0.227604	0.106546	0.263602
chr13	29292508	29650100	-0.010121	-0.010499	-0.004416	-0.013981
chr13	29650101	30212438	0.115235	0.054379	0.031177	0.083519
chr13	30232429	30650094	0.287146	0.165204	0.087540	0.196141
chr13	30661091	31010012	0.104902	0.094232	0.038642	0.065926
chr13	31030118	31473892	-0.027634	-0.020243	-0.009544	-0.024993
chr13	31473927	31892672	-0.008912	-0.005207	-0.002834	-0.008850
chr13	31897335	32364491	0.265947	0.190778	0.112588	0.211420
chr13	32367554	33018613	0.044839	0.032044	0.013192	0.047113
chr13	33035572	33246739	0.574763	0.498223	0.209233	0.478215
chr13	33248585	33759395	-0.000384	-0.000242	-0.000105	-0.005881
chr14	488737	1375597	0.371883	0.194408	0.133342	0.331828
chr14	1391813	1963161	0.119469	0.077542	0.042918	0.091216
chr14	1963847	2542416	0.085730	0.041232	0.023314	0.069378
chr14	2543262	2993754	0.527835	0.295783	0.158281	0.328914
chr14	3007643	4445763	0.450122	0.224276	0.125137	0.375825
chr14	4447928	4965850	0.044426	0.024859	0.015831	0.032448
chr14	4967419	5499142	0.257505	0.101754	0.070699	0.177810
chr14	5502249	5864032	0.223661	0.123005	0.082415	0.166951
chr14	5884170	6474165	0.310606	0.168355	0.103789	0.206445
chr14	6474836	7257849	0.052995	0.036364	0.018128	0.033824
chr14	7270033	7921857	-0.136752	-0.056562	-0.032523	-0.127490
chr14	7923092	8590003	0.205548	0.099262	0.058502	0.156132
chr14	8608444	8958672	0.602740	0.302570	0.211994	0.467562
chr14	8969093	9359662	0.436897	0.245506	0.149207	0.331339
chr14	9363860	9646365	0.331334	0.278510	0.165400	0.234301
chr14	9650773	10380350	0.274293	0.192297	0.108851	0.210889
chr14	10390476	10826665	0.248526	0.137690	0.080250	0.166199
chr14	10826668	11094002	0.213213	0.198800	0.085527	0.137902
chr14	11095929	11386038	0.390678	0.191247	0.109814	0.337729
chr14	11397203	11896301	0.477889	0.285592	0.182661	0.397862
chr14	11909728	12599184	0.183673	0.154412	0.085798	0.131524
chr15	319488	661569	0.010411	0.005545	0.002959	0.006831
chr15	667524	1191325	0.365049	0.233251	0.140299	0.260930
chr15	1191558	1931878	0.231437	0.097581	0.067189	0.182094
chr15	1950262	2610985	-0.036745	-0.019492	-0.011498	-0.044741
chr15	2616502	2905349	0.270404	0.197148	0.096889	0.245701
chr15	2909891	3273123	0.006483	0.002971	0.001633	0.011830
chr15	3286371	3759564	0.274214	0.144682	0.079021	0.257955
chr15	3763988	4123590	0.441532	0.196178	0.110429	0.393178
chr15	4128682	4751048	0.168407	0.086423	0.041413	0.130435
chr15	4757086	5062490	-0.348936	-0.318076	-0.114095	-0.269029
chr15	5077841	5389473	0.347406	0.214577	0.130568	0.264219
chr15	5392160	5610003	0.318687	0.186898	0.118271	0.243331
chr15	5613962	5840392	0.414241	0.250135	0.147035	0.284878
chr15	5840651	6340904	0.333087	0.187656	0.125469	0.287122
chr15	6341682	6687452	0.072891	0.048147	0.023353	0.057905
chr15	6687611	7125950	0.457143	0.238273	0.151134	0.366133
chr15	7125965	7462790	0.347553	0.173959	0.121740	0.262559
chr15	7463078	7941535	0.156553	0.115643	0.052386	0.102931
chr15	7941546	8572926	0.550851	0.284682	0.182011	0.418172
chr15	8593042	9211658	0.187532	0.103672	0.056073	0.130171
chr15	9218288	9516611	0.292511	0.143289	0.095954	0.198327
chr15	9527886	10451157	0.329554	0.228501	0.125253	0.264656
chr15	10472092	11104847	0.522173	0.319482	0.178845	0.393556
chr15	11120774	11744595	0.035647	0.017395	0.008991	0.008547
chr15	11744674	12195349	0.359811	0.259684	0.153143	0.267788
chr15	12226580	12557660	0.213410	0.154340	0.076923	0.149496
chr16	242256	643631	0.303839	0.172550	0.097182	0.238503
chr16	669607	1284471	0.200479	0.123828	0.059080	0.127294
chr16	1304312	1797420	0.627406	0.404366	0.204645	0.458638
chr16	1816894	3041078	0.484396	0.339676	0.137873	0.344665
chr16	3041098	4292183	0.020736	0.005943	0.003838	0.002484
chr16	4292184	5396764	0.190544	0.073513	0.041555	0.131742
chr16	5418179	5844058	0.324871	0.212616	0.091598	0.247785
chr16	5857031	6859320	0.399695	0.226475	0.123567	0.256102
chr16	6859322	7943788	0.686204	0.301894	0.185780	0.571751
chr16	7945770	8781029	0.419159	0.218828	0.127539	0.344188
chr16	8784799	9193971	0.220801	0.165489	0.076546	0.205302
chr16	9198818	9491363	0.103259	0.077732	0.035751	0.072104
chr17	351577	622389	0.075908	0.036658	0.024026	0.068873
chr17	622431	968831	0.225939	0.105777	0.062566	0.139803
chr17	980608	1447380	0.318123	0.195984	0.125601	0.217082
chr17	1450085	1992549	0.287879	0.139386	0.090141	0.207367
chr17	1999238	2430434	0.379017	0.225598	0.122630	0.271864
chr17	2434385	2926202	-0.042132	-0.023782	-0.014931	-0.033213
chr17	2926564	3467358	0.409567	0.241676	0.131604	0.350384
chr17	3472152	3944333	0.210049	0.083854	0.054856	0.173351
chr17	3944494	4331600	0.319472	0.212934	0.112979	0.251064
chr17	4342546	4623078	0.211092	0.131849	0.065542	0.166342
chr17	4686000	5516373	0.352559	0.153170	0.089265	0.259051
chr17	5523925	6278693	0.531990	0.208970	0.146672	0.420371
chr17	6278836	7185065	0.028185	0.011259	0.007641	0.019026
chr17	7250939	7982056	0.378706	0.209026	0.129424	0.291005
chr18	510114	1253658	0.281972	0.147939	0.084693	0.237662
chr18	1262856	2099113	0.154707	0.086112	0.050674	0.111948
chr18	2100709	3236352	0.358664	0.222256	0.122197	0.291071
chr18	3244516	3692032	0.075549	0.045467	0.022872	0.056180
chr18	3700774	4336467	0.020459	0.009552	0.006027	0.016345
chr18	4344450	4729393	0.168748	0.142492	0.074296	0.119360
chr18	4729435	5140858	0.447189	0.308370	0.196005	0.371025
chr18	5152469	5464496	0.262689	0.214266	0.088663	0.230307
chr18	5465733	5764734	-0.081001	-0.081805	-0.042135	-0.073314
chr18	5776233	6204853	0.320519	0.230654	0.124823	0.225594
chr18	6208199	6648615	0.633634	0.532425	0.295435	0.518428
chr18	6648627	7122884	-0.060770	-0.030963	-0.015120	-0.037173
chr18	7135902	7764206	0.235250	0.134574	0.074145	0.188332
chr19	146246	2182969	0.057170	0.027621	0.015402	0.049645
chr19	2184020	2803892	0.086191	0.047656	0.028855	0.052712
chr19	2804959	3524761	-0.004215	-0.003963	-0.001580	0.001059
chr19	3540305	4093507	-0.043890	-0.026241	-0.012755	-0.038644
chr19	4103633	4642613	0.523690	0.308617	0.174090	0.411652
chr19	4652200	5395193	-0.202740	-0.144290	-0.076367	-0.167277
chr19	5398345	5878001	-0.128406	-0.095895	-0.042160	-0.090495
chr19	5891770	6491295	0.566845	0.331250	0.204999	0.429078
chr19	6517529	7022553	0.444395	0.226853	0.130932	0.354794
chr19	7062762	7354364	0.364346	0.140088	0.098860	0.204308
chr19	7358228	7968962	0.465894	0.230227	0.143910	0.389199
chr20	506308	1201323	0.449912	0.304490	0.143992	0.304219
chr20	1202217	1830570	0.075945	0.067689	0.034187	0.063011
chr20	1830750	2453233	0.379032	0.231839	0.129315	0.275652
chr20	2474640	2864873	0.244189	0.196179	0.097639	0.147782
chr20	2878330	3290190	0.398717	0.224400	0.136023	0.281311
chr20	3293841	3754061	0.302762	0.140169	0.087002	0.204504
chr20	3754526	4094173	0.600565	0.319716	0.183467	0.487381
chr20	4151912	4481328	0.405803	0.278583	0.141163	0.331079
chr20	4494342	4976617	0.473926	0.279981	0.170256	0.384357
chr20	4977516	5313108	0.212860	0.175374	0.083290	0.167957
chr20	5313782	5814024	0.273916	0.198024	0.093414	0.229349
chr20	5826276	6172398	0.059598	0.043161	0.020438	0.045535
chr20	6189555	6650172	0.353223	0.203624	0.132653	0.236532
chr20	6670418	7095110	0.195896	0.132781	0.079375	0.123651
chr21	544664	1197256	0.116877	0.063449	0.036732	0.118017
chr21	1220150	2022121	0.061030	0.030931	0.019204	0.041555
chr21	2023523	2923460	0.202619	0.108387	0.058633	0.172479
chr21	2923554	3424783	-0.010688	-0.006631	-0.003431	-0.008666
chr21	3430887	4534153	0.639564	0.307290	0.167932	0.523810
chr21	4536784	5174184	0.283359	0.165255	0.091998	0.224922
chr21	5189234	5894671	0.069592	0.040600	0.022638	0.055799
chr21	5905991	6424594	0.086239	0.056866	0.037030	0.063772
chr21	6428975	6940851	0.447847	0.191450	0.132316	0.333566
chr22	676542	1235282	0.100905	0.065300	0.031848	0.070192
chr22	1236186	2028358	-0.027880	-0.011910	-0.006801	-0.018814
chr22	2030173	2688021	0.407939	0.250735	0.129301	0.288193
chr22	2711167	3186532	0.498316	0.347928	0.183537	0.418109
chr22	3198886	3778890	0.236076	0.166540	0.083112	0.196530
chr22	3787155	4415187	0.110437	0.046079	0.026213	0.100808
chr22	4421634	5282167	0.177089	0.072661	0.040345	0.095616
chr22	5289739	5597833	0.013533	0.006010	0.003782	0.034304
chr22	5600993	6141883	0.219231	0.095727	0.063977	0.185265
chr23	574096	938582	0.137554	0.096227	0.049480	0.083135
chr23	960555	1231308	0.208194	0.143185	0.089458	0.190493
chr23	1237880	1782386	0.471936	0.286608	0.154877	0.414550
chr23	1782398	2646072	0.184659	0.112424	0.058131	0.133470
chr24	478846	678861	0.195402	0.158475	0.080760	0.129951
chr24	679557	1426765	-0.001429	-0.000772	-0.000341	-0.005363
chr24	1426775	2043596	0.267000	0.137325	0.081192	0.214052
chr24	2059190	2557659	0.520914	0.294922	0.180703	0.376559
chrZ	54019	806689	0.379581	0.237090	0.143790	0.291925
chrZ	833791	1154894	-0.241983	-0.195294	-0.090352	-0.228612
chrZ	1154959	2587883	0.785841	0.421887	0.262757	0.710518
chrZ	2596921	3465214	0.147290	0.107697	0.059111	0.125175
chrZ	3487155	3923994	-0.004708	-0.003585	-0.001709	0.002797
chrZ	3931400	4264192	0.026208	0.022551	0.011327	0.022069
chrZ	4270614	4323430	0.144041	0.208709	0.118550	0.102056
chrZ	4324683	4387765	-0.222825	-0.474048	-0.226446	-0.146576
chrZ	4389320	4485194	-0.068732	-0.091436	-0.060503	-0.037838
chrZ	4485251	4543023	-0.147525	-0.312369	-0.160043	-0.105004
chrZ	4543589	4569563	-0.142059	-0.211144	-0.102128	-0.096300
chrZ	4569690	4624910	-0.043534	-0.073514	-0.037548	-0.028263
chrZ	4624919	4647990	-0.008608	-0.021429	-0.009623	-0.005042
chrZ	4648005	5114288	-0.192825	-0.298957	-0.120956	-0.124277
chrZ	5131164	5352114	-0.035778	-0.060211	-0.033140	-0.025253
chrZ	5353011	6815793	-0.063222	-0.096118	-0.044924	-0.039604
chrZ	6815826	7091065	-0.031221	-0.080952	-0.032946	-0.018182
chrZ	7091102	8810914	0.017636	0.044118	0.016091	0.011633
chrZ	8810952	8981197	0.094965	0.158006	0.091749	0.061749
chrZ	8981291	9268666	0.076923	0.088714	0.051499	0.057205
chrZ	9268675	9411352	0.038896	0.060370	0.029342	0.024603
chrZ	9412002	10023048	-0.113865	-0.126960	-0.071130	-0.089380
chrZ	10029982	12538269	-0.039623	-0.021993	-0.012614	-0.035413
chrZ	12553435	15219706	0.071646	0.045653	0.023912	0.047236
chrZ	15220002	18643998	0.128036	0.091866	0.056048	0.107705
chrZ	18744479	20237987	0.207692	0.267327	0.156239	0.159527
chrZ	20238002	22726897	0.095178	0.087056	0.049951	0.074074
chrZ	22726945	26701815	-0.030918	-0.023369	-0.012229	-0.020699
chrZ	27098610	53829787	0.260934	0.076162	0.049414	0.218089
chrZ	53927232	73712096	0.606419	0.242273	0.128831	0.505776
chrZ	73799800	83101739	0.506671	0.176641	0.111499	0.444411
