chr	windowStart	windowEnd	D	f_d	f_dM	d_f
chr1	972178	1630808	0.277929	0.034097	0.025184	0.272000
chr1	1631968	2021212	0.194558	0.022261	0.015798	0.201592
chr1	2024677	2733214	0.069886	0.007688	0.005331	0.036949
chr1	2764858	3319727	0.060172	0.006015	0.004493	0.054242
chr1	3359600	3984901	-0.060976	-0.004402	-0.003367	-0.084211
chr1	4030595	4896406	0.043607	0.003312	0.002377	0.055667
chr1	4965063	5564120	0.153247	0.012072	0.009173	0.129887
chr1	5571476	6620260	-0.062053	-0.005955	-0.004323	-0.063584
chr1	6640945	7154134	0.046285	0.004653	0.003476	0.033143
chr1	7166147	7708656	-0.101744	-0.008747	-0.006269	-0.093706
chr1	7717997	8179481	0.305699	0.023394	0.017405	0.299875
chr1	8185454	8684264	0.004596	0.000469	0.000330	-0.021778
chr1	8685804	9583455	0.114551	0.011596	0.008879	0.101705
chr1	9590458	10828494	0.227182	0.017190	0.012848	0.232062
chr1	10843517	12390149	0.124908	0.009068	0.006672	0.120974
chr1	12394431	13964995	-0.130952	-0.007569	-0.005173	-0.131243
chr1	14017262	14530501	0.059914	0.004957	0.003530	0.028943
chr1	14646415	15611346	0.020027	0.000925	0.000649	0.010856
chr1	15611361	16338943	-0.008363	-0.000659	-0.000454	0.005525
chr1	16347014	17277557	-0.153652	-0.011611	-0.008143	-0.134884
chr1	17297349	18321483	0.131973	0.008346	0.006078	0.116517
chr1	18593218	21509510	0.035827	0.002034	0.001445	0.049240
chr1	21679318	22655094	0.141119	0.009312	0.006493	0.125858
chr1	22658202	24406891	0.131765	0.008219	0.006032	0.135498
chr1	24419523	25292932	0.038314	0.003114	0.002074	0.021583
chr1	25292944	26818504	-0.119369	-0.009230	-0.006673	-0.110375
chr1	26818710	27846038	-0.063784	-0.004243	-0.003069	-0.023834
chr1	27854117	28998806	0.040506	0.002711	0.001966	0.046229
chr1	28998890	29938972	-0.057301	-0.004000	-0.002845	-0.040998
chr1	29952657	31929578	0.169591	0.012190	0.008564	0.163842
chr1	31953956	32598755	-0.038765	-0.003531	-0.002528	-0.041145
chr1	32630662	33558162	0.069616	0.004825	0.003355	0.064809
chr1	33561522	34241078	0.382292	0.025773	0.019354	0.387978
chr1	34254531	35341902	0.066339	0.005935	0.004351	0.050602
chr1	35404649	36520676	-0.044578	-0.004118	-0.003069	-0.058446
chr1	36542482	37226670	0.042112	0.003169	0.002199	0.041860
chr1	37233951	37808884	-0.057292	-0.003382	-0.002408	-0.057292
chr1	37810131	38499584	0.333333	0.025194	0.017957	0.328307
chr1	38513737	39404967	-0.106709	-0.006958	-0.004866	-0.099821
chr1	39407600	40272743	0.115869	0.007906	0.005813	0.143192
chr1	40279352	41562638	0.143845	0.009207	0.006568	0.146944
chr1	41577233	42385952	0.082174	0.007952	0.005655	0.090692
chr1	42402097	43522474	-0.066489	-0.003976	-0.002995	-0.078481
chr1	43575608	44935208	-0.227021	-0.017593	-0.011796	-0.235480
chr1	44938868	47924445	-0.033921	-0.001779	-0.001282	-0.059432
chr1	47927842	49009325	-0.038278	-0.003070	-0.002251	-0.036697
chr1	49022035	49855407	-0.091138	-0.006404	-0.004435	-0.089783
chr1	49864699	50547683	0.137405	0.011393	0.008192	0.148730
chr1	50575097	51368456	0.156202	0.009758	0.007374	0.157434
chr1	51369286	52305935	0.152971	0.012513	0.009237	0.142151
chr1	52311574	53001307	-0.162630	-0.018432	-0.013105	-0.153934
chr1	53003177	53532489	-0.121457	-0.009132	-0.006641	-0.115090
chr1	53539386	53788099	0.034826	0.004423	0.003054	0.021792
chr1	53795178	54325540	0.115144	0.012467	0.008798	0.108491
chr1	54361466	54821094	0.235294	0.016303	0.011613	0.223077
chr1	54829388	55417682	-0.049708	-0.002980	-0.002155	-0.048023
chr1	55420536	55928558	0.152542	0.012762	0.009480	0.155499
chr1	55960423	56266465	0.159664	0.013088	0.009262	0.168224
chr1	56268505	56657458	0.204694	0.017641	0.012769	0.215783
chr1	56658164	56979791	-0.062651	-0.006671	-0.004613	-0.039443
chr1	56984432	57442016	-0.082090	-0.006789	-0.004600	-0.078014
chr1	57450168	57985608	-0.094118	-0.005350	-0.003809	-0.079277
chr1	57997804	58745365	-0.087759	-0.008244	-0.005988	-0.069589
chr1	58748595	59130286	0.101038	0.008886	0.006422	0.093231
chr1	59141104	59836111	-0.084239	-0.004622	-0.003457	-0.086093
chr1	59837278	60405632	-0.148910	-0.013480	-0.010052	-0.122520
chr1	60422295	60944849	-0.107417	-0.010816	-0.007651	-0.090680
chr1	60961779	61895654	0.312162	0.018658	0.013995	0.277567
chr1	61911076	62431557	0.130198	0.009484	0.006976	0.120678
chr1	62448706	63127229	0.254144	0.017536	0.013063	0.242744
chr1	63141253	63848240	-0.157525	-0.010470	-0.007397	-0.150943
chr1	63861674	65174693	-0.253807	-0.020668	-0.014508	-0.253807
chr1	65176564	65992623	-0.022422	-0.001586	-0.001127	-0.019973
chr1	65997194	66563688	-0.023611	-0.001693	-0.001230	-0.022222
chr1	66581229	67193578	-0.237611	-0.018056	-0.013249	-0.236623
chr1	67193910	67702936	0.225000	0.018546	0.013532	0.212714
chr1	67763067	68416569	0.021429	0.001660	0.001110	0.017585
chr1	68420383	69191908	-0.236892	-0.016460	-0.011619	-0.221757
chr1	69193408	70024268	0.086455	0.006901	0.005046	0.067416
chr1	70093607	70919875	0.146972	0.011962	0.008496	0.134535
chr1	70920815	71946844	-0.038560	-0.003620	-0.002560	-0.038363
chr1	71974232	72553732	-0.205534	-0.018332	-0.013400	-0.201550
chr1	72554194	73082633	0.333784	0.027661	0.021313	0.316261
chr1	73083714	73810222	-0.175839	-0.016821	-0.011256	-0.182292
chr1	73810419	74409178	-0.178841	-0.016795	-0.011654	-0.187578
chr1	74447275	74914061	-0.047553	-0.004353	-0.003156	-0.072596
chr1	74915080	76337955	-0.079262	-0.005837	-0.004168	-0.076440
chr1	76364570	76832711	-0.116090	-0.010677	-0.007533	-0.092097
chr1	76851968	77344421	0.073204	0.007545	0.005061	0.076923
chr1	77365755	78127990	-0.098630	-0.008883	-0.006355	-0.112000
chr1	78136543	79004890	0.004016	0.000281	0.000207	-0.015464
chr1	79030706	80272200	-0.082210	-0.004757	-0.003460	-0.081633
chr1	80272629	80671817	0.386139	0.029570	0.022616	0.383769
chr1	80675979	81227146	0.327643	0.024066	0.017921	0.324808
chr1	81228517	82206175	-0.255952	-0.012964	-0.009212	-0.238227
chr1	82212679	83211955	-0.020243	-0.001447	-0.001016	-0.019506
chr1	83215289	84357821	0.152682	0.008916	0.006181	0.114024
chr1	84372873	85472084	-0.059303	-0.003309	-0.002290	-0.055479
chr1	85473184	85827479	0.163317	0.014697	0.010191	0.137725
chr1	85835967	86671874	-0.094840	-0.005976	-0.004112	-0.090446
chr1	86686614	87566686	0.063452	0.003794	0.002603	0.058252
chr1	87577762	88349387	0.223684	0.017728	0.012666	0.209406
chr1	88368184	88988116	0.267457	0.018240	0.013026	0.245330
chr1	88996275	89501042	0.087750	0.004831	0.003386	0.068089
chr1	89517195	90335636	0.074020	0.003323	0.002355	0.096503
chr1	90352636	90882053	0.041058	0.002267	0.001633	0.054355
chr1	90943224	91930461	0.224658	0.009474	0.006823	0.189460
chr1	91942663	92926613	-0.183215	-0.011928	-0.008133	-0.163056
chr1	92929414	94119269	0.092910	0.007575	0.005222	0.097619
chr1	94137334	95361315	-0.253203	-0.017715	-0.012486	-0.263782
chr1	95438080	96477414	0.138107	0.009762	0.006819	0.121429
chr1	96525420	97764667	-0.096774	-0.007574	-0.005378	-0.108014
chr1	97773449	99564698	0.258587	0.016863	0.012246	0.272040
chr1	99605698	100845720	-0.051995	-0.003334	-0.002307	-0.050888
chr1	100860747	101272301	-0.075353	-0.005905	-0.003854	-0.067466
chr1	101274768	102036360	-0.320755	-0.019056	-0.013342	-0.326398
chr1	102046329	104554619	0.048267	0.002687	0.001952	0.039239
chr1	104627709	106425269	-0.324201	-0.017519	-0.013059	-0.333333
chr1	106609112	108009672	0.218260	0.011119	0.008108	0.196262
chr1	108055470	112003916	-0.110870	-0.004907	-0.003491	-0.104950
chr1	112018250	113297772	-0.165301	-0.010205	-0.007514	-0.154534
chr1	113330312	114111696	-0.061429	-0.004026	-0.002827	-0.050068
chr1	114119717	114699358	0.094444	0.006086	0.004375	0.085414
chr1	114701181	115358840	-0.323651	-0.026767	-0.018855	-0.306389
chr1	115407532	115966453	-0.273390	-0.018221	-0.012896	-0.281807
chr1	115982266	116388546	-0.498534	-0.037968	-0.027016	-0.488112
chr1	116394588	117355752	-0.339974	-0.026659	-0.018666	-0.322364
chr1	117356049	118240029	0.097931	0.005650	0.004152	0.106003
chr1	118240068	119180736	-0.116383	-0.006518	-0.004442	-0.084924
chr1	119254399	119920973	0.094595	0.007747	0.005405	0.095238
chr1	119930680	120734858	0.106443	0.007118	0.004962	0.108666
chr1	120737957	121460454	0.170701	0.011927	0.008557	0.158148
chr1	121468966	122285118	-0.013398	-0.000980	-0.000720	-0.005875
chr1	122286630	122906711	-0.145119	-0.009992	-0.007326	-0.145729
chr1	122909532	123222517	-0.484644	-0.039833	-0.028087	-0.478577
chr1	123235673	123739175	-0.177385	-0.017170	-0.012029	-0.192230
chr1	123741479	125110055	-0.179625	-0.013071	-0.009087	-0.181347
chr1	125149731	127621734	0.311470	0.017757	0.012501	0.296826
chr1	127842163	129252265	-0.095833	-0.005884	-0.004059	-0.097784
chr1	129273188	130243594	0.012857	0.000644	0.000451	0.065301
chr1	130286825	131701640	0.132660	0.006542	0.004712	0.127179
chr1	131732402	132242707	-0.292086	-0.018873	-0.013592	-0.290141
chr1	132249497	133150365	0.215881	0.013102	0.009511	0.215881
chr1	133184426	134046284	0.044248	0.003745	0.002575	0.053876
chr1	134055986	135119249	-0.026639	-0.001663	-0.001185	-0.037377
chr1	135121135	135837774	0.068796	0.005822	0.004219	0.044393
chr1	135841198	136488248	0.102151	0.007189	0.005210	0.101604
chr1	136491818	139924272	-0.302399	-0.014993	-0.010822	-0.260759
chr1	140041208	140774293	-0.086592	-0.006213	-0.004512	-0.083784
chr1	140853885	141777274	0.027064	0.001685	0.001210	0.042105
chr1	141785637	142657211	-0.017287	-0.001398	-0.000972	-0.015544
chr1	142674088	143597982	-0.021879	-0.001982	-0.001361	-0.029225
chr1	143625082	144685660	-0.034483	-0.002026	-0.001403	-0.037234
chr1	144689336	145234522	-0.066971	-0.004347	-0.003254	-0.084932
chr1	145234868	145713401	-0.075069	-0.006000	-0.004228	-0.067453
chr1	145737243	146156306	-0.409826	-0.038830	-0.027471	-0.397849
chr1	146181303	147191943	0.016700	0.001250	0.000905	0.016567
chr1	147196941	147787797	0.227920	0.016531	0.012227	0.247222
chr1	147874559	148763635	-0.079277	-0.004904	-0.003547	-0.079787
chr1	148781099	149251901	0.064628	0.005155	0.003740	0.081183
chr1	149261399	149859979	-0.117008	-0.010946	-0.007302	-0.072072
chr1	149860128	150525491	0.146250	0.014707	0.010681	0.129496
chr1	150535835	151570951	0.100000	0.006262	0.004452	0.109375
chr1	151586806	152099726	0.244156	0.023505	0.016650	0.212048
chr1	152113483	153032342	-0.142379	-0.008370	-0.006080	-0.140575
chr1	153164030	155505290	0.032987	0.002349	0.001680	0.017950
chr1	155610572	156352263	0.195282	0.018788	0.013734	0.180328
chr1	156389440	157462564	-0.185319	-0.013251	-0.009522	-0.131609
chr1	157472094	158124227	-0.101781	-0.009766	-0.007085	-0.097561
chr1	158143222	158726429	0.122530	0.010792	0.007607	0.120936
chr1	158728901	159341288	-0.020910	-0.002669	-0.001810	-0.010526
chr1	159351281	159925489	-0.218884	-0.018095	-0.013055	-0.194483
chr1	159942306	167405003	0.055556	0.004294	0.002869	0.034014
chr1	167542320	168779450	-0.003274	-0.000230	-0.000175	0.000628
chr1	168787463	170323912	0.101429	0.006268	0.004632	0.069100
chr1	170329566	171024419	-0.054865	-0.005011	-0.003621	-0.053686
chr1	171033493	171996144	0.000638	0.000055	0.000040	-0.008696
chr1	171996516	175624771	0.009252	0.000623	0.000455	0.000000
chr1	176061559	180742842	0.052121	0.003127	0.002284	0.056387
chr1	180753909	181543425	-0.246426	-0.017209	-0.012727	-0.233290
chr1	181543426	182325917	0.398396	0.041004	0.027997	0.380102
chr1	182339613	182983977	-0.256193	-0.021769	-0.015363	-0.268085
chr1	182984947	183682882	0.318182	0.028235	0.020173	0.296460
chr1	183689436	184548291	0.116022	0.010984	0.008039	0.116580
chr1	184561995	185190003	0.049637	0.004864	0.003384	0.034238
chr1	185196724	185876593	0.384913	0.023105	0.017467	0.387883
chr1	185876594	186457941	0.202439	0.020567	0.014895	0.168409
chr1	186504462	187064737	0.097222	0.006564	0.004747	0.088977
chr1	187081991	187523919	-0.023873	-0.002408	-0.001815	-0.015345
chr1	187529740	188860387	0.006373	0.000444	0.000318	-0.007365
chr1	188904949	190289897	-0.053185	-0.002869	-0.002030	-0.051560
chr1	190292618	191053302	0.078764	0.005173	0.003708	0.076149
chr1	191053872	192099592	0.092883	0.005299	0.003789	0.117305
chr1	192106441	192915076	0.022975	0.001363	0.000949	0.008343
chr1	192917186	194143163	-0.013819	-0.000779	-0.000557	-0.027219
chr1	194145579	195220679	-0.103832	-0.005731	-0.004121	-0.084706
chr1	195221261	196191758	-0.050686	-0.003208	-0.002147	-0.059923
chr1	196198944	197234778	0.011264	0.000652	0.000472	0.003517
chr1	197243991	198613308	0.151930	0.010091	0.007030	0.160287
chr1	198615061	200182633	0.219963	0.014589	0.010641	0.226113
chr1	200182647	202514620	-0.015131	-0.000832	-0.000599	-0.006570
chr1	202553409	202899901	0.132497	0.010646	0.008021	0.141722
chr1	202912908	203517734	0.176871	0.012935	0.009311	0.157360
chr1	203529549	204359016	0.006536	0.000518	0.000361	0.005871
chr1	204367420	205198456	-0.006240	-0.000411	-0.000300	-0.010014
chr1	205270867	205747805	0.315166	0.046430	0.032418	0.231317
chr1	205747841	205950928	-0.393728	-0.099029	-0.060088	-0.239216
chr1	205955573	206100634	0.004847	0.002524	0.001262	0.012026
chr1	206104835	206189921	0.142857	0.068528	0.033788	0.116705
chr1	206189961	206373259	0.046296	0.013831	0.009252	0.029586
chr1	206373304	206831016	0.155579	0.028772	0.021536	0.125902
chr1	206860224	207257584	-0.026658	-0.003008	-0.002093	-0.036562
chr1	207258679	207677045	0.264935	0.027978	0.021183	0.211679
chr1	207701472	208387318	-0.051136	-0.004936	-0.003511	-0.062016
chr1	208452712	208880127	-0.108005	-0.011940	-0.008679	-0.131167
chr1	208896630	209522202	-0.103914	-0.008741	-0.006490	-0.098592
chr1	209529764	209784986	-0.039390	-0.006121	-0.004408	-0.052761
chr1	209793082	210294789	-0.009655	-0.001032	-0.000756	-0.001332
chr1	210302854	210702644	0.187853	0.019164	0.014065	0.178046
chr1	210705112	212540693	-0.137150	-0.011233	-0.008118	-0.121134
chr1	212575611	214041086	0.453475	0.054283	0.037233	0.435897
chr1	214052507	215156899	0.145601	0.021218	0.014839	0.143205
chr2	245520	903898	0.000683	0.000075	0.000052	0.016790
chr2	904471	1790524	-0.023443	-0.002263	-0.001619	-0.055981
chr2	1792002	2710490	0.030040	0.002657	0.001976	0.013133
chr2	2712202	3096374	-0.097840	-0.014817	-0.010508	-0.097840
chr2	3112378	4551151	0.243971	0.025078	0.018428	0.229258
chr2	4572997	5190523	-0.039024	-0.003026	-0.002275	-0.031325
chr2	5214245	5852210	0.113514	0.008043	0.005800	0.103713
chr2	5855673	6422360	-0.039826	-0.003674	-0.002583	-0.036938
chr2	6422374	6674443	0.176849	0.020186	0.014919	0.166913
chr2	6683954	7263196	0.123783	0.009001	0.006393	0.100529
chr2	7278399	8200316	-0.139154	-0.009496	-0.006923	-0.120497
chr2	8210730	8950038	-0.014493	-0.001124	-0.000811	-0.014009
chr2	8955088	9515135	-0.049157	-0.003096	-0.002361	-0.047382
chr2	9577044	11192635	0.098694	0.003687	0.002724	0.095628
chr2	11194458	11932436	-0.168443	-0.008670	-0.006099	-0.183869
chr2	11932603	13278738	-0.008403	-0.000459	-0.000345	-0.015625
chr2	13300312	15060508	-0.095967	-0.004725	-0.003292	-0.074122
chr2	15069392	15744069	-0.192017	-0.010307	-0.007192	-0.181522
chr2	15785841	16688908	0.176471	0.012021	0.008168	0.175691
chr2	16693901	17421841	0.063940	0.004004	0.002782	0.057597
chr2	17429728	18277498	0.104061	0.007597	0.005111	0.086801
chr2	18291638	19170348	0.009749	0.000756	0.000514	0.033119
chr2	19201257	20073535	-0.075829	-0.004181	-0.002999	-0.086528
chr2	20138705	21693160	-0.069219	-0.003572	-0.002547	-0.079057
chr2	21773561	22739591	0.066214	0.004309	0.002945	0.039735
chr2	22754234	23680880	-0.108404	-0.007067	-0.004930	-0.089639
chr2	23688048	24938026	0.048101	0.002371	0.001721	0.036005
chr2	24956112	25466158	0.304455	0.026223	0.018867	0.300832
chr2	25523623	26435468	0.202198	0.017936	0.012132	0.199566
chr2	26489972	27208272	-0.171954	-0.013973	-0.009449	-0.195280
chr2	27214360	27670920	-0.136774	-0.009845	-0.007273	-0.136247
chr2	27734057	29616902	0.243176	0.014638	0.010467	0.222094
chr2	29627192	30892514	-0.027389	-0.002366	-0.001687	-0.019053
chr2	30906022	32217211	0.027314	0.001425	0.001024	0.016438
chr2	32279201	33304911	-0.205570	-0.011698	-0.008407	-0.193508
chr2	33314288	34252387	-0.048121	-0.003192	-0.002319	-0.049968
chr2	34252388	34973657	0.373494	0.025695	0.019140	0.313725
chr2	34980629	35547525	0.197844	0.017691	0.012802	0.170766
chr2	35557016	36384206	-0.134443	-0.008997	-0.006594	-0.123288
chr2	36384248	36818905	0.053942	0.004978	0.003669	0.029925
chr2	36821373	37267934	-0.262166	-0.017467	-0.012853	-0.224764
chr2	37282383	37714797	0.058264	0.005802	0.004123	0.056647
chr2	37723875	38107559	0.103425	0.008302	0.006387	0.078216
chr2	38108186	39044544	0.148855	0.010952	0.007847	0.141818
chr2	39044732	39624186	0.051922	0.004662	0.003395	0.041322
chr2	39632703	40430504	0.017833	0.001479	0.001059	0.001258
chr2	40567306	41695953	0.056140	0.003680	0.002689	0.040724
chr2	41703581	42331935	-0.150868	-0.009969	-0.007315	-0.150259
chr2	42337703	43352155	0.109890	0.006553	0.004807	0.076326
chr2	43354598	44193367	0.298917	0.017898	0.013294	0.282622
chr2	44212064	44965737	0.006036	0.000527	0.000371	0.013734
chr2	44968910	45985660	0.245803	0.017872	0.013242	0.221357
chr2	45993594	46691735	-0.236315	-0.021321	-0.015154	-0.230769
chr2	46694131	47678934	0.153743	0.013410	0.009599	0.165580
chr2	47682959	48338404	-0.081409	-0.006579	-0.004612	-0.090080
chr2	48370543	49151319	0.026901	0.002272	0.001597	0.026901
chr2	49151656	49719800	0.083333	0.010904	0.007660	0.078591
chr2	49719868	50568237	0.175741	0.012596	0.009384	0.173824
chr2	50571569	51478650	0.325409	0.020540	0.015043	0.295423
chr2	51480534	52212919	-0.015404	-0.001249	-0.000858	-0.030525
chr2	52227633	52797204	-0.163324	-0.012410	-0.008658	-0.129032
chr2	52797430	53707838	-0.125161	-0.011320	-0.007929	-0.116517
chr2	53724320	54422210	0.117730	0.009640	0.006894	0.128205
chr2	54430456	55348619	0.053040	0.004352	0.003195	0.043587
chr2	55424190	56465738	-0.343124	-0.021284	-0.015279	-0.343511
chr2	56472001	56974783	0.279085	0.020272	0.015273	0.246377
chr2	56985126	57650586	-0.157199	-0.012127	-0.008821	-0.169909
chr2	57651119	58209982	-0.041333	-0.004026	-0.002827	-0.038278
chr2	58239986	59827696	-0.104399	-0.007895	-0.005491	-0.120000
chr2	59831632	62465155	-0.178200	-0.011042	-0.007357	-0.173939
chr2	62510665	63337956	0.058824	0.005357	0.003449	0.069337
chr2	63347397	64623352	-0.191158	-0.010627	-0.007184	-0.195224
chr2	64648720	65778748	0.057428	0.003110	0.002168	0.062802
chr2	65778865	66598711	0.398541	0.029709	0.021820	0.371007
chr2	66599870	67004066	0.121817	0.011118	0.008314	0.121569
chr2	67011213	67685430	-0.246445	-0.021771	-0.015183	-0.267281
chr2	67689321	68139025	0.162686	0.013218	0.009383	0.133047
chr2	68144855	68796440	0.010211	0.000737	0.000495	0.016886
chr2	68811368	69393501	-0.206425	-0.013972	-0.009899	-0.197460
chr2	69441351	70009376	-0.055058	-0.003846	-0.002742	-0.075589
chr2	70133558	70816731	0.056068	0.003429	0.002443	0.068530
chr2	70816998	71615981	0.125424	0.008017	0.005721	0.103406
chr2	71627906	72196087	0.000747	0.000045	0.000031	-0.005972
chr2	72201708	72712829	-0.114583	-0.009696	-0.006749	-0.110537
chr2	72712830	73653231	0.151592	0.011539	0.008083	0.148987
chr2	73653866	74333458	-0.122107	-0.007577	-0.005581	-0.143662
chr2	74342356	74691031	-0.011534	-0.000963	-0.000671	-0.028717
chr2	74714402	75465272	0.088195	0.005036	0.003612	0.072165
chr2	75465275	76447881	0.166205	0.008552	0.006159	0.166033
chr2	76458795	78376597	-0.203159	-0.013142	-0.009130	-0.196604
chr2	78560182	83609354	0.056657	0.002648	0.001915	0.035806
chr2	83610668	84322779	-0.068354	-0.005425	-0.003977	-0.051220
chr2	84334433	85893217	0.321922	0.019784	0.014676	0.320656
chr2	85910083	87077109	-0.080933	-0.006334	-0.004380	-0.084564
chr2	87110638	88164070	0.110490	0.009364	0.006717	0.087671
chr2	88165285	89699630	0.153247	0.009489	0.006522	0.137209
chr2	89714838	92660135	0.089012	0.004094	0.002884	0.088361
chr2	92660715	93738334	-0.156533	-0.010696	-0.007990	-0.162954
chr2	93776450	95048564	0.060960	0.004355	0.003068	0.063613
chr2	95052750	96553806	0.157072	0.008320	0.006106	0.152284
chr2	96614042	97885586	0.260931	0.017131	0.012441	0.244386
chr2	97928908	98737535	-0.308824	-0.027609	-0.018675	-0.337838
chr2	98737839	99431119	0.037862	0.002794	0.002027	0.032302
chr2	99435877	100334608	-0.181818	-0.013546	-0.009579	-0.190000
chr2	100342298	101047580	0.270968	0.017162	0.013093	0.257919
chr2	101075250	101439845	0.292439	0.024463	0.018446	0.282463
chr2	101440930	102729066	-0.084548	-0.005012	-0.003723	-0.096419
chr2	102863019	107041214	0.039349	0.001978	0.001426	0.028221
chr2	107049036	107809120	-0.096179	-0.007667	-0.005429	-0.106796
chr2	107810862	108645153	0.106274	0.007095	0.005314	0.071689
chr2	108649232	109338245	0.100300	0.008273	0.005881	0.081855
chr2	109346403	110109378	0.035346	0.002385	0.001791	0.063063
chr2	110110138	110997420	0.107468	0.010673	0.007441	0.089947
chr2	111036113	111907013	-0.290278	-0.021184	-0.014771	-0.265664
chr2	111913811	112941071	0.012346	0.000845	0.000613	-0.007752
chr2	112945593	113605517	0.306040	0.026181	0.018384	0.293520
chr2	113606645	114097621	0.057584	0.004927	0.003686	0.056505
chr2	114106658	114591877	0.000000	0.000000	0.000000	0.014778
chr2	114603136	115045630	0.068848	0.004576	0.003373	0.041428
chr2	115054852	115544521	0.027166	0.002128	0.001571	0.064146
chr2	115544907	116085347	-0.101562	-0.009897	-0.007353	-0.098485
chr2	116096569	117654617	0.197854	0.015572	0.011549	0.194667
chr2	117656673	118329061	0.143219	0.012623	0.009020	0.143219
chr2	118329651	118850904	-0.057279	-0.005449	-0.003853	-0.027842
chr2	118853860	119524055	-0.107001	-0.008327	-0.006061	-0.101887
chr2	119524056	121103092	-0.115033	-0.007525	-0.005498	-0.119593
chr2	121111659	122573098	-0.080946	-0.004948	-0.003616	-0.088202
chr2	122585923	123179322	-0.230088	-0.023945	-0.017180	-0.176788
chr2	123223902	124029983	0.197962	0.013669	0.009935	0.240372
chr2	124030055	124878151	-0.032258	-0.002247	-0.001682	-0.051522
chr2	124889137	125764703	0.119454	0.009007	0.006426	0.115817
chr2	125796443	126606224	0.068395	0.003941	0.002990	0.061093
chr2	126613155	127595710	-0.398295	-0.031833	-0.022638	-0.398295
chr2	127595838	128610258	0.032904	0.002060	0.001443	0.015131
chr2	128616722	129249452	-0.036554	-0.003133	-0.002324	-0.043038
chr2	129283595	130083398	0.116220	0.008455	0.005962	0.093936
chr2	130083399	131141811	-0.125000	-0.008640	-0.006321	-0.154717
chr2	131149312	132411686	0.122143	0.006581	0.005086	0.096112
chr2	132417267	133416166	-0.024334	-0.001816	-0.001314	-0.030033
chr2	133416411	135222936	0.041265	0.002075	0.001509	0.007772
chr2	135229642	137168219	0.112950	0.007149	0.005064	0.115359
chr2	137180980	138085701	0.249311	0.014107	0.010451	0.242347
chr2	138111329	138818548	-0.166667	-0.009671	-0.007079	-0.174404
chr2	138822366	139472033	0.053645	0.003859	0.002671	0.070313
chr2	139478209	140153546	-0.004975	-0.000319	-0.000226	0.016787
chr2	140160081	141526291	0.249724	0.012962	0.008989	0.234927
chr2	141594939	142175571	0.019608	0.001299	0.000897	0.026549
chr2	142177371	143480813	0.146399	0.008551	0.006099	0.142529
chr2	143484806	144456669	-0.249666	-0.015891	-0.011229	-0.261761
chr2	144494080	147629409	0.202115	0.010834	0.007756	0.188209
chr2	147662912	149008972	-0.197590	-0.012182	-0.009079	-0.185882
chr2	149029280	149530952	0.081784	0.006663	0.004734	0.072559
chr2	149535739	150032476	0.082569	0.005558	0.003960	0.063354
chr2	150035055	150677724	0.321812	0.029364	0.020823	0.314685
chr2	150680411	151289535	-0.095355	-0.007825	-0.005769	-0.085714
chr2	151294841	151855985	-0.053371	-0.004325	-0.003180	-0.078562
chr2	151859008	152387709	0.157462	0.017026	0.011960	0.154545
chr2	152389637	153053894	0.083871	0.005320	0.003913	0.095179
chr2	153054006	153698351	0.161338	0.011433	0.008596	0.129193
chr2	153711038	154524861	0.241425	0.017322	0.012727	0.221282
chr2	154525233	155448145	0.027129	0.002404	0.001749	0.032220
chr2	155476602	156171341	0.070270	0.007725	0.005393	0.057410
chr2	156172800	157333597	0.215656	0.017538	0.012405	0.198270
chr2	157446285	159412312	0.171108	0.013820	0.010071	0.133250
chr2	159424035	160266074	0.069820	0.008348	0.006055	0.041394
chr2	160278534	160814982	-0.021398	-0.001840	-0.001369	-0.011796
chr2	160817417	163021449	-0.157742	-0.009886	-0.007218	-0.135734
chr2	163074066	163591232	-0.121951	-0.010373	-0.007715	-0.118343
chr2	163594007	164657698	0.077650	0.012678	0.008186	0.034921
chr3	386432	1717461	0.162162	0.010037	0.006723	0.182186
chr3	1727223	2651732	-0.069270	-0.003688	-0.002571	-0.075669
chr3	2651857	3433421	0.049133	0.002716	0.001920	0.042759
chr3	3454420	4650790	-0.219097	-0.009965	-0.006848	-0.230236
chr3	4652807	5831604	0.163547	0.012700	0.008576	0.151096
chr3	5848027	6425007	0.454883	0.033174	0.023795	0.424821
chr3	6429075	7223673	-0.123671	-0.011982	-0.008022	-0.115778
chr3	7227743	7851099	0.133172	0.009523	0.006540	0.151927
chr3	7854526	9019300	0.009150	0.000665	0.000448	0.008547
chr3	9038531	10965933	0.277333	0.021385	0.014606	0.228856
chr3	10968216	11961426	-0.079452	-0.004931	-0.003509	-0.083117
chr3	11961909	12575746	0.255411	0.018470	0.013274	0.228534
chr3	12578575	13319905	0.005263	0.000358	0.000252	0.004885
chr3	13320785	14521670	0.065301	0.003991	0.002791	0.051852
chr3	14544176	15441139	0.098086	0.006501	0.004416	0.105202
chr3	15441835	15972145	-0.029570	-0.002543	-0.001755	-0.024580
chr3	16050270	16938307	-0.195417	-0.011286	-0.007913	-0.191755
chr3	16965832	17866741	0.044177	0.002505	0.001770	0.038760
chr3	17917421	18509356	-0.160240	-0.009183	-0.006681	-0.131186
chr3	18514726	19916011	-0.078546	-0.004040	-0.002809	-0.064073
chr3	19922890	20880734	0.195149	0.013964	0.009697	0.162939
chr3	20899409	21935914	-0.142529	-0.009215	-0.006527	-0.131111
chr3	21943486	22740160	-0.132720	-0.009346	-0.006743	-0.162733
chr3	22746133	23843949	-0.442144	-0.027097	-0.020087	-0.381215
chr3	23868381	24374071	0.123223	0.006951	0.004996	0.157895
chr3	24384734	25065239	-0.138142	-0.011699	-0.008063	-0.131129
chr3	25067438	25683575	0.119777	0.008771	0.006109	0.127604
chr3	25685434	26403364	0.168402	0.011975	0.009037	0.172093
chr3	26424753	27093685	-0.168182	-0.014380	-0.010185	-0.137168
chr3	27188184	28063807	-0.065370	-0.005681	-0.004064	-0.058258
chr3	28078958	29401240	-0.042969	-0.002249	-0.001647	-0.039333
chr3	29430582	30315410	-0.214564	-0.014010	-0.010034	-0.242054
chr3	30354170	31001808	0.227834	0.016751	0.011964	0.209200
chr3	31008180	31972992	0.031785	0.002003	0.001439	0.031785
chr3	31988300	33605840	0.226911	0.013163	0.009483	0.197640
chr3	33613386	34061090	-0.130820	-0.010158	-0.006841	-0.133333
chr3	34070484	34612797	-0.026738	-0.002051	-0.001404	-0.039071
chr3	34637954	35154197	0.070385	0.003703	0.002696	0.055556
chr3	35175719	36234286	0.167331	0.011062	0.007514	0.168293
chr3	36234289	36567434	0.311494	0.043765	0.030063	0.228159
chr3	36651618	38635094	0.258960	0.013777	0.009313	0.240363
chr3	38652366	39542168	-0.120500	-0.005781	-0.004193	-0.117805
chr3	39544841	41092358	-0.022782	-0.001306	-0.000952	-0.036514
chr3	41174234	42799238	-0.163880	-0.015405	-0.010665	-0.158919
chr3	42842264	43501134	-0.033007	-0.002703	-0.001841	-0.038417
chr3	43512582	44315429	-0.044835	-0.003544	-0.002336	-0.057127
chr3	44316688	45208096	-0.037627	-0.002176	-0.001546	-0.044136
chr3	45220761	45808690	0.003922	0.000309	0.000222	0.014563
chr3	45819625	46325728	0.131507	0.012772	0.009290	0.113350
chr3	46369209	46962680	-0.010465	-0.000934	-0.000687	-0.027211
chr3	47097977	47953199	0.053708	0.003476	0.002558	0.045685
chr3	47959098	48747364	-0.028358	-0.001983	-0.001390	-0.027737
chr3	48748023	49826368	0.213459	0.013159	0.009189	0.208163
chr3	49834922	51198086	0.111786	0.008237	0.005991	0.110577
chr3	51212439	51902677	0.219388	0.018957	0.013903	0.220844
chr3	51911000	52435514	-0.472868	-0.049866	-0.034921	-0.496296
chr3	52480005	53321513	0.174515	0.016414	0.011891	0.149394
chr3	53323141	54123698	-0.150784	-0.013118	-0.009590	-0.148633
chr3	54136830	54836799	-0.062264	-0.005229	-0.003642	-0.053604
chr3	54836829	55292400	-0.325792	-0.033284	-0.022012	-0.301676
chr3	55315744	56221863	0.230377	0.021175	0.013894	0.218535
chr3	56234783	57154655	0.167923	0.014705	0.009221	0.161783
chr3	57159171	57575008	0.320707	0.036780	0.024969	0.318627
chr3	57585254	57854502	-0.180970	-0.019356	-0.012592	-0.177115
chr3	57856304	58272601	-0.042857	-0.003782	-0.002682	-0.042581
chr3	58308042	59076325	0.042184	0.003735	0.002602	0.040573
chr3	59110812	59767602	0.122725	0.007438	0.005063	0.098129
chr3	59788243	61159202	0.219753	0.012075	0.008583	0.232184
chr3	61250208	61802196	-0.203320	-0.015620	-0.010703	-0.234783
chr3	61802236	62580726	0.252585	0.018502	0.012804	0.228883
chr3	62590540	63273408	-0.118388	-0.011250	-0.007834	-0.113450
chr3	63276037	63677573	0.198905	0.021915	0.015108	0.194991
chr3	63681369	64276034	0.055487	0.004869	0.003465	0.053635
chr3	64282166	65163347	0.430894	0.036331	0.025134	0.403118
chr3	65191196	66349536	0.198992	0.015030	0.010683	0.210162
chr3	66364687	66886171	0.072812	0.007090	0.004943	0.054452
chr3	66892104	67478322	-0.004548	-0.000350	-0.000259	-0.023024
chr3	67478610	68291025	-0.004566	-0.000403	-0.000285	0.005537
chr3	68306068	69168378	-0.015432	-0.001343	-0.000931	-0.014749
chr3	69169938	70169792	-0.172539	-0.015881	-0.011846	-0.170507
chr3	70170450	71314973	-0.005128	-0.000315	-0.000219	-0.038488
chr3	71315200	71911841	0.022013	0.001736	0.001214	-0.004184
chr3	71911937	73281354	-0.090090	-0.005611	-0.004108	-0.081633
chr3	73329597	74206618	-0.010101	-0.000594	-0.000427	-0.009756
chr3	74308012	75465207	0.098311	0.006549	0.004585	0.077900
chr3	75466404	76063946	-0.031923	-0.002243	-0.001605	-0.033923
chr3	76071591	76370738	0.320819	0.023877	0.018097	0.288344
chr3	76393004	76948854	-0.077930	-0.007215	-0.004980	-0.077495
chr3	76950525	77760949	0.004280	0.000272	0.000196	0.012179
chr3	77778593	80254156	-0.218771	-0.014819	-0.010673	-0.186378
chr3	80265106	80835276	0.083333	0.006973	0.005136	0.036320
chr3	80836687	81584773	-0.255376	-0.019690	-0.015023	-0.249344
chr3	81598673	83692950	0.283901	0.021827	0.015395	0.265306
chr3	83774153	84675756	-0.245817	-0.015332	-0.011369	-0.244720
chr3	84675759	85458565	0.103604	0.009475	0.006738	0.071038
chr3	85465808	85892614	-0.044776	-0.004745	-0.003248	-0.056040
chr3	86068485	86639461	-0.208385	-0.018494	-0.012732	-0.197150
chr3	86651743	87286209	-0.150273	-0.010491	-0.007742	-0.164258
chr3	87310062	88332839	-0.021014	-0.001464	-0.001081	-0.013269
chr3	88390278	89537110	0.368553	0.031922	0.022875	0.362424
chr3	89552027	90909021	-0.070603	-0.004436	-0.003126	-0.102533
chr3	90912817	91891188	0.141319	0.011098	0.007645	0.126138
chr3	91898314	92895060	-0.318578	-0.021199	-0.015260	-0.311980
chr3	92950917	96171979	-0.064877	-0.004632	-0.003335	-0.077263
chr3	96328794	98120514	0.189522	0.009741	0.006738	0.197802
chr3	98123093	99190092	-0.039642	-0.003109	-0.002262	-0.022485
chr3	99194558	100388578	-0.305882	-0.021499	-0.014882	-0.312925
chr3	100400347	102628315	-0.055046	-0.003614	-0.002491	-0.037313
chr3	102629262	103480033	0.098199	0.009123	0.006237	0.056875
chr3	103597669	105282979	0.064963	0.004401	0.003205	0.081527
chr3	105341935	106873717	-0.012870	-0.000722	-0.000526	-0.033413
chr3	106914488	107642926	0.138596	0.013361	0.009616	0.137871
chr3	107650280	108668451	0.033113	0.001909	0.001326	0.031627
chr3	108682436	109323903	0.121094	0.009477	0.006457	0.115336
chr3	109362687	110291909	0.248231	0.018213	0.013112	0.233540
chr3	110301292	112740223	-0.183536	-0.010921	-0.008004	-0.183463
chr3	112745658	113902084	0.166371	0.011688	0.008852	0.159568
chr3	113960528	114658734	-0.042945	-0.003295	-0.002340	-0.045564
chr3	114673862	115724460	0.140562	0.009436	0.007096	0.135834
chr3	115779227	116836530	-0.172147	-0.012362	-0.009150	-0.173333
chr3	116837046	117338725	0.080795	0.007448	0.005562	0.047497
chr3	117345658	118042387	-0.071023	-0.005664	-0.004020	-0.078880
chr3	118211942	119013075	-0.004779	-0.000549	-0.000362	-0.041714
chr3	119020513	119749331	-0.011897	-0.001082	-0.000769	0.010410
chr3	119750536	121120854	-0.153076	-0.012618	-0.009389	-0.170795
chr3	121172783	122107750	-0.126012	-0.011820	-0.008318	-0.114064
chr3	122118021	122674484	0.014729	0.001476	0.001079	0.013758
chr3	122695764	123308544	-0.046541	-0.005429	-0.003883	-0.045177
chr3	123308575	123833391	0.115899	0.010049	0.007213	0.097143
chr3	123879066	124446855	0.133627	0.015873	0.011222	0.064000
chr4	276865	2279233	0.114650	0.010665	0.007569	0.110837
chr4	2289612	4354843	0.089646	0.009060	0.006409	0.087041
chr4	4362102	6154851	-0.056180	-0.004028	-0.002687	-0.061404
chr4	6160539	6940163	-0.226238	-0.019030	-0.013020	-0.205229
chr4	6944501	7457867	0.112258	0.011044	0.007770	0.112516
chr4	7458143	8078533	0.043887	0.004992	0.003752	0.065250
chr4	8079199	9749684	-0.002941	-0.000207	-0.000153	0.010964
chr4	9774714	10894090	0.216689	0.020662	0.014514	0.193758
chr4	10988864	12626465	0.011880	0.000941	0.000679	-0.004602
chr4	12645034	13331931	-0.008000	-0.000581	-0.000434	-0.023761
chr4	13362256	14153312	-0.085181	-0.009471	-0.006675	-0.095613
chr4	14299659	15034361	0.096606	0.007056	0.005124	0.054455
chr4	15108475	15760116	0.178082	0.012596	0.009261	0.172414
chr4	15817061	16538170	0.050388	0.005024	0.003725	0.050307
chr4	16538182	17284642	0.140496	0.010981	0.008058	0.128342
chr4	17374480	18035105	-0.239669	-0.024295	-0.016686	-0.202718
chr4	18036074	19083778	0.048753	0.004501	0.002928	0.053905
chr4	19090461	19802780	0.100109	0.010466	0.006862	0.082177
chr4	19824583	21201948	0.015032	0.001436	0.000976	0.024782
chr4	21241109	21902985	0.131783	0.012300	0.008972	0.119107
chr4	21921777	22594454	-0.373134	-0.023179	-0.016640	-0.352113
chr4	22595515	23324424	0.063003	0.004527	0.003240	0.040816
chr4	23329792	24053362	0.011097	0.000768	0.000590	0.014388
chr4	24057108	24796804	-0.134818	-0.011599	-0.008150	-0.125144
chr4	24799588	25236988	0.028822	0.004010	0.002813	0.028360
chr4	25237554	26412956	0.027441	0.001641	0.001212	0.022882
chr4	26422164	27542608	0.149900	0.009221	0.006532	0.127457
chr4	27564857	28099094	0.202548	0.022252	0.015215	0.209476
chr4	28099096	29520168	0.024359	0.001322	0.000949	-0.009662
chr4	29537503	30254636	0.215637	0.016858	0.012184	0.211679
chr4	30314316	32490441	-0.047733	-0.002605	-0.001935	-0.051130
chr4	32493795	33229432	0.213004	0.014805	0.010205	0.217778
chr4	33230394	34201620	0.155194	0.010025	0.007093	0.149941
chr4	34215927	35100846	-0.270142	-0.017972	-0.012442	-0.261822
chr4	35116237	36635332	0.211660	0.015736	0.011512	0.183922
chr4	36655157	38992656	0.062262	0.004176	0.002909	0.045399
chr4	38997273	40612659	-0.197236	-0.013103	-0.009282	-0.186240
chr4	40616196	41255842	-0.139665	-0.012240	-0.008680	-0.151515
chr4	41276609	42046294	0.109974	0.006240	0.004441	0.144208
chr4	42051737	42709290	-0.038798	-0.002577	-0.001775	-0.037944
chr4	42711365	43582554	0.083969	0.005220	0.003797	0.073529
chr4	43622198	44800594	0.062061	0.003394	0.002417	0.090710
chr4	44827270	47054516	0.292225	0.018472	0.012921	0.292715
chr4	47059904	47810744	0.333333	0.020124	0.013862	0.295630
chr4	47819820	48817323	-0.170103	-0.009748	-0.007112	-0.170103
chr4	48843194	49418151	-0.134481	-0.010734	-0.007351	-0.128326
chr4	49431696	50022050	-0.062077	-0.004272	-0.003228	-0.069869
chr4	50027457	51240699	0.105960	0.006772	0.004797	0.061350
chr4	51240702	52799381	0.195973	0.009407	0.007003	0.174564
chr4	52813169	54002659	0.154235	0.010026	0.006995	0.166253
chr4	54055794	55000433	-0.060241	-0.004524	-0.003123	-0.060241
chr4	55001547	56359342	-0.101045	-0.006195	-0.004412	-0.092958
chr4	56389203	57210544	0.249647	0.013231	0.009801	0.227500
chr4	57213497	58104381	-0.226964	-0.015848	-0.011318	-0.237113
chr4	58122721	59983081	0.075152	0.004988	0.003423	0.022173
chr4	59991785	60588000	0.164265	0.009307	0.006796	0.138264
chr4	60596985	62843773	-0.177461	-0.009526	-0.006724	-0.175460
chr4	62846823	65569420	0.085850	0.006092	0.004235	0.085850
chr4	65579277	66501135	-0.123256	-0.008701	-0.006136	-0.135321
chr4	66520557	67161879	0.212471	0.019594	0.013586	0.215420
chr4	67186818	68677068	0.168847	0.012482	0.009492	0.172178
chr4	68723805	69771251	-0.024814	-0.001842	-0.001310	-0.037543
chr4	69825142	70636037	0.058153	0.003888	0.002893	0.059923
chr4	70639193	71034999	0.258693	0.026674	0.019710	0.227332
chr4	71041341	72616119	-0.108401	-0.008070	-0.005855	-0.143583
chr4	72771368	74458135	0.027129	0.001759	0.001290	0.040581
chr4	74479914	76279097	0.063670	0.006287	0.004308	0.046484
chr4	76284026	77188037	0.021710	0.001744	0.001304	-0.002618
chr4	77196366	78015353	0.041096	0.004192	0.003142	0.043228
chr4	78032459	80661108	0.065191	0.007169	0.004897	0.068884
chr4	80661898	81419407	0.223565	0.035075	0.024012	0.229226
chr5	425725	1427135	0.310712	0.031610	0.022553	0.300330
chr5	1457259	2464103	-0.001261	-0.000135	-0.000094	-0.010909
chr5	2485651	2807833	0.059724	0.006230	0.004428	0.058647
chr5	2807953	3291879	0.168865	0.021861	0.015276	0.179028
chr5	3299744	3779961	-0.091258	-0.007969	-0.005769	-0.123010
chr5	3782756	4405347	-0.091988	-0.006713	-0.004908	-0.103953
chr5	4405349	5179409	0.282963	0.022652	0.016576	0.254054
chr5	5181388	5814237	-0.331801	-0.029456	-0.020587	-0.323636
chr5	5843978	6211515	0.173225	0.019997	0.014664	0.167728
chr5	6225945	6921711	0.196501	0.019490	0.013970	0.174568
chr5	6936616	7495155	-0.128647	-0.012621	-0.008935	-0.115435
chr5	7518078	8296253	-0.200000	-0.018661	-0.013751	-0.154791
chr5	8308713	8623294	0.000000	0.000000	0.000000	-0.029957
chr5	8624329	9055186	-0.025418	-0.002083	-0.001577	-0.038790
chr5	9068274	9579102	0.021864	0.001557	0.001192	0.028736
chr5	9591008	9938298	0.178153	0.021599	0.015430	0.202916
chr5	9965540	10746194	-0.030848	-0.002599	-0.001873	-0.022727
chr5	10748108	11507052	-0.251397	-0.025013	-0.017100	-0.252155
chr5	11507725	11995576	-0.005128	-0.000464	-0.000325	0.024876
chr5	11999840	12904852	0.067818	0.004619	0.003246	0.066829
chr5	12912336	13525975	0.090775	0.005633	0.004048	0.099226
chr5	13535085	14060689	0.118333	0.007900	0.005788	0.097923
chr5	14061454	14504403	-0.187151	-0.013934	-0.010180	-0.194030
chr5	14504823	15062610	-0.237484	-0.016365	-0.011816	-0.226994
chr5	15079941	15630474	0.021108	0.001394	0.001008	0.012048
chr5	15644758	16311498	0.188369	0.018114	0.012327	0.167687
chr5	16317698	16874637	0.157702	0.014301	0.009735	0.134021
chr5	16885677	17536078	-0.064630	-0.005444	-0.003700	-0.028058
chr5	17551435	19154335	0.017857	0.000925	0.000610	0.004376
chr5	19192342	21841595	-0.131848	-0.009159	-0.006165	-0.131532
chr5	21848971	22720430	0.152968	0.008830	0.006212	0.151242
chr5	22729838	23806552	0.178980	0.013522	0.009658	0.170974
chr5	23816640	24669521	0.099217	0.005648	0.003875	0.061758
chr5	24677284	25434130	-0.141919	-0.007937	-0.005472	-0.114286
chr5	25440360	26373011	0.027609	0.001397	0.000997	0.037365
chr5	26397591	27699918	-0.048030	-0.002353	-0.001667	-0.061224
chr5	27703613	28949439	-0.003472	-0.000159	-0.000106	-0.000000
chr5	28951464	29751022	0.191441	0.014211	0.009707	0.174810
chr5	29755506	30409534	0.037037	0.002905	0.001958	0.036247
chr5	30420898	31646555	-0.015038	-0.000757	-0.000519	-0.014354
chr5	31650975	33438640	-0.204938	-0.011105	-0.007435	-0.179070
chr5	33452485	34985173	-0.429993	-0.024210	-0.016413	-0.398417
chr5	34985288	38066958	0.033825	0.001732	0.001186	0.033193
chr5	38202745	39208212	0.035162	0.002215	0.001553	0.001297
chr5	39212753	40166905	0.120647	0.007537	0.005143	0.117096
chr5	40274370	41677142	-0.046448	-0.002180	-0.001530	-0.045333
chr5	41703364	42293900	-0.175501	-0.012687	-0.008232	-0.169511
chr5	42307779	42862931	-0.041199	-0.002508	-0.001733	-0.064553
chr5	42865074	43726508	0.055625	0.002682	0.001866	0.078116
chr5	43729150	45081250	0.037349	0.002055	0.001420	0.035673
chr5	45082260	47714182	0.201646	0.011462	0.008134	0.162963
chr5	47714835	48544462	-0.108434	-0.006931	-0.004779	-0.104636
chr5	48570764	49885270	-0.011043	-0.000678	-0.000457	0.010651
chr5	49886729	50607170	-0.231965	-0.016584	-0.011524	-0.221218
chr5	50626969	52262641	0.047484	0.001814	0.001278	0.045671
chr5	52281648	52707649	-0.214426	-0.016022	-0.011226	-0.203232
chr5	52729363	53543457	-0.014640	-0.000853	-0.000575	0.017341
chr5	53553237	54788180	-0.004878	-0.000223	-0.000157	0.002387
chr5	54801349	56934795	-0.080666	-0.003104	-0.002234	-0.076923
chr5	56951341	57818251	0.174935	0.009467	0.006822	0.162907
chr5	57836773	59576122	-0.098765	-0.005295	-0.003674	-0.112426
chr5	59579114	60649648	-0.228814	-0.010748	-0.007862	-0.202952
chr5	60654526	61880613	-0.188971	-0.011078	-0.008090	-0.185970
chr5	61936294	62733286	0.015647	0.001214	0.000856	0.016484
chr5	62736363	63785577	0.141772	0.012307	0.009321	0.118149
chr5	63813661	65368838	0.389575	0.030270	0.022155	0.390850
chr5	65370185	66249213	-0.202837	-0.020211	-0.014176	-0.213245
chr5	66249411	66874928	-0.100376	-0.010705	-0.008159	-0.111111
chr5	66878451	67408843	0.122340	0.012615	0.009281	0.116456
chr5	67439309	68147837	0.144672	0.016485	0.011433	0.137102
chr5	68147929	68716978	0.019374	0.002931	0.001922	0.029872
chr5	68728581	69432400	0.286765	0.031855	0.022462	0.254374
chr5	69434507	69885435	0.074932	0.009822	0.006784	0.072084
chr5	69899709	70474263	0.130316	0.015226	0.010513	0.103079
chr6	152793	554399	0.145686	0.018383	0.012711	0.125517
chr6	558267	1229332	0.151839	0.017840	0.012702	0.134160
chr6	1236333	1834129	0.125182	0.012347	0.008993	0.130660
chr6	1861991	2654496	-0.068358	-0.005916	-0.004252	-0.069388
chr6	2693024	4287017	0.213514	0.014754	0.011074	0.197403
chr6	4292462	5094172	-0.047222	-0.004365	-0.003072	-0.024328
chr6	5098920	5508934	0.076923	0.006963	0.005040	0.065053
chr6	5513644	5914580	0.434494	0.037123	0.026659	0.410658
chr6	5925548	6887980	-0.114894	-0.011317	-0.007886	-0.111724
chr6	6890292	8004211	-0.129977	-0.008732	-0.006308	-0.132998
chr6	8019999	8485847	0.120000	0.013437	0.009794	0.136531
chr6	8486944	8994199	-0.233630	-0.019427	-0.013904	-0.220957
chr6	9002806	9367909	-0.125635	-0.013826	-0.010055	-0.149817
chr6	9379592	10033355	-0.015893	-0.001435	-0.001052	-0.011664
chr6	10043616	10610469	-0.097806	-0.008186	-0.005956	-0.090909
chr6	10614494	11207549	-0.036458	-0.003427	-0.002414	-0.024081
chr6	11243339	11589828	0.030675	0.002843	0.002003	0.016015
chr6	11606920	12140873	0.153846	0.014776	0.010449	0.153846
chr6	12178754	12599670	-0.108824	-0.009200	-0.006481	-0.125348
chr6	12600702	12988685	0.125180	0.008988	0.006396	0.094103
chr6	12995922	13461108	-0.217518	-0.015609	-0.011337	-0.160784
chr6	13467573	14167774	0.197048	0.012345	0.008836	0.188693
chr6	14187876	14798900	-0.163782	-0.011860	-0.008556	-0.141791
chr6	14827782	15770262	0.086957	0.004919	0.003573	0.089362
chr6	15776742	16422361	-0.232796	-0.014239	-0.010151	-0.230137
chr6	16441004	18540387	0.055239	0.002876	0.002045	0.077936
chr6	18598026	19705829	-0.150065	-0.008120	-0.005813	-0.135802
chr6	19711880	20592967	-0.242031	-0.015269	-0.010130	-0.211299
chr6	20604157	21638660	-0.011331	-0.000566	-0.000388	-0.002786
chr6	21671159	23719812	-0.179487	-0.008696	-0.005956	-0.183460
chr6	23728953	25002469	0.060371	0.003729	0.002649	0.075494
chr6	25003837	25638406	0.351492	0.021969	0.014877	0.328571
chr6	25639014	26444624	-0.039905	-0.002765	-0.001983	-0.049550
chr6	26451658	26970203	-0.139208	-0.010947	-0.007716	-0.123649
chr6	26972495	27489066	0.006220	0.000459	0.000317	0.019725
chr6	27490113	28816768	-0.002686	-0.000169	-0.000116	-0.018939
chr6	28918076	29838031	-0.223810	-0.018980	-0.013258	-0.229584
chr6	29925650	31087405	-0.235602	-0.017015	-0.011665	-0.235474
chr6	31108824	32963052	0.243363	0.014434	0.009985	0.242291
chr6	32963057	33884791	0.050827	0.003982	0.002825	0.034714
chr6	33926843	35667689	0.045732	0.002039	0.001413	0.026163
chr6	35689391	37699781	0.130221	0.006409	0.004582	0.104265
chr6	37787464	39677843	0.111805	0.006372	0.004406	0.104658
chr6	39706118	40354192	0.201076	0.013568	0.009946	0.186268
chr6	40355913	40721706	-0.093284	-0.008811	-0.005977	-0.069124
chr6	40721718	41219091	-0.248042	-0.014636	-0.010498	-0.251870
chr6	41221376	41805163	0.162866	0.008786	0.006356	0.155906
chr6	41807536	42204571	0.202649	0.020360	0.014887	0.196195
chr6	42240464	42820246	-0.000690	-0.000053	-0.000039	-0.004602
chr6	42828179	43104184	-0.075736	-0.010977	-0.007791	-0.053846
chr6	43108131	43386933	-0.268495	-0.043663	-0.029567	-0.271839
chr6	43389247	43868297	0.201377	0.016703	0.012116	0.162996
chr6	43869030	44261850	-0.109961	-0.010022	-0.007258	-0.108835
chr6	44284061	44795158	-0.120787	-0.010691	-0.007867	-0.145183
chr6	44821349	45235812	-0.041509	-0.004169	-0.003071	-0.038961
chr6	45250097	45551921	-0.195241	-0.022157	-0.016322	-0.171196
chr6	45554981	45833905	-0.099469	-0.012485	-0.008963	-0.124216
chr6	45865751	46620997	-0.071133	-0.006825	-0.004805	-0.099146
chr6	46621103	47090029	-0.198601	-0.017781	-0.013107	-0.184783
chr6	47096995	47500852	0.029240	0.002352	0.001733	0.021563
chr6	47509333	48031335	0.137116	0.010975	0.008210	0.132474
chr6	48032035	48240025	0.044444	0.005483	0.004021	0.038411
chr6	48253418	48512993	-0.173716	-0.024960	-0.017266	-0.210600
chr6	48524852	49042644	-0.138614	-0.018850	-0.012466	-0.131765
chr6	49059341	49482321	0.018109	0.002182	0.001595	0.025341
chr6	49482334	49944232	0.135065	0.014787	0.010650	0.103365
chr6	49944468	50584009	0.147119	0.015942	0.011351	0.140818
chr6	50584067	51062488	0.294906	0.023011	0.016760	0.245044
chr6	51062744	51612610	0.022489	0.002594	0.001798	0.000000
chr6	51612611	51870660	0.164800	0.016067	0.011274	0.136842
chr6	51874125	52397067	0.148198	0.015227	0.010831	0.145098
chr7	603545	1235130	-0.072214	-0.006305	-0.004278	-0.069486
chr7	1264334	1716493	0.151751	0.019481	0.013781	0.131414
chr7	1721108	2124438	0.071429	0.010121	0.007280	0.062344
chr7	2132814	2682429	0.000000	0.000000	0.000000	-0.000000
chr7	2688074	3252104	0.047880	0.004513	0.003376	0.043263
chr7	3257001	3715960	0.152768	0.017594	0.012184	0.146290
chr7	3719096	4155852	0.102473	0.011794	0.009007	0.106529
chr7	4157773	4609241	-0.063325	-0.007539	-0.005600	-0.079404
chr7	4622444	5160280	0.143233	0.016970	0.012832	0.128911
chr7	5160290	5603678	0.214724	0.017335	0.012664	0.190827
chr7	5603767	5940515	-0.025111	-0.002979	-0.002152	-0.007112
chr7	5957816	6436228	-0.143704	-0.011486	-0.008141	-0.139378
chr7	6437432	8304798	0.090556	0.006217	0.004347	0.099122
chr7	8305781	8951980	0.047540	0.001945	0.001444	0.059009
chr7	8996303	9425560	0.089802	0.006408	0.004637	0.074184
chr7	9428226	10099379	0.127820	0.009475	0.006900	0.125926
chr7	10110415	10881559	0.166259	0.011947	0.008306	0.132388
chr7	10895421	11790350	-0.095270	-0.007053	-0.004939	-0.097691
chr7	11814499	13185294	-0.298602	-0.015976	-0.011329	-0.299568
chr7	13191275	14245471	0.009836	0.000607	0.000419	0.009646
chr7	14258083	15136141	0.020952	0.001265	0.000871	0.020716
chr7	15137482	16443132	-0.076010	-0.004193	-0.003089	-0.076010
chr7	16543865	19160938	-0.059659	-0.002999	-0.002127	-0.097297
chr7	19178295	20538569	0.210884	0.013119	0.009191	0.218873
chr7	20551902	21291431	0.087980	0.007146	0.005045	0.092417
chr7	21308012	21964369	0.099338	0.010001	0.006660	0.086358
chr7	21980163	22541479	-0.059633	-0.004636	-0.003182	-0.055007
chr7	22542487	23006378	0.128527	0.015593	0.010380	0.138872
chr7	23009074	23970677	0.072303	0.006090	0.003938	0.115789
chr7	23977807	24962055	0.017834	0.001383	0.000911	0.045894
chr7	25002317	26358363	-0.194861	-0.011840	-0.008300	-0.170833
chr7	26360608	27368869	0.150407	0.012541	0.008589	0.145957
chr7	27377408	28675282	-0.062003	-0.002663	-0.001910	-0.053645
chr7	28675987	29363068	-0.141414	-0.007702	-0.005431	-0.135068
chr7	29377899	30385418	-0.011380	-0.000634	-0.000445	-0.010782
chr7	30398403	31974374	-0.061298	-0.003156	-0.002291	-0.044470
chr7	31974527	33054545	-0.366286	-0.023400	-0.016704	-0.351154
chr7	33098031	34171373	0.142857	0.006315	0.004580	0.167213
chr7	34183335	34664049	-0.037403	-0.002189	-0.001637	-0.047176
chr7	34664868	35213149	-0.350040	-0.022585	-0.016454	-0.329738
chr7	35215735	36068707	-0.123007	-0.011494	-0.008024	-0.132450
chr7	36072984	36559755	0.014837	0.000925	0.000671	-0.007257
chr7	36559958	37111279	0.235023	0.019620	0.014008	0.202658
chr7	37139292	37722061	-0.036675	-0.003112	-0.002234	-0.036145
chr7	37722498	38370941	-0.105440	-0.007664	-0.005431	-0.101811
chr7	38370975	40043071	0.046958	0.002741	0.001987	0.014224
chr7	40047553	40809294	-0.047976	-0.002914	-0.002077	-0.045198
chr7	40853597	41177629	-0.162602	-0.016555	-0.011924	-0.163683
chr7	41177634	41715738	0.055639	0.004383	0.003128	0.061516
chr7	41718350	42241872	-0.014706	-0.001145	-0.000834	-0.021480
chr7	42242462	43271530	-0.100942	-0.007419	-0.005356	-0.097784
chr7	43300309	44040671	-0.043357	-0.004034	-0.002839	-0.064935
chr7	44045760	44516100	0.027027	0.002657	0.001870	0.020649
chr7	44516101	44928747	0.067782	0.007726	0.005581	0.038088
chr7	44928785	45551107	-0.034091	-0.003408	-0.002415	-0.066841
chr7	45564442	45837822	0.093097	0.012223	0.008371	0.089253
chr7	45839188	46217926	-0.195714	-0.022400	-0.016148	-0.227956
chr7	46229816	46617073	-0.073892	-0.007715	-0.005446	-0.074236
chr7	46624810	47136650	-0.048301	-0.003095	-0.002338	-0.044481
chr7	47150193	47555507	0.178723	0.014407	0.010369	0.167109
chr8	601293	1384710	-0.108073	-0.010651	-0.007341	-0.111922
chr8	1395941	1748299	0.031930	0.003704	0.002515	0.035441
chr8	1759454	2390918	0.030758	0.002472	0.001728	0.007397
chr8	2416329	2682884	0.250643	0.031055	0.022125	0.226205
chr8	2686543	3209692	-0.047091	-0.003953	-0.002880	-0.043478
chr8	3210230	3841069	0.055762	0.006104	0.004274	0.074911
chr8	3849455	4319241	0.052897	0.006102	0.004493	0.039903
chr8	4333854	4595961	0.099727	0.011857	0.008954	0.094488
chr8	4599618	4863245	0.113815	0.015153	0.010969	0.107797
chr8	4870393	5236041	0.001468	0.000164	0.000122	-0.005956
chr8	5238919	5538041	-0.043210	-0.004297	-0.003180	-0.047222
chr8	5539482	5690276	-0.234568	-0.044325	-0.029657	-0.192453
chr8	5693483	5902283	-0.273492	-0.038685	-0.025957	-0.267643
chr8	5917327	6395858	-0.256476	-0.018983	-0.013727	-0.238745
chr8	6397198	6606411	-0.090247	-0.010588	-0.007803	-0.102804
chr8	6610061	6862600	0.040128	0.004442	0.003230	0.083207
chr8	6869995	7163881	0.167934	0.018010	0.013489	0.180501
chr8	7167724	7344025	0.135697	0.018642	0.013733	0.104094
chr8	7375970	7661170	0.034985	0.003737	0.002707	-0.008108
chr8	7679151	8057150	-0.228125	-0.025319	-0.018552	-0.223242
chr8	8061785	8312749	0.136306	0.017498	0.013028	0.129187
chr8	8324179	8576768	-0.007225	-0.000886	-0.000650	-0.014925
chr8	8579803	9271729	0.039781	0.002954	0.002111	0.026455
chr8	9288568	9963639	0.171429	0.011538	0.008372	0.169719
chr8	9996992	10688797	-0.130198	-0.008698	-0.006030	-0.108815
chr8	10692565	12315789	-0.116308	-0.007160	-0.005041	-0.107618
chr8	12318623	13509114	0.008547	0.000472	0.000335	0.022754
chr8	13549534	14565609	-0.044612	-0.002796	-0.001916	-0.045992
chr8	14572387	16439801	-0.048040	-0.002340	-0.001654	-0.053140
chr8	16469052	17188861	-0.129689	-0.013776	-0.008840	-0.122099
chr8	17206297	18374387	0.089120	0.006094	0.004090	0.105907
chr8	18378387	19639712	-0.296900	-0.022744	-0.015323	-0.300000
chr8	19659183	20570695	0.079872	0.006864	0.004630	0.087613
chr8	20572168	21550300	-0.071351	-0.006340	-0.004262	-0.082452
chr8	21554578	22500278	-0.156785	-0.014924	-0.009609	-0.098458
chr8	22500427	23513853	-0.193958	-0.011952	-0.007964	-0.190502
chr8	23561038	25476298	0.034005	0.001486	0.001044	0.033048
chr8	25507973	27340194	0.216395	0.009954	0.007057	0.213615
chr8	27410840	29250838	-0.025780	-0.001185	-0.000832	-0.024967
chr8	29281481	29767821	-0.206483	-0.016002	-0.011373	-0.181531
chr8	29812368	30927915	0.050000	0.002528	0.001760	0.056555
chr8	30967321	31573158	-0.021583	-0.001153	-0.000833	-0.007092
chr8	31575222	32486814	-0.094737	-0.006336	-0.004529	-0.081448
chr8	32501107	33491451	0.160509	0.010476	0.007729	0.158398
chr8	33550502	33945579	0.060377	0.005863	0.004416	0.072464
chr8	33946032	34358737	0.159459	0.015760	0.011298	0.173028
chr8	34360501	34733921	0.084211	0.007600	0.005710	0.046980
chr8	34740854	35135040	0.002740	0.000244	0.000179	0.002584
chr8	35144293	35688970	-0.114407	-0.008781	-0.006587	-0.100671
chr8	35696563	36105493	-0.022973	-0.001914	-0.001377	-0.022636
chr8	36110437	36633704	0.187013	0.019236	0.013834	0.162963
chr8	36636475	37021810	-0.077904	-0.008975	-0.006518	-0.097171
chr8	37031377	37414142	0.008416	0.000892	0.000633	0.008721
chr8	37417158	37817971	-0.056061	-0.004817	-0.003456	-0.056338
chr8	37818864	38265624	-0.347292	-0.036893	-0.025879	-0.315824
chr8	38283729	38754066	-0.245000	-0.017786	-0.013190	-0.233990
chr8	38777149	39397187	-0.232155	-0.016686	-0.012631	-0.219858
chr8	39400097	39759410	-0.019490	-0.001719	-0.001272	-0.022091
chr8	39769087	40070577	0.070090	0.007092	0.005244	0.073461
chr8	40083344	40412904	-0.051282	-0.005788	-0.003998	-0.004902
chr8	40418499	40761523	-0.128405	-0.014181	-0.010029	-0.131783
chr8	40774375	41291410	-0.063376	-0.005296	-0.003870	-0.068899
chr8	41304384	41843066	0.154856	0.014309	0.010644	0.145754
chr8	41885661	42706242	0.270551	0.018503	0.013827	0.266920
chr8	42717342	43231476	0.138482	0.016412	0.011682	0.150259
chr8	43256091	43626465	-0.022901	-0.002545	-0.001794	-0.027108
chr9	698542	1203968	0.413986	0.057439	0.042663	0.380577
chr9	1264394	2213536	0.212121	0.017347	0.012689	0.194986
chr9	2242379	2881459	0.139673	0.011086	0.008071	0.132128
chr9	2881513	3510089	-0.225201	-0.024572	-0.017010	-0.194614
chr9	3537427	4364060	0.050595	0.003190	0.002287	0.057971
chr9	4384459	5051053	0.278934	0.018668	0.013401	0.266932
chr9	5080441	6395583	0.185185	0.011094	0.008057	0.199459
chr9	6395598	7125899	-0.112619	-0.008247	-0.005842	-0.105196
chr9	7137292	7888935	-0.037227	-0.003523	-0.002434	-0.036025
chr9	7919072	8758601	-0.313400	-0.023755	-0.016750	-0.316184
chr9	8758615	10051906	0.067938	0.006346	0.004590	0.058419
chr9	10051922	10511415	-0.251351	-0.026624	-0.019402	-0.255319
chr9	10518528	10990725	0.047264	0.004791	0.003403	0.058685
chr9	11016220	11450920	-0.317647	-0.025424	-0.017934	-0.308192
chr9	11454900	12116385	-0.055024	-0.003487	-0.002481	-0.054245
chr9	12158359	12821749	-0.145985	-0.009414	-0.006586	-0.145218
chr9	12823598	13274653	0.160759	0.013028	0.009421	0.120482
chr9	13282705	13836606	-0.132821	-0.007808	-0.005565	-0.118471
chr9	13838571	14419945	-0.048571	-0.003307	-0.002389	-0.064559
chr9	14435122	15597653	-0.167045	-0.008405	-0.006117	-0.109153
chr9	15609012	16367723	-0.258333	-0.025517	-0.017498	-0.245064
chr9	16374768	17079811	0.003690	0.000214	0.000150	0.028777
chr9	17095510	17862368	-0.141345	-0.008490	-0.005838	-0.148785
chr9	17903407	18281573	0.271676	0.030336	0.020977	0.271091
chr9	18302077	18829872	0.047323	0.003753	0.002591	0.012401
chr9	18856095	20263586	-0.302083	-0.013046	-0.009086	-0.312242
chr9	20319304	22405845	0.050580	0.002967	0.002045	0.050000
chr9	22429969	25111423	0.025751	0.001377	0.000894	0.025424
chr9	25111475	26182365	-0.061867	-0.005259	-0.003558	-0.061966
chr9	26212923	27453542	-0.082635	-0.005039	-0.003581	-0.096559
chr9	27493864	28767289	-0.014379	-0.000930	-0.000635	-0.014049
chr9	28781750	29327553	-0.028571	-0.002140	-0.001452	-0.051793
chr9	29340546	30444268	-0.073846	-0.003804	-0.002624	-0.071555
chr9	30448245	30908567	0.149904	0.015513	0.011139	0.160214
chr9	30917176	31440750	-0.032732	-0.002596	-0.001857	-0.032089
chr9	31442017	31928105	-0.144172	-0.009209	-0.006745	-0.135838
chr9	31969968	32482183	0.288754	0.025444	0.017427	0.282234
chr9	32530932	33218349	-0.096990	-0.010214	-0.007150	-0.096990
chr9	33245576	34374841	-0.107540	-0.009023	-0.006378	-0.130129
chr9	34378989	34881239	0.036018	0.003660	0.002637	0.056410
chr9	34894567	35359437	-0.234955	-0.024295	-0.017020	-0.215047
chr9	35372471	36135219	0.059019	0.004045	0.003089	0.057680
chr9	36172615	36747038	0.163940	0.018079	0.013420	0.179553
chr9	36750135	37267388	0.033378	0.003387	0.002491	0.008739
chr9	37268888	37953526	0.127371	0.010397	0.007709	0.119289
chr9	37956380	38591650	-0.108669	-0.011795	-0.008396	-0.105077
chr9	38602348	39201346	-0.190816	-0.016199	-0.011793	-0.172821
chr9	39201381	39929270	-0.019802	-0.002231	-0.001539	-0.030588
chr9	39986392	40589905	0.087980	0.010004	0.007032	0.087546
chr9	40590075	41213411	-0.187500	-0.018816	-0.013044	-0.172028
chr9	41214364	41908841	0.141667	0.015119	0.010912	0.094488
chr9	41908864	42735721	-0.307692	-0.024060	-0.016788	-0.287779
chr9	42741332	43252723	0.201935	0.019659	0.013675	0.200480
chr10	755420	4260962	-0.167453	-0.007787	-0.005259	-0.175419
chr10	4302119	7048609	-0.003286	-0.000154	-0.000104	-0.015806
chr10	7057596	8152725	0.266501	0.012906	0.008846	0.268409
chr10	8174232	10124472	0.006169	0.000366	0.000248	0.005969
chr10	10153014	12700710	-0.135061	-0.005192	-0.003653	-0.187421
chr10	12795640	14141735	0.270186	0.013057	0.009107	0.244288
chr10	14181123	16318070	-0.167723	-0.009425	-0.006739	-0.133443
chr10	16328799	17650981	-0.079762	-0.004326	-0.003023	-0.072235
chr10	17670629	19080769	0.157256	0.005636	0.003935	0.151615
chr10	19091980	19667572	-0.026627	-0.001210	-0.000806	-0.040984
chr10	19708545	20731713	-0.101790	-0.006451	-0.004457	-0.111351
chr10	20748056	21528790	-0.163462	-0.008399	-0.005755	-0.143894
chr10	21542506	23094892	-0.207526	-0.011656	-0.008197	-0.198711
chr10	23095301	24844775	0.003851	0.000214	0.000152	-0.003755
chr10	24848657	25310886	0.010782	0.000849	0.000586	0.021935
chr10	25362877	25978098	-0.188830	-0.010529	-0.007194	-0.156962
chr10	25979826	26456411	-0.133070	-0.009619	-0.006724	-0.133676
chr10	26461677	26900332	-0.260373	-0.022629	-0.015617	-0.251891
chr10	26910208	27257689	0.065977	0.005015	0.003547	0.067500
chr10	27286955	28160729	-0.131810	-0.008999	-0.006169	-0.127914
chr10	28192883	29508128	-0.085231	-0.004683	-0.003330	-0.065554
chr10	29510365	29939937	0.143902	0.013877	0.009650	0.129300
chr10	29952571	30779485	0.334563	0.026264	0.019274	0.295455
chr10	30781622	31067331	0.139089	0.012169	0.009516	0.136842
chr10	31067337	31647533	-0.194226	-0.017438	-0.012233	-0.196474
chr10	31651077	32881354	-0.109067	-0.006789	-0.004821	-0.129653
chr10	32926898	33412278	0.135458	0.015423	0.011194	0.097500
chr10	33412945	33775754	0.036496	0.003454	0.002555	0.033378
chr10	33778933	34161224	0.246944	0.026774	0.019787	0.224586
chr10	34162562	34583400	-0.138603	-0.011288	-0.008093	-0.150282
chr10	34583479	35638029	0.160326	0.012981	0.009323	0.141711
chr10	35647461	36171618	0.120000	0.013165	0.009697	0.109375
chr10	36189894	37002336	0.094391	0.008014	0.005580	0.069231
chr10	37008698	37452155	-0.130790	-0.010697	-0.007936	-0.136364
chr10	37458451	38499458	0.093278	0.007171	0.005199	0.078562
chr10	38554345	39048596	0.013428	0.001719	0.001156	0.000672
chr10	39051795	39413003	0.186885	0.017320	0.012077	0.118644
chr10	39420854	39909412	0.208272	0.024262	0.017457	0.189041
chr10	39986724	41087698	0.308605	0.022700	0.016365	0.318841
chr11	360062	2226336	0.180693	0.013277	0.009825	0.179803
chr11	2226621	2823928	-0.045343	-0.005758	-0.004010	-0.058965
chr11	2828311	3131835	0.055961	0.006078	0.004299	0.043545
chr11	3136481	3651783	0.259557	0.033082	0.024012	0.258172
chr11	3658412	3984417	-0.021103	-0.002534	-0.001839	-0.016589
chr11	3990231	4305839	0.116737	0.014864	0.010763	0.111421
chr11	4306123	4935721	-0.002813	-0.000263	-0.000185	-0.009975
chr11	4937943	5355330	0.093506	0.010211	0.007632	0.088348
chr11	5357887	5740834	0.015873	0.001703	0.001188	0.015152
chr11	5750461	5963895	0.137800	0.019961	0.014837	0.154689
chr11	5983175	6446743	0.106918	0.011253	0.008362	0.087216
chr11	6457540	7315064	-0.071886	-0.005422	-0.003891	-0.062132
chr11	7329744	7719261	0.457439	0.031929	0.024250	0.444373
chr11	7725021	7981371	0.039823	0.003717	0.002736	0.037552
chr11	7986550	8450894	0.021521	0.001986	0.001435	-0.028037
chr11	8451013	8784545	0.068047	0.006467	0.004949	0.083333
chr11	8806571	9181673	0.227673	0.020462	0.014806	0.218137
chr11	9187509	9561908	-0.004505	-0.000302	-0.000228	0.004392
chr11	9564506	9990876	-0.106835	-0.012022	-0.008468	-0.139962
chr11	10015917	10619173	0.034380	0.002375	0.001730	0.015257
chr11	10630796	11040344	0.155158	0.011901	0.008918	0.145247
chr11	11047699	11375385	-0.053741	-0.004107	-0.002950	-0.025733
chr11	11375656	11767121	0.092725	0.006564	0.004691	0.097127
chr11	11771263	12218592	0.016477	0.001676	0.001187	0.027363
chr11	12232104	12732259	0.100399	0.007562	0.005473	0.078347
chr11	12741165	13597151	-0.139665	-0.008447	-0.006386	-0.146309
chr11	13601066	14053353	-0.123517	-0.011735	-0.008187	-0.119032
chr11	14063303	14718237	-0.014245	-0.000947	-0.000678	-0.005450
chr11	14725409	15243297	-0.017819	-0.001665	-0.001132	-0.012266
chr11	15269816	15792150	0.159120	0.014781	0.010379	0.155107
chr11	15802921	16300867	0.106184	0.010537	0.007167	0.106184
chr11	16307918	17095948	-0.019254	-0.001260	-0.000839	-0.018735
chr11	17105603	17932784	-0.038885	-0.001740	-0.001264	-0.054726
chr11	17933013	18762075	0.213192	0.016013	0.010906	0.206385
chr11	18772894	19781164	-0.326437	-0.018275	-0.012889	-0.322727
chr11	19846404	21717163	0.080309	0.003837	0.002673	0.092281
chr11	21718233	23083415	0.137387	0.008308	0.005682	0.158351
chr11	23115730	23812903	-0.091860	-0.006618	-0.004295	-0.109865
chr11	23814966	25636696	-0.170286	-0.008319	-0.005814	-0.184382
chr11	25670656	27248219	-0.181604	-0.008353	-0.005858	-0.160714
chr11	27250693	27986501	0.053147	0.004286	0.003048	0.002481
chr11	28005205	28500942	-0.034686	-0.002222	-0.001671	-0.054142
chr11	28501392	29130979	-0.107519	-0.008809	-0.006113	-0.096687
chr11	29134456	29458707	-0.051871	-0.008029	-0.005513	-0.072373
chr11	29468623	29867589	0.009059	0.000870	0.000647	-0.014438
chr11	29867590	30282509	-0.103811	-0.011717	-0.008104	-0.102999
chr11	30284947	30599516	-0.114514	-0.016448	-0.011993	-0.077307
chr11	30602495	30893029	0.236958	0.028871	0.020871	0.226190
chr11	30903849	31173713	0.061756	0.005985	0.004236	0.079978
chr11	31178175	31499818	0.129252	0.012307	0.009013	0.128901
chr11	31499827	31870890	-0.010554	-0.001124	-0.000794	-0.032995
chr11	31871795	32269642	-0.050036	-0.004670	-0.003458	-0.063742
chr11	32275882	33264741	-0.020997	-0.001562	-0.001141	-0.050633
chr11	33271774	33789775	-0.012795	-0.001032	-0.000737	-0.004439
chr11	33797641	34178325	-0.328859	-0.024293	-0.017957	-0.323646
chr11	34181388	34708393	0.012422	0.000911	0.000673	0.017391
chr11	34710043	35068500	0.234548	0.025415	0.019564	0.182891
chr11	35070458	35405195	0.168691	0.022410	0.015952	0.161376
chr11	35411956	35728967	0.257190	0.028212	0.021750	0.253414
chr11	35734232	36238094	0.228374	0.022560	0.016382	0.221154
chr11	36240956	36586285	-0.045217	-0.003606	-0.002664	-0.086154
chr11	36587871	37058373	0.183873	0.017738	0.012603	0.191518
chr11	37060695	37581118	0.066773	0.005463	0.003977	0.056934
chr11	37584592	38433255	-0.264507	-0.029886	-0.020924	-0.254954
chr12	676097	2445302	0.053899	0.002360	0.001659	0.064481
chr12	2471432	3546940	0.232586	0.020236	0.013757	0.229923
chr12	3568042	4863091	-0.305690	-0.016642	-0.010855	-0.308986
chr12	4863410	7081666	0.136179	0.006575	0.004644	0.125888
chr12	7092632	8539809	-0.013480	-0.000668	-0.000439	0.008206
chr12	8541642	10699559	-0.150582	-0.008350	-0.005869	-0.165504
chr12	10699903	11839529	0.082873	0.004960	0.003467	0.075377
chr12	11845988	14216330	-0.026119	-0.001251	-0.000904	-0.010830
chr12	14220582	15012565	0.118421	0.006862	0.005061	0.105528
chr12	15041444	16239605	-0.113577	-0.006895	-0.004674	-0.108108
chr12	16282150	17187913	0.043771	0.003196	0.002298	0.068256
chr12	17208439	18163964	-0.314838	-0.018008	-0.012948	-0.277023
chr12	18174107	18862584	-0.103862	-0.007263	-0.005137	-0.086331
chr12	18864805	19930082	-0.104141	-0.006212	-0.004381	-0.079559
chr12	19931143	21133204	-0.215477	-0.012129	-0.009039	-0.218065
chr12	21137377	21983793	0.005305	0.000405	0.000294	0.012563
chr12	21992885	22573241	0.025780	0.002210	0.001589	0.040000
chr12	22576249	22989315	-0.069209	-0.004841	-0.003510	-0.067961
chr12	22991355	23466449	0.171731	0.012271	0.008898	0.116608
chr12	23473416	23774417	-0.003317	-0.000260	-0.000192	-0.040373
chr12	23782638	24028851	-0.295691	-0.027501	-0.020331	-0.277698
chr12	24084506	24357186	0.213592	0.021303	0.016553	0.223118
chr12	24407113	24981845	0.100430	0.006541	0.004828	0.094233
chr12	24985285	25389793	0.266795	0.026876	0.019435	0.242910
chr12	25398405	25714336	-0.083676	-0.008451	-0.006365	-0.078947
chr12	25735970	26081616	-0.035526	-0.003060	-0.002282	-0.034395
chr12	26085560	26543417	-0.237830	-0.019321	-0.014090	-0.246032
chr12	26592963	27375101	0.124043	0.008974	0.006749	0.089616
chr12	27376976	28081240	0.088803	0.007186	0.005402	0.092251
chr12	28081990	28798328	-0.062500	-0.004165	-0.003099	-0.068564
chr12	28800010	29240491	0.120381	0.010609	0.007851	0.120095
chr12	29241675	29576689	-0.176177	-0.019903	-0.014637	-0.175573
chr12	29586183	29922194	-0.183673	-0.016582	-0.012031	-0.174242
chr12	29940924	30529732	-0.174383	-0.016953	-0.011945	-0.138667
chr12	30544422	31000324	-0.124402	-0.011331	-0.007672	-0.124563
chr12	31070258	31542116	0.122417	0.008587	0.006489	0.107093
chr12	31545095	31764256	0.051245	0.005025	0.003550	0.048679
chr12	31767731	32096467	0.038997	0.004250	0.003114	0.001280
chr12	32098011	32550729	0.074742	0.007392	0.005238	0.083645
chr12	32553488	33103125	0.081851	0.008824	0.006190	0.069606
chr12	33107335	33565947	0.216783	0.025359	0.018549	0.172237
chr12	33601946	34346704	0.286696	0.038116	0.026660	0.266230
chr12	34360174	35302799	-0.251701	-0.021593	-0.015328	-0.266922
chr13	590108	1102821	-0.155963	-0.015225	-0.010964	-0.137143
chr13	1105731	1908857	-0.041551	-0.003376	-0.002318	-0.015666
chr13	1908975	2251209	-0.098177	-0.014089	-0.009592	-0.086253
chr13	2252919	2589583	0.013373	0.001602	0.001152	-0.016086
chr13	2589918	3331031	0.179161	0.017613	0.012689	0.156098
chr13	3368561	3908362	0.029830	0.002519	0.001916	0.029703
chr13	3908363	4238545	-0.018533	-0.002432	-0.001674	-0.012967
chr13	4256449	4633400	0.217391	0.023294	0.017587	0.209202
chr13	4639754	5172132	-0.207292	-0.018755	-0.013943	-0.209180
chr13	5174684	5407265	0.237631	0.027315	0.019542	0.251604
chr13	5408327	5766816	0.372372	0.041301	0.032054	0.375706
chr13	5784526	6050404	0.156334	0.020925	0.014541	0.135770
chr13	6060649	6485074	-0.020942	-0.002053	-0.001577	-0.036082
chr13	6494732	6930335	0.435762	0.035707	0.026522	0.415701
chr13	6942763	7680746	0.225490	0.021140	0.014912	0.217391
chr13	7684894	8130195	-0.119652	-0.008162	-0.005928	-0.138525
chr13	8138825	8483324	0.034985	0.003002	0.002173	0.033241
chr13	8485795	8972990	-0.020576	-0.001875	-0.001338	-0.018360
chr13	8973015	9463844	-0.074650	-0.006306	-0.004569	-0.070381
chr13	9470880	9991366	-0.041135	-0.003599	-0.002548	-0.031550
chr13	10016083	10949903	-0.107190	-0.007065	-0.005079	-0.133501
chr13	10952948	11483485	-0.261034	-0.026895	-0.018316	-0.276074
chr13	11485221	11785957	0.080056	0.009371	0.006794	0.091633
chr13	11786290	12190936	0.034320	0.003495	0.002585	0.033143
chr13	12191750	12614289	-0.150852	-0.012654	-0.009344	-0.129032
chr13	12621356	13011801	0.083620	0.009975	0.006860	0.106243
chr13	13031846	13546196	0.010840	0.001112	0.000777	-0.024516
chr13	13546575	14350245	-0.346561	-0.025902	-0.017452	-0.338272
chr13	14365170	14937960	0.001333	0.000094	0.000065	-0.018450
chr13	14967109	16279663	-0.045147	-0.003265	-0.002150	-0.074946
chr13	16297602	17047245	-0.059510	-0.003775	-0.002477	-0.059510
chr13	17047311	18384549	-0.118437	-0.005883	-0.004064	-0.126304
chr13	18409923	19586947	0.131336	0.010216	0.007249	0.099119
chr13	19603690	20447382	-0.095967	-0.005018	-0.003510	-0.098093
chr13	20453567	21020209	0.160362	0.012083	0.008829	0.145414
chr13	21025488	21722105	-0.145946	-0.010998	-0.007579	-0.155440
chr13	21743150	22167048	0.126809	0.010451	0.007283	0.107570
chr13	22167758	23014913	-0.001200	-0.000075	-0.000051	-0.015909
chr13	23015272	23725676	0.149451	0.010594	0.007661	0.150106
chr13	23728020	24063024	0.010631	0.000721	0.000538	0.005856
chr13	24079280	24526981	0.292683	0.019978	0.014630	0.275434
chr13	24535115	25078970	-0.067169	-0.005331	-0.004037	-0.069283
chr13	25088028	25892737	0.187730	0.013709	0.009679	0.142857
chr13	25893854	27424659	0.026102	0.001495	0.001033	0.045634
chr13	27440621	27863455	-0.105413	-0.008750	-0.006171	-0.101928
chr13	27869772	28151465	0.013167	0.001326	0.000954	0.004596
chr13	28153835	28435238	-0.004717	-0.000524	-0.000386	-0.011186
chr13	28436883	28717250	0.425478	0.051867	0.037757	0.382716
chr13	28720081	29084974	-0.224556	-0.020313	-0.014474	-0.204112
chr13	29086864	29499642	0.037293	0.002730	0.002024	0.051656
chr13	29522963	29992841	0.223744	0.018962	0.014076	0.214586
chr13	30002273	30618853	0.035176	0.003542	0.002609	0.035176
chr13	30622304	30963255	-0.101987	-0.014113	-0.010131	-0.091377
chr13	30979525	31517074	0.136691	0.018002	0.012937	0.123853
chr13	31531584	32047049	0.229023	0.022775	0.016837	0.202358
chr13	32064689	32704801	-0.241279	-0.019299	-0.013385	-0.250000
chr13	32707646	33257726	-0.051034	-0.005032	-0.003437	-0.041486
chr13	33263477	33764830	-0.058065	-0.005104	-0.003443	-0.056890
chr14	276049	842659	-0.162581	-0.014758	-0.010471	-0.163121
chr14	858934	1645992	0.116618	0.009188	0.006584	0.097840
chr14	1649919	2091063	-0.073095	-0.006927	-0.004830	-0.062842
chr14	2103965	2778423	0.120908	0.006916	0.005184	0.133062
chr14	2803483	3824752	0.354795	0.021211	0.016007	0.326034
chr14	3874875	4367171	0.041885	0.004140	0.003078	0.017812
chr14	4367229	4832412	-0.304130	-0.024918	-0.018216	-0.338766
chr14	4837799	5233547	-0.003170	-0.000265	-0.000197	-0.002933
chr14	5234927	5650593	0.095871	0.007714	0.005773	0.054213
chr14	5654209	6249761	-0.179412	-0.012271	-0.009316	-0.197832
chr14	6251093	6634438	0.076522	0.004801	0.003780	0.056000
chr14	6705386	7347603	0.121786	0.007970	0.005924	0.133508
chr14	7348804	7719900	-0.004444	-0.000324	-0.000239	-0.016807
chr14	7727666	8215804	-0.215484	-0.019368	-0.013470	-0.185093
chr14	8229034	8608768	-0.088829	-0.009273	-0.006697	-0.081501
chr14	8610126	8862040	-0.211921	-0.027008	-0.020327	-0.212346
chr14	8883735	9234025	0.361008	0.031387	0.023154	0.335165
chr14	9238887	9508058	-0.228442	-0.024430	-0.018010	-0.227336
chr14	9509769	9902400	0.228723	0.031608	0.022684	0.195431
chr14	9902495	10521958	0.194106	0.018353	0.013339	0.154286
chr14	10529193	10862554	0.192308	0.025050	0.017634	0.197150
chr14	10878357	11236059	0.288703	0.036706	0.025472	0.269181
chr14	11241389	11673070	0.214393	0.018724	0.013799	0.217518
chr14	11673185	12397387	-0.203496	-0.015923	-0.011281	-0.209246
chr14	12404397	12922769	-0.031293	-0.002956	-0.002106	-0.021656
chr15	504273	855819	0.008310	0.000786	0.000572	0.008310
chr15	857327	1505944	-0.223901	-0.016713	-0.011929	-0.209613
chr15	1508556	1965608	-0.068111	-0.006427	-0.004472	-0.067432
chr15	1969340	2392381	-0.006192	-0.000631	-0.000447	-0.005797
chr15	2393250	2863631	-0.235744	-0.026624	-0.018803	-0.236315
chr15	2868408	3112202	-0.110512	-0.011736	-0.008320	-0.109920
chr15	3113129	3473719	0.322674	0.034782	0.024028	0.323864
chr15	3477323	3940617	0.098630	0.008821	0.006342	0.089674
chr15	3941319	4167690	0.350072	0.042013	0.031194	0.337950
chr15	4168260	4539771	-0.108169	-0.008029	-0.005793	-0.082927
chr15	4549958	4996229	-0.322667	-0.024138	-0.018586	-0.304910
chr15	5000645	5387221	-0.004104	-0.000375	-0.000281	0.011765
chr15	5389120	5690067	-0.076495	-0.007662	-0.005784	-0.071895
chr15	5699618	5918986	-0.156169	-0.018311	-0.013129	-0.179046
chr15	5932595	6417172	0.152416	0.021363	0.014914	0.151292
chr15	6436864	6775854	-0.226557	-0.021366	-0.015407	-0.214796
chr15	6776055	7180715	0.014361	0.001032	0.000726	-0.009427
chr15	7181775	7476281	-0.175573	-0.016664	-0.012311	-0.148936
chr15	7479949	8020062	-0.106280	-0.008539	-0.006243	-0.092308
chr15	8023072	8835925	0.183048	0.012231	0.009080	0.177090
chr15	8839069	9305734	0.162084	0.016034	0.011989	0.090439
chr15	9306494	9540252	0.047939	0.003912	0.002969	0.016241
chr15	9542339	10562489	0.049191	0.003248	0.002350	0.023082
chr15	10567121	11193853	0.136490	0.010564	0.007760	0.131720
chr15	11200258	11740095	0.216033	0.025056	0.017910	0.190355
chr15	11743675	12323886	-0.009231	-0.000598	-0.000439	-0.006897
chr15	12345239	12731395	0.153121	0.015359	0.010935	0.133484
chr16	117828	546091	0.028796	0.003702	0.002555	0.026316
chr16	547018	1026643	0.037528	0.005141	0.003659	0.010253
chr16	1041854	1571657	0.041916	0.004035	0.002922	0.037147
chr16	1574677	2214167	0.062787	0.004094	0.003058	0.048571
chr16	2214773	3325459	0.187415	0.016537	0.011324	0.194030
chr16	3329709	3956157	0.113956	0.007453	0.005195	0.093788
chr16	3958676	4563646	-0.290909	-0.015360	-0.010366	-0.284585
chr16	4581966	5489247	0.018895	0.001138	0.000801	0.018813
chr16	5494349	5798121	-0.227506	-0.028410	-0.020909	-0.219512
chr16	5799974	6414420	0.041209	0.003891	0.002959	0.028463
chr16	6430367	7086827	0.368557	0.028078	0.020454	0.328638
chr16	7109100	7560769	-0.049337	-0.003395	-0.002528	-0.006658
chr16	7596407	8268967	0.148194	0.018480	0.012508	0.115566
chr16	8277001	8991954	-0.108696	-0.008201	-0.006346	-0.122995
chr16	9001546	9377845	0.362297	0.033436	0.025573	0.348465
chr17	301844	681403	0.244444	0.021916	0.016057	0.223097
chr17	747263	1362634	0.086072	0.008259	0.005604	0.080764
chr17	1406951	1819910	0.177015	0.014275	0.010628	0.175879
chr17	1842135	2163230	0.066256	0.005936	0.004596	0.046200
chr17	2164464	2719197	-0.161543	-0.014866	-0.010622	-0.158232
chr17	2732932	3335154	-0.209160	-0.019193	-0.014021	-0.194326
chr17	3358937	3895364	0.141194	0.009566	0.007308	0.148459
chr17	3895545	4203498	-0.095926	-0.010984	-0.007769	-0.105328
chr17	4218178	4841790	-0.156735	-0.009561	-0.007403	-0.146843
chr17	4865376	5535250	0.151515	0.015975	0.011984	0.114249
chr17	5536053	6253042	0.150721	0.012741	0.009226	0.117788
chr17	6271990	7365102	-0.007519	-0.000483	-0.000363	0.010453
chr18	159966	1041294	-0.126437	-0.008478	-0.006121	-0.141612
chr18	1067607	1727123	-0.146557	-0.014604	-0.010447	-0.149916
chr18	1832907	3362798	-0.280714	-0.015096	-0.011374	-0.263366
chr18	3366288	4178677	-0.079002	-0.005692	-0.004019	-0.078512
chr18	4179428	4863679	0.006182	0.000311	0.000229	-0.023066
chr18	4909983	5400007	-0.023148	-0.001604	-0.001147	-0.030568
chr18	5401358	5877491	-0.053645	-0.003706	-0.002677	-0.044059
chr18	5893530	7075155	-0.169822	-0.011160	-0.007799	-0.149517
chr18	7075759	7589228	0.213450	0.020890	0.015605	0.198864
chr18	7591778	8114590	0.179331	0.022199	0.016900	0.153046
chr19	1994023	2508897	-0.094682	-0.011699	-0.008245	-0.110604
chr19	2514315	3249900	-0.185695	-0.021479	-0.014659	-0.181001
chr19	3252312	3740922	-0.028721	-0.003100	-0.002224	-0.030525
chr19	3743973	4224025	0.216041	0.021250	0.015748	0.179361
chr19	4225050	4524902	-0.338171	-0.039919	-0.029009	-0.318801
chr19	4539846	5111507	0.154153	0.017882	0.013889	0.161499
chr19	5131236	5474042	0.380764	0.051823	0.039827	0.383420
chr19	5477113	5874962	-0.004060	-0.000401	-0.000300	-0.018634
chr19	5879095	6599305	0.030354	0.002344	0.001742	0.030479
chr19	6602223	7203613	0.199461	0.020744	0.015306	0.197452
chr19	7214724	7739111	-0.022355	-0.001664	-0.001211	-0.012766
chr20	119040	404043	-0.038700	-0.004092	-0.003009	-0.043732
chr20	415327	932592	-0.040161	-0.003436	-0.002439	-0.059891
chr20	932606	1898716	-0.045638	-0.003623	-0.002647	-0.053683
chr20	1909374	2380715	0.184913	0.024947	0.017976	0.185574
chr20	2393629	2889242	0.353600	0.028488	0.020897	0.331307
chr20	2889308	3311419	0.189752	0.016090	0.012386	0.146905
chr20	3312746	3652240	-0.006042	-0.000670	-0.000487	0.002882
chr20	3654641	4087333	0.014472	0.001308	0.000994	0.000000
chr20	4089995	4397931	0.167427	0.017644	0.013727	0.133291
chr20	4398508	4854701	0.100174	0.011365	0.008760	0.105293
chr20	4864482	5251909	0.049770	0.004679	0.003387	0.012186
chr20	5269608	5669328	-0.119534	-0.010734	-0.008270	-0.153846
chr20	5670704	6182230	-0.077728	-0.007089	-0.005169	-0.088643
chr20	6184461	6546273	-0.123769	-0.013411	-0.009489	-0.128415
chr20	6546952	7070741	0.192048	0.018572	0.013047	0.199147
chr20	7079373	7536084	-0.150179	-0.015505	-0.010931	-0.177677
chr21	576347	1035822	-0.038331	-0.004730	-0.003440	-0.066521
chr21	1122553	2045119	0.214092	0.021429	0.015166	0.204134
chr21	2055735	2824614	0.053221	0.004864	0.003523	0.051491
chr21	2833913	3379546	0.078721	0.009791	0.007055	0.062053
chr21	3379571	4111969	0.236620	0.028173	0.021124	0.212422
chr21	4118307	5025705	0.237098	0.021936	0.016840	0.193254
chr21	5034744	5461803	-0.032808	-0.003451	-0.002536	-0.031447
chr21	5470716	6052590	-0.118211	-0.010037	-0.007212	-0.118343
chr21	6062264	6374514	-0.245376	-0.030051	-0.020530	-0.242808
chr21	6375335	6769897	0.045845	0.003817	0.002728	0.057024
chr22	675456	1216311	-0.049755	-0.006679	-0.004546	-0.076429
chr22	1226193	2088026	0.173406	0.014599	0.010532	0.190083
chr22	2090086	2971230	-0.099782	-0.007300	-0.005403	-0.077663
chr22	2971231	3657154	0.157001	0.014318	0.010397	0.160000
chr22	3677963	4435944	-0.142007	-0.016988	-0.011973	-0.125765
chr22	4444433	5218473	0.456594	0.029458	0.021945	0.443795
chr22	5240553	5605536	0.031641	0.003030	0.002221	-0.010020
chr23	64761	867741	-0.021801	-0.001948	-0.001427	-0.050577
chr23	869780	1196929	0.190341	0.028070	0.018761	0.181081
chr23	1196931	1969059	0.022587	0.002159	0.001498	0.030539
chr23	1975448	2620354	0.094313	0.012329	0.008685	0.090909
chr23	2631278	3189827	-0.017964	-0.003004	-0.002144	-0.000000
chr24	805353	1609307	0.206023	0.024981	0.017343	0.199470
chr24	1614861	2067799	-0.042017	-0.004728	-0.003294	-0.032698
chr24	2070303	2485680	-0.052707	-0.006088	-0.003983	-0.051748
