#Coverage	Number of genomic locations
0.0	2.9349464E7
1.0	1.0497157E7
2.0	1.2084848E7
3.0	1.5201421E7
4.0	1.9690036E7
5.0	2.5493269E7
6.0	3.2620974E7
7.0	4.1010729E7
8.0	5.040249E7
9.0	6.0182166E7
10.0	6.9341701E7
11.0	7.6880837E7
12.0	8.2020733E7
13.0	8.4275254E7
14.0	8.3311291E7
15.0	7.9442179E7
16.0	7.3165654E7
17.0	6.5250911E7
18.0	5.6387729E7
19.0	4.7408351E7
20.0	3.8778879E7
21.0	3.0939848E7
22.0	2.4125331E7
23.0	1.8424346E7
24.0	1.3759927E7
25.0	1.0129245E7
26.0	7328811.0
27.0	5230653.0
28.0	3698731.0
29.0	2583822.0
30.0	1801043.0
31.0	1250761.0
32.0	877659.0
33.0	619069.0
34.0	449093.0
35.0	330045.0
36.0	251260.0
37.0	198520.0
38.0	163199.0
39.0	137820.0
40.0	119197.0
41.0	107470.0
42.0	95978.0
43.0	88827.0
44.0	82366.0
45.0	75603.0
46.0	72042.0
47.0	68258.0
48.0	62951.0
49.0	59751.0
50.0	57115.0
51.0	55444.0
52.0	51779.0
53.0	49857.0
54.0	46731.0
55.0	44547.0
56.0	42783.0
57.0	40947.0
58.0	39219.0
59.0	37820.0
60.0	36296.0
61.0	35387.0
62.0	34378.0
63.0	32907.0
64.0	31868.0
65.0	30692.0
66.0	29936.0
67.0	29010.0
68.0	28044.0
69.0	27192.0
70.0	25948.0
71.0	24792.0
72.0	24484.0
73.0	24064.0
74.0	23037.0
75.0	22577.0
76.0	21894.0
77.0	21370.0
78.0	20650.0
79.0	20174.0
80.0	19245.0
81.0	19024.0
82.0	19057.0
83.0	18184.0
84.0	17818.0
85.0	17849.0
86.0	17149.0
87.0	17015.0
88.0	16314.0
89.0	15736.0
90.0	15371.0
91.0	14910.0
92.0	14974.0
93.0	14334.0
94.0	14282.0
95.0	13540.0
96.0	13393.0
97.0	12939.0
98.0	12705.0
99.0	12603.0
100.0	12289.0
101.0	11953.0
102.0	11565.0
103.0	11355.0
104.0	11012.0
105.0	10934.0
106.0	10629.0
107.0	10643.0
108.0	10504.0
109.0	10198.0
110.0	10048.0
111.0	9756.0
112.0	9834.0
113.0	9592.0
114.0	9517.0
115.0	9289.0
116.0	9199.0
117.0	8739.0
118.0	8689.0
119.0	8477.0
120.0	8358.0
121.0	8374.0
122.0	8341.0
123.0	8097.0
124.0	8135.0
125.0	8122.0
126.0	7976.0
127.0	7828.0
128.0	7705.0
129.0	7863.0
130.0	7499.0
131.0	7334.0
132.0	7098.0
133.0	6900.0
134.0	7178.0
135.0	6920.0
136.0	6836.0
137.0	6732.0
138.0	6666.0
139.0	6494.0
140.0	6352.0
141.0	6199.0
142.0	6140.0
143.0	6104.0
144.0	6132.0
145.0	6110.0
146.0	5961.0
147.0	5856.0
148.0	5905.0
149.0	5816.0
150.0	5688.0
151.0	5673.0
152.0	5456.0
153.0	5465.0
154.0	5288.0
155.0	5167.0
156.0	5348.0
157.0	5235.0
158.0	5315.0
159.0	5272.0
160.0	5184.0
161.0	5025.0
162.0	5056.0
163.0	5003.0
164.0	4908.0
165.0	4746.0
166.0	4782.0
167.0	4739.0
168.0	4688.0
169.0	4574.0
170.0	4626.0
171.0	4661.0
172.0	4453.0
173.0	4464.0
174.0	4335.0
175.0	4216.0
176.0	4236.0
177.0	4136.0
178.0	4143.0
179.0	4200.0
180.0	3954.0
181.0	3870.0
182.0	3757.0
183.0	3584.0
184.0	3661.0
185.0	3554.0
186.0	3523.0
187.0	3571.0
188.0	3525.0
189.0	3443.0
190.0	3561.0
191.0	3467.0
192.0	3397.0
193.0	3236.0
194.0	3569.0
195.0	3479.0
196.0	3501.0
197.0	3325.0
198.0	3340.0
199.0	3443.0
200.0	3507.0
201.0	3548.0
202.0	3403.0
203.0	3356.0
204.0	3320.0
205.0	3253.0
206.0	3124.0
207.0	3046.0
208.0	3141.0
209.0	2974.0
210.0	3003.0
211.0	3042.0
212.0	2991.0
213.0	2967.0
214.0	2958.0
215.0	2816.0
216.0	2785.0
217.0	2829.0
218.0	2806.0
219.0	2818.0
220.0	2791.0
221.0	2730.0
222.0	2635.0
223.0	2646.0
224.0	2692.0
225.0	2759.0
226.0	2655.0
227.0	2622.0
228.0	2571.0
229.0	2793.0
230.0	2574.0
231.0	2602.0
232.0	2587.0
233.0	2557.0
234.0	2500.0
235.0	2511.0
236.0	2479.0
237.0	2448.0
238.0	2667.0
239.0	2434.0
240.0	2611.0
241.0	2633.0
242.0	2439.0
243.0	2590.0
244.0	2609.0
245.0	2579.0
246.0	2502.0
247.0	2549.0
248.0	2449.0
249.0	2566.0
250.0	2550.0
251.0	2540.0
252.0	2474.0
253.0	2460.0
254.0	2521.0
255.0	2398.0
256.0	2511.0
257.0	2332.0
258.0	2418.0
259.0	2406.0
260.0	2408.0
261.0	2302.0
262.0	2278.0
263.0	2278.0
264.0	2206.0
265.0	2187.0
266.0	2135.0
267.0	2248.0
268.0	2205.0
269.0	2265.0
270.0	2131.0
271.0	2205.0
272.0	2101.0
273.0	2018.0
274.0	2050.0
275.0	2055.0
276.0	1966.0
277.0	2083.0
278.0	1897.0
279.0	2059.0
280.0	2119.0
281.0	1988.0
282.0	2015.0
283.0	2065.0
284.0	2160.0
285.0	2084.0
286.0	2060.0
287.0	2003.0
288.0	2031.0
289.0	2016.0
290.0	1854.0
291.0	1995.0
292.0	1975.0
293.0	1969.0
294.0	1968.0
295.0	1970.0
296.0	1894.0
297.0	1843.0
298.0	1815.0
299.0	1845.0
300.0	1835.0
301.0	1773.0
302.0	1834.0
303.0	1656.0
304.0	1820.0
305.0	1819.0
306.0	1780.0
307.0	1836.0
308.0	1859.0
309.0	1847.0
310.0	1790.0
311.0	1821.0
312.0	1779.0
313.0	1643.0
314.0	1695.0
315.0	1751.0
316.0	1720.0
317.0	1598.0
318.0	1720.0
319.0	1612.0
320.0	1668.0
321.0	1662.0
322.0	1663.0
323.0	1655.0
324.0	1623.0
325.0	1626.0
326.0	1656.0
327.0	1566.0
328.0	1696.0
329.0	1625.0
330.0	1607.0
331.0	1679.0
332.0	1607.0
333.0	1534.0
334.0	1458.0
335.0	1522.0
336.0	1439.0
337.0	1418.0
338.0	1517.0
339.0	1582.0
340.0	1418.0
341.0	1468.0
342.0	1525.0
343.0	1460.0
344.0	1449.0
345.0	1408.0
346.0	1414.0
347.0	1460.0
348.0	1465.0
349.0	1417.0
350.0	1458.0
351.0	1407.0
352.0	1431.0
353.0	1372.0
354.0	1390.0
355.0	1307.0
356.0	1411.0
357.0	1300.0
358.0	1248.0
359.0	1231.0
360.0	1191.0
361.0	1255.0
362.0	1270.0
363.0	1287.0
364.0	1320.0
365.0	1225.0
366.0	1222.0
367.0	1180.0
368.0	1160.0
369.0	1046.0
370.0	1061.0
371.0	1110.0
372.0	1137.0
373.0	1073.0
374.0	1149.0
375.0	1067.0
376.0	1049.0
377.0	1070.0
378.0	1109.0
379.0	1067.0
380.0	1130.0
381.0	1055.0
382.0	987.0
383.0	1014.0
384.0	1036.0
385.0	988.0
386.0	991.0
387.0	924.0
388.0	988.0
389.0	936.0
390.0	954.0
391.0	926.0
392.0	966.0
393.0	956.0
394.0	917.0
395.0	887.0
396.0	956.0
397.0	911.0
398.0	961.0
399.0	895.0
400.0	895.0
401.0	904.0
402.0	911.0
403.0	896.0
404.0	926.0
405.0	875.0
406.0	957.0
407.0	892.0
408.0	901.0
409.0	862.0
410.0	851.0
411.0	927.0
412.0	911.0
413.0	812.0
414.0	862.0
415.0	916.0
416.0	859.0
417.0	847.0
418.0	797.0
419.0	861.0
420.0	832.0
421.0	801.0
422.0	748.0
423.0	774.0
424.0	752.0
425.0	786.0
426.0	768.0
427.0	821.0
428.0	776.0
429.0	793.0
430.0	836.0
431.0	828.0
432.0	790.0
433.0	789.0
434.0	807.0
435.0	791.0
436.0	805.0
437.0	767.0
438.0	861.0
439.0	736.0
440.0	826.0
441.0	832.0
442.0	769.0
443.0	768.0
444.0	818.0
445.0	775.0
446.0	774.0
447.0	791.0
448.0	734.0
449.0	775.0
450.0	705.0
451.0	716.0
452.0	756.0
453.0	724.0
454.0	708.0
455.0	690.0
456.0	736.0
457.0	742.0
458.0	690.0
459.0	760.0
460.0	764.0
461.0	740.0
462.0	768.0
463.0	735.0
464.0	721.0
465.0	697.0
466.0	720.0
467.0	737.0
468.0	696.0
469.0	702.0
470.0	670.0
471.0	660.0
472.0	630.0
473.0	599.0
474.0	623.0
475.0	635.0
476.0	579.0
477.0	587.0
478.0	598.0
479.0	629.0
480.0	632.0
481.0	632.0
482.0	596.0
483.0	598.0
484.0	585.0
485.0	541.0
486.0	531.0
487.0	547.0
488.0	547.0
489.0	570.0
490.0	522.0
491.0	514.0
492.0	516.0
493.0	494.0
494.0	525.0
495.0	456.0
496.0	486.0
497.0	454.0
498.0	463.0
499.0	479.0
500.0	485.0
501.0	428.0
502.0	430.0
503.0	452.0
504.0	417.0
505.0	434.0
506.0	453.0
507.0	437.0
508.0	430.0
509.0	403.0
510.0	400.0
511.0	449.0
512.0	397.0
513.0	402.0
514.0	457.0
515.0	437.0
516.0	414.0
517.0	420.0
518.0	404.0
519.0	386.0
520.0	395.0
521.0	413.0
522.0	354.0
523.0	383.0
524.0	401.0
525.0	355.0
526.0	395.0
527.0	400.0
528.0	421.0
529.0	420.0
530.0	417.0
531.0	405.0
532.0	409.0
533.0	405.0
534.0	404.0
535.0	375.0
536.0	355.0
537.0	391.0
538.0	430.0
539.0	414.0
540.0	401.0
541.0	389.0
542.0	449.0
543.0	396.0
544.0	459.0
545.0	424.0
546.0	393.0
547.0	400.0
548.0	393.0
549.0	433.0
550.0	403.0
551.0	412.0
552.0	427.0
553.0	440.0
554.0	408.0
555.0	397.0
556.0	387.0
557.0	424.0
558.0	336.0
559.0	394.0
560.0	382.0
561.0	369.0
562.0	379.0
563.0	424.0
564.0	395.0
565.0	374.0
566.0	406.0
567.0	371.0
568.0	363.0
569.0	392.0
570.0	387.0
571.0	391.0
572.0	384.0
573.0	401.0
574.0	349.0
575.0	350.0
576.0	400.0
577.0	383.0
578.0	362.0
579.0	313.0
580.0	347.0
581.0	339.0
582.0	380.0
583.0	340.0
584.0	326.0
585.0	327.0
586.0	379.0
587.0	352.0
588.0	351.0
589.0	350.0
590.0	367.0
591.0	333.0
592.0	320.0
593.0	365.0
594.0	331.0
595.0	280.0
596.0	321.0
597.0	296.0
598.0	321.0
599.0	311.0
600.0	304.0
601.0	314.0
602.0	298.0
603.0	328.0
604.0	318.0
605.0	296.0
606.0	293.0
607.0	271.0
608.0	254.0
609.0	288.0
610.0	278.0
611.0	258.0
612.0	264.0
613.0	268.0
614.0	281.0
615.0	272.0
616.0	283.0
617.0	275.0
618.0	279.0
619.0	242.0
620.0	250.0
621.0	260.0
622.0	243.0
623.0	256.0
624.0	239.0
625.0	266.0
626.0	265.0
627.0	239.0
628.0	260.0
629.0	267.0
630.0	254.0
631.0	270.0
632.0	245.0
633.0	241.0
634.0	239.0
635.0	240.0
636.0	225.0
637.0	253.0
638.0	244.0
639.0	246.0
640.0	218.0
641.0	233.0
642.0	233.0
643.0	230.0
644.0	259.0
645.0	273.0
646.0	253.0
647.0	265.0
648.0	225.0
649.0	215.0
650.0	228.0
651.0	249.0
652.0	217.0
653.0	251.0
654.0	204.0
655.0	226.0
656.0	208.0
657.0	228.0
658.0	218.0
659.0	204.0
660.0	215.0
661.0	204.0
662.0	223.0
663.0	208.0
664.0	256.0
665.0	247.0
666.0	233.0
667.0	255.0
668.0	220.0
669.0	224.0
670.0	217.0
671.0	232.0
672.0	219.0
673.0	221.0
674.0	250.0
675.0	199.0
676.0	239.0
677.0	204.0
678.0	240.0
679.0	212.0
680.0	191.0
681.0	199.0
682.0	202.0
683.0	199.0
684.0	184.0
685.0	223.0
686.0	203.0
687.0	206.0
688.0	223.0
689.0	194.0
690.0	178.0
691.0	186.0
692.0	221.0
693.0	232.0
694.0	189.0
695.0	185.0
696.0	203.0
697.0	212.0
698.0	190.0
699.0	196.0
700.0	193.0
701.0	201.0
702.0	198.0
703.0	209.0
704.0	195.0
705.0	181.0
706.0	204.0
707.0	184.0
708.0	169.0
709.0	227.0
710.0	194.0
711.0	178.0
712.0	197.0
713.0	212.0
714.0	192.0
715.0	204.0
716.0	219.0
717.0	194.0
718.0	160.0
719.0	170.0
720.0	186.0
721.0	183.0
722.0	181.0
723.0	172.0
724.0	171.0
725.0	189.0
726.0	211.0
727.0	154.0
728.0	158.0
729.0	154.0
730.0	148.0
731.0	152.0
732.0	158.0
733.0	151.0
734.0	157.0
735.0	155.0
736.0	132.0
737.0	140.0
738.0	165.0
739.0	155.0
740.0	148.0
741.0	162.0
742.0	131.0
743.0	152.0
744.0	153.0
745.0	147.0
746.0	174.0
747.0	151.0
748.0	130.0
749.0	154.0
750.0	163.0
751.0	143.0
752.0	134.0
753.0	131.0
754.0	151.0
755.0	142.0
756.0	130.0
757.0	145.0
758.0	142.0
759.0	148.0
760.0	124.0
761.0	147.0
762.0	136.0
763.0	131.0
764.0	153.0
765.0	139.0
766.0	134.0
767.0	153.0
768.0	157.0
769.0	129.0
770.0	139.0
771.0	151.0
772.0	148.0
773.0	134.0
774.0	131.0
775.0	125.0
776.0	138.0
777.0	147.0
778.0	121.0
779.0	142.0
780.0	132.0
781.0	127.0
782.0	122.0
783.0	147.0
784.0	120.0
785.0	129.0
786.0	139.0
787.0	139.0
788.0	159.0
789.0	132.0
790.0	136.0
791.0	141.0
792.0	127.0
793.0	132.0
794.0	143.0
795.0	141.0
796.0	124.0
797.0	158.0
798.0	117.0
799.0	140.0
800.0	123.0
801.0	127.0
802.0	137.0
803.0	133.0
804.0	124.0
805.0	136.0
806.0	115.0
807.0	104.0
808.0	127.0
809.0	97.0
810.0	108.0
811.0	127.0
812.0	122.0
813.0	111.0
814.0	117.0
815.0	119.0
816.0	146.0
817.0	140.0
818.0	109.0
819.0	113.0
820.0	113.0
821.0	99.0
822.0	120.0
823.0	114.0
824.0	111.0
825.0	114.0
826.0	107.0
827.0	111.0
828.0	88.0
829.0	99.0
830.0	141.0
831.0	114.0
832.0	102.0
833.0	129.0
834.0	119.0
835.0	121.0
836.0	119.0
837.0	126.0
838.0	113.0
839.0	125.0
840.0	105.0
841.0	114.0
842.0	110.0
843.0	116.0
844.0	105.0
845.0	99.0
846.0	118.0
847.0	123.0
848.0	104.0
849.0	117.0
850.0	101.0
851.0	113.0
852.0	110.0
853.0	102.0
854.0	109.0
855.0	90.0
856.0	97.0
857.0	112.0
858.0	124.0
859.0	102.0
860.0	100.0
861.0	117.0
862.0	104.0
863.0	104.0
864.0	120.0
865.0	111.0
866.0	98.0
867.0	100.0
868.0	101.0
869.0	113.0
870.0	100.0
871.0	120.0
872.0	111.0
873.0	105.0
874.0	110.0
875.0	96.0
876.0	93.0
877.0	123.0
878.0	104.0
879.0	89.0
880.0	102.0
881.0	100.0
882.0	93.0
883.0	89.0
884.0	105.0
885.0	99.0
886.0	87.0
887.0	82.0
888.0	108.0
889.0	86.0
890.0	96.0
891.0	118.0
892.0	98.0
893.0	96.0
894.0	98.0
895.0	105.0
896.0	100.0
897.0	114.0
898.0	103.0
899.0	91.0
900.0	112.0
901.0	95.0
902.0	96.0
903.0	111.0
904.0	100.0
905.0	110.0
906.0	90.0
907.0	98.0
908.0	89.0
909.0	87.0
910.0	110.0
911.0	114.0
912.0	99.0
913.0	97.0
914.0	97.0
915.0	96.0
916.0	109.0
917.0	81.0
918.0	117.0
919.0	87.0
920.0	115.0
921.0	92.0
922.0	99.0
923.0	97.0
924.0	87.0
925.0	94.0
926.0	79.0
927.0	100.0
928.0	92.0
929.0	105.0
930.0	106.0
931.0	104.0
932.0	102.0
933.0	96.0
934.0	94.0
935.0	87.0
936.0	105.0
937.0	89.0
938.0	106.0
939.0	95.0
940.0	92.0
941.0	94.0
942.0	99.0
943.0	108.0
944.0	97.0
945.0	99.0
946.0	85.0
947.0	99.0
948.0	106.0
949.0	80.0
950.0	77.0
951.0	93.0
952.0	94.0
953.0	102.0
954.0	103.0
955.0	112.0
956.0	88.0
957.0	90.0
958.0	91.0
959.0	98.0
960.0	101.0
961.0	88.0
962.0	76.0
963.0	84.0
964.0	87.0
965.0	92.0
966.0	85.0
967.0	93.0
968.0	89.0
969.0	88.0
970.0	97.0
971.0	99.0
972.0	100.0
973.0	103.0
974.0	102.0
975.0	79.0
976.0	91.0
977.0	80.0
978.0	69.0
979.0	104.0
980.0	76.0
981.0	101.0
982.0	100.0
983.0	78.0
984.0	73.0
985.0	85.0
986.0	88.0
987.0	81.0
988.0	89.0
989.0	93.0
990.0	73.0
991.0	77.0
992.0	77.0
993.0	86.0
994.0	96.0
995.0	77.0
996.0	93.0
997.0	98.0
998.0	91.0
999.0	97.0
1000.0	87.0
1001.0	95.0
1002.0	97.0
1003.0	80.0
1004.0	94.0
1005.0	72.0
1006.0	91.0
1007.0	82.0
1008.0	86.0
1009.0	84.0
1010.0	73.0
1011.0	86.0
1012.0	84.0
1013.0	91.0
1014.0	71.0
1015.0	81.0
1016.0	77.0
1017.0	84.0
1018.0	74.0
1019.0	85.0
1020.0	86.0
1021.0	82.0
1022.0	76.0
1023.0	74.0
1024.0	82.0
1025.0	79.0
1026.0	55.0
1027.0	66.0
1028.0	66.0
1029.0	62.0
1030.0	71.0
1031.0	82.0
1032.0	61.0
1033.0	78.0
1034.0	76.0
1035.0	94.0
1036.0	68.0
1037.0	73.0
1038.0	79.0
1039.0	70.0
1040.0	66.0
1041.0	75.0
1042.0	74.0
1043.0	81.0
1044.0	74.0
1045.0	78.0
1046.0	72.0
1047.0	71.0
1048.0	71.0
1049.0	71.0
1050.0	63.0
1051.0	79.0
1052.0	73.0
1053.0	85.0
1054.0	72.0
1055.0	77.0
1056.0	74.0
1057.0	74.0
1058.0	65.0
1059.0	76.0
1060.0	73.0
1061.0	79.0
1062.0	81.0
1063.0	87.0
1064.0	72.0
1065.0	68.0
1066.0	73.0
1067.0	73.0
1068.0	90.0
1069.0	63.0
1070.0	65.0
1071.0	64.0
1072.0	64.0
1073.0	87.0
1074.0	65.0
1075.0	82.0
1076.0	61.0
1077.0	71.0
1078.0	64.0
1079.0	53.0
1080.0	44.0
1081.0	67.0
1082.0	61.0
1083.0	63.0
1084.0	57.0
1085.0	62.0
1086.0	74.0
1087.0	65.0
1088.0	60.0
1089.0	59.0
1090.0	65.0
1091.0	67.0
1092.0	79.0
1093.0	84.0
1094.0	58.0
1095.0	80.0
1096.0	51.0
1097.0	60.0
1098.0	68.0
1099.0	70.0
1100.0	61.0
1101.0	66.0
1102.0	61.0
1103.0	71.0
1104.0	48.0
1105.0	58.0
1106.0	61.0
1107.0	65.0
1108.0	60.0
1109.0	63.0
1110.0	47.0
1111.0	54.0
1112.0	70.0
1113.0	55.0
1114.0	47.0
1115.0	62.0
1116.0	59.0
1117.0	57.0
1118.0	47.0
1119.0	51.0
1120.0	48.0
1121.0	59.0
1122.0	59.0
1123.0	43.0
1124.0	46.0
1125.0	64.0
1126.0	63.0
1127.0	50.0
1128.0	44.0
1129.0	49.0
1130.0	54.0
1131.0	64.0
1132.0	61.0
1133.0	71.0
1134.0	44.0
1135.0	50.0
1136.0	55.0
1137.0	49.0
1138.0	59.0
1139.0	79.0
1140.0	58.0
1141.0	54.0
1142.0	59.0
1143.0	62.0
1144.0	57.0
1145.0	70.0
1146.0	52.0
1147.0	67.0
1148.0	60.0
1149.0	55.0
1150.0	82.0
1151.0	53.0
1152.0	63.0
1153.0	51.0
1154.0	66.0
1155.0	52.0
1156.0	50.0
1157.0	60.0
1158.0	53.0
1159.0	57.0
1160.0	55.0
1161.0	62.0
1162.0	69.0
1163.0	46.0
1164.0	49.0
1165.0	52.0
1166.0	56.0
1167.0	66.0
1168.0	56.0
1169.0	53.0
1170.0	52.0
1171.0	49.0
1172.0	55.0
1173.0	53.0
1174.0	53.0
1175.0	47.0
1176.0	64.0
1177.0	48.0
1178.0	53.0
1179.0	51.0
1180.0	46.0
1181.0	44.0
1182.0	62.0
1183.0	55.0
1184.0	50.0
1185.0	52.0
1186.0	55.0
1187.0	57.0
1188.0	49.0
1189.0	48.0
1190.0	51.0
1191.0	53.0
1192.0	63.0
1193.0	45.0
1194.0	58.0
1195.0	64.0
1196.0	45.0
1197.0	50.0
1198.0	51.0
1199.0	77.0
1200.0	60.0
1201.0	61.0
1202.0	48.0
1203.0	57.0
1204.0	49.0
1205.0	60.0
1206.0	55.0
1207.0	57.0
1208.0	71.0
1209.0	49.0
1210.0	47.0
1211.0	50.0
1212.0	51.0
1213.0	58.0
1214.0	55.0
1215.0	58.0
1216.0	46.0
1217.0	51.0
1218.0	46.0
1219.0	49.0
1220.0	51.0
1221.0	50.0
1222.0	40.0
1223.0	38.0
1224.0	44.0
1225.0	43.0
1226.0	35.0
1227.0	40.0
1228.0	42.0
1229.0	49.0
1230.0	44.0
1231.0	41.0
1232.0	38.0
1233.0	53.0
1234.0	51.0
1235.0	54.0
1236.0	38.0
1237.0	52.0
1238.0	43.0
1239.0	47.0
1240.0	38.0
1241.0	53.0
1242.0	46.0
1243.0	45.0
1244.0	41.0
1245.0	38.0
1246.0	43.0
1247.0	48.0
1248.0	39.0
1249.0	54.0
1250.0	53.0
1251.0	58.0
1252.0	41.0
1253.0	47.0
1254.0	31.0
1255.0	48.0
1256.0	43.0
1257.0	31.0
1258.0	48.0
1259.0	44.0
1260.0	40.0
1261.0	41.0
1262.0	49.0
1263.0	38.0
1264.0	35.0
1265.0	35.0
1266.0	50.0
1267.0	32.0
1268.0	42.0
1269.0	39.0
1270.0	32.0
1271.0	42.0
1272.0	38.0
1273.0	43.0
1274.0	48.0
1275.0	38.0
1276.0	37.0
1277.0	38.0
1278.0	47.0
1279.0	34.0
1280.0	41.0
1281.0	39.0
1282.0	55.0
1283.0	38.0
1284.0	38.0
1285.0	51.0
1286.0	41.0
1287.0	32.0
1288.0	27.0
1289.0	33.0
1290.0	41.0
1291.0	27.0
1292.0	33.0
1293.0	37.0
1294.0	40.0
1295.0	44.0
1296.0	38.0
1297.0	33.0
1298.0	34.0
1299.0	36.0
1300.0	34.0
1301.0	38.0
1302.0	39.0
1303.0	46.0
1304.0	28.0
1305.0	43.0
1306.0	35.0
1307.0	25.0
1308.0	34.0
1309.0	31.0
1310.0	39.0
1311.0	38.0
1312.0	37.0
1313.0	33.0
1314.0	28.0
1315.0	36.0
1316.0	35.0
1317.0	24.0
1318.0	36.0
1319.0	38.0
1320.0	34.0
1321.0	40.0
1322.0	30.0
1323.0	28.0
1324.0	32.0
1325.0	28.0
1326.0	25.0
1327.0	37.0
1328.0	37.0
1329.0	35.0
1330.0	24.0
1331.0	35.0
1332.0	22.0
1333.0	41.0
1334.0	25.0
1335.0	27.0
1336.0	24.0
1337.0	36.0
1338.0	44.0
1339.0	33.0
1340.0	34.0
1341.0	21.0
1342.0	29.0
1343.0	27.0
1344.0	20.0
1345.0	28.0
1346.0	27.0
1347.0	22.0
1348.0	32.0
1349.0	30.0
1350.0	29.0
1351.0	29.0
1352.0	27.0
1353.0	26.0
1354.0	32.0
1355.0	28.0
1356.0	32.0
1357.0	19.0
1358.0	25.0
1359.0	26.0
1360.0	31.0
1361.0	22.0
1362.0	35.0
1363.0	28.0
1364.0	34.0
1365.0	38.0
1366.0	31.0
1367.0	35.0
1368.0	27.0
1369.0	31.0
1370.0	32.0
1371.0	27.0
1372.0	33.0
1373.0	24.0
1374.0	37.0
1375.0	24.0
1376.0	32.0
1377.0	30.0
1378.0	40.0
1379.0	35.0
1380.0	30.0
1381.0	26.0
1382.0	39.0
1383.0	33.0
1384.0	28.0
1385.0	59.0
1386.0	28.0
1387.0	34.0
1388.0	36.0
1389.0	32.0
1390.0	28.0
1391.0	25.0
1392.0	37.0
1393.0	29.0
1394.0	25.0
1395.0	30.0
1396.0	33.0
1397.0	32.0
1398.0	26.0
1399.0	30.0
1400.0	32.0
1401.0	35.0
1402.0	25.0
1403.0	29.0
1404.0	23.0
1405.0	34.0
1406.0	35.0
1407.0	31.0
1408.0	36.0
1409.0	41.0
1410.0	30.0
1411.0	34.0
1412.0	32.0
1413.0	33.0
1414.0	39.0
1415.0	34.0
1416.0	32.0
1417.0	32.0
1418.0	23.0
1419.0	35.0
1420.0	36.0
1421.0	30.0
1422.0	38.0
1423.0	37.0
1424.0	33.0
1425.0	40.0
1426.0	29.0
1427.0	31.0
1428.0	34.0
1429.0	38.0
1430.0	39.0
1431.0	37.0
1432.0	41.0
1433.0	36.0
1434.0	35.0
1435.0	28.0
1436.0	39.0
1437.0	35.0
1438.0	29.0
1439.0	33.0
1440.0	28.0
1441.0	32.0
1442.0	30.0
1443.0	30.0
1444.0	25.0
1445.0	34.0
1446.0	42.0
1447.0	30.0
1448.0	26.0
1449.0	43.0
1450.0	29.0
1451.0	26.0
1452.0	29.0
1453.0	29.0
1454.0	28.0
1455.0	30.0
1456.0	32.0
1457.0	29.0
1458.0	28.0
1459.0	26.0
1460.0	25.0
1461.0	23.0
1462.0	23.0
1463.0	38.0
1464.0	27.0
1465.0	32.0
1466.0	33.0
1467.0	34.0
1468.0	32.0
1469.0	22.0
1470.0	27.0
1471.0	28.0
1472.0	20.0
1473.0	32.0
1474.0	25.0
1475.0	25.0
1476.0	22.0
1477.0	29.0
1478.0	27.0
1479.0	29.0
1480.0	25.0
1481.0	32.0
1482.0	25.0
1483.0	33.0
1484.0	40.0
1485.0	40.0
1486.0	37.0
1487.0	33.0
1488.0	38.0
1489.0	32.0
1490.0	41.0
1491.0	31.0
1492.0	24.0
1493.0	47.0
1494.0	42.0
1495.0	36.0
1496.0	43.0
1497.0	29.0
1498.0	32.0
1499.0	40.0
1500.0	37.0
1501.0	41.0
1502.0	39.0
1503.0	38.0
1504.0	37.0
1505.0	26.0
1506.0	43.0
1507.0	26.0
1508.0	33.0
1509.0	38.0
1510.0	32.0
1511.0	38.0
1512.0	21.0
1513.0	28.0
1514.0	25.0
1515.0	22.0
1516.0	33.0
1517.0	38.0
1518.0	23.0
1519.0	26.0
1520.0	20.0
1521.0	25.0
1522.0	30.0
1523.0	27.0
1524.0	27.0
1525.0	31.0
1526.0	27.0
1527.0	23.0
1528.0	34.0
1529.0	27.0
1530.0	27.0
1531.0	18.0
1532.0	30.0
1533.0	31.0
1534.0	19.0
1535.0	27.0
1536.0	32.0
1537.0	28.0
1538.0	28.0
1539.0	34.0
1540.0	32.0
1541.0	26.0
1542.0	27.0
1543.0	43.0
1544.0	22.0
1545.0	29.0
1546.0	30.0
1547.0	28.0
1548.0	27.0
1549.0	31.0
1550.0	34.0
1551.0	34.0
1552.0	35.0
1553.0	39.0
1554.0	45.0
1555.0	33.0
1556.0	29.0
1557.0	34.0
1558.0	32.0
1559.0	35.0
1560.0	30.0
1561.0	45.0
1562.0	28.0
1563.0	33.0
1564.0	25.0
1565.0	25.0
1566.0	40.0
1567.0	16.0
1568.0	35.0
1569.0	34.0
1570.0	21.0
1571.0	22.0
1572.0	32.0
1573.0	21.0
1574.0	31.0
1575.0	27.0
1576.0	31.0
1577.0	25.0
1578.0	19.0
1579.0	16.0
1580.0	29.0
1581.0	28.0
1582.0	32.0
1583.0	18.0
1584.0	23.0
1585.0	21.0
1586.0	17.0
1587.0	22.0
1588.0	16.0
1589.0	28.0
1590.0	29.0
1591.0	24.0
1592.0	23.0
1593.0	23.0
1594.0	29.0
1595.0	31.0
1596.0	24.0
1597.0	15.0
1598.0	25.0
1599.0	24.0
1600.0	23.0
1601.0	16.0
1602.0	23.0
1603.0	15.0
1604.0	22.0
1605.0	24.0
1606.0	27.0
1607.0	28.0
1608.0	16.0
1609.0	23.0
1610.0	18.0
1611.0	21.0
1612.0	19.0
1613.0	14.0
1614.0	12.0
1615.0	22.0
1616.0	18.0
1617.0	16.0
1618.0	17.0
1619.0	15.0
1620.0	21.0
1621.0	18.0
1622.0	15.0
1623.0	22.0
1624.0	31.0
1625.0	31.0
1626.0	20.0
1627.0	22.0
1628.0	17.0
1629.0	21.0
1630.0	19.0
1631.0	28.0
1632.0	26.0
1633.0	17.0
1634.0	27.0
1635.0	24.0
1636.0	22.0
1637.0	24.0
1638.0	22.0
1639.0	20.0
1640.0	28.0
1641.0	14.0
1642.0	22.0
1643.0	25.0
1644.0	22.0
1645.0	23.0
1646.0	20.0
1647.0	31.0
1648.0	23.0
1649.0	26.0
1650.0	20.0
1651.0	29.0
1652.0	17.0
1653.0	29.0
1654.0	22.0
1655.0	27.0
1656.0	22.0
1657.0	26.0
1658.0	14.0
1659.0	23.0
1660.0	27.0
1661.0	11.0
1662.0	20.0
1663.0	21.0
1664.0	24.0
1665.0	26.0
1666.0	17.0
1667.0	18.0
1668.0	33.0
1669.0	16.0
1670.0	23.0
1671.0	19.0
1672.0	19.0
1673.0	15.0
1674.0	16.0
1675.0	18.0
1676.0	27.0
1677.0	15.0
1678.0	19.0
1679.0	23.0
1680.0	22.0
1681.0	24.0
1682.0	30.0
1683.0	17.0
1684.0	22.0
1685.0	16.0
1686.0	25.0
1687.0	18.0
1688.0	19.0
1689.0	24.0
1690.0	16.0
1691.0	12.0
1692.0	16.0
1693.0	24.0
1694.0	29.0
1695.0	17.0
1696.0	19.0
1697.0	20.0
1698.0	20.0
1699.0	29.0
1700.0	16.0
1701.0	26.0
1702.0	11.0
1703.0	21.0
1704.0	21.0
1705.0	20.0
1706.0	27.0
1707.0	19.0
1708.0	17.0
1709.0	29.0
1710.0	19.0
1711.0	27.0
1712.0	23.0
1713.0	17.0
1714.0	24.0
1715.0	27.0
1716.0	18.0
1717.0	29.0
1718.0	23.0
1719.0	29.0
1720.0	25.0
1721.0	24.0
1722.0	25.0
1723.0	28.0
1724.0	34.0
1725.0	23.0
1726.0	20.0
1727.0	27.0
1728.0	26.0
1729.0	24.0
1730.0	17.0
1731.0	29.0
1732.0	23.0
1733.0	23.0
1734.0	18.0
1735.0	12.0
1736.0	16.0
1737.0	12.0
1738.0	20.0
1739.0	33.0
1740.0	17.0
1741.0	21.0
1742.0	18.0
1743.0	22.0
1744.0	15.0
1745.0	15.0
1746.0	30.0
1747.0	21.0
1748.0	26.0
1749.0	19.0
1750.0	26.0
1751.0	17.0
1752.0	17.0
1753.0	13.0
1754.0	17.0
1755.0	22.0
1756.0	19.0
1757.0	17.0
1758.0	20.0
1759.0	16.0
1760.0	21.0
1761.0	18.0
1762.0	17.0
1763.0	13.0
1764.0	20.0
1765.0	19.0
1766.0	18.0
1767.0	12.0
1768.0	17.0
1769.0	21.0
1770.0	17.0
1771.0	18.0
1772.0	18.0
1773.0	15.0
1774.0	12.0
1775.0	16.0
1776.0	12.0
1777.0	14.0
1778.0	16.0
1779.0	14.0
1780.0	16.0
1781.0	14.0
1782.0	17.0
1783.0	12.0
1784.0	21.0
1785.0	22.0
1786.0	16.0
1787.0	16.0
1788.0	18.0
1789.0	15.0
1790.0	12.0
1791.0	19.0
1792.0	10.0
1793.0	16.0
1794.0	18.0
1795.0	12.0
1796.0	10.0
1797.0	12.0
1798.0	13.0
1799.0	13.0
1800.0	19.0
1801.0	17.0
1802.0	13.0
1803.0	16.0
1804.0	14.0
1805.0	15.0
1806.0	12.0
1807.0	13.0
1808.0	8.0
1809.0	16.0
1810.0	12.0
1811.0	16.0
1812.0	18.0
1813.0	18.0
1814.0	14.0
1815.0	18.0
1816.0	15.0
1817.0	13.0
1818.0	17.0
1819.0	15.0
1820.0	13.0
1821.0	11.0
1822.0	18.0
1823.0	8.0
1824.0	12.0
1825.0	17.0
1826.0	11.0
1827.0	10.0
1828.0	20.0
1829.0	15.0
1830.0	15.0
1831.0	8.0
1832.0	12.0
1833.0	11.0
1834.0	11.0
1835.0	10.0
1836.0	16.0
1837.0	27.0
1838.0	13.0
1839.0	20.0
1840.0	14.0
1841.0	9.0
1842.0	17.0
1843.0	18.0
1844.0	19.0
1845.0	23.0
1846.0	14.0
1847.0	20.0
1848.0	18.0
1849.0	19.0
1850.0	7.0
1851.0	18.0
1852.0	19.0
1853.0	14.0
1854.0	5.0
1855.0	17.0
1856.0	16.0
1857.0	20.0
1858.0	11.0
1859.0	14.0
1860.0	15.0
1861.0	6.0
1862.0	12.0
1863.0	17.0
1864.0	19.0
1865.0	20.0
1866.0	14.0
1867.0	24.0
1868.0	16.0
1869.0	11.0
1870.0	13.0
1871.0	22.0
1872.0	15.0
1873.0	17.0
1874.0	15.0
1875.0	20.0
1876.0	20.0
1877.0	11.0
1878.0	17.0
1879.0	18.0
1880.0	18.0
1881.0	21.0
1882.0	21.0
1883.0	22.0
1884.0	9.0
1885.0	14.0
1886.0	15.0
1887.0	21.0
1888.0	13.0
1889.0	19.0
1890.0	22.0
1891.0	16.0
1892.0	24.0
1893.0	19.0
1894.0	17.0
1895.0	25.0
1896.0	22.0
1897.0	12.0
1898.0	25.0
1899.0	22.0
1900.0	26.0
1901.0	14.0
1902.0	22.0
1903.0	24.0
1904.0	17.0
1905.0	23.0
1906.0	12.0
1907.0	24.0
1908.0	21.0
1909.0	10.0
1910.0	26.0
1911.0	20.0
1912.0	20.0
1913.0	21.0
1914.0	24.0
1915.0	13.0
1916.0	16.0
1917.0	22.0
1918.0	15.0
1919.0	18.0
1920.0	18.0
1921.0	12.0
1922.0	17.0
1923.0	21.0
1924.0	13.0
1925.0	11.0
1926.0	11.0
1927.0	11.0
1928.0	14.0
1929.0	19.0
1930.0	14.0
1931.0	15.0
1932.0	21.0
1933.0	19.0
1934.0	11.0
1935.0	20.0
1936.0	17.0
1937.0	12.0
1938.0	22.0
1939.0	16.0
1940.0	16.0
1941.0	24.0
1942.0	15.0
1943.0	22.0
1944.0	22.0
1945.0	24.0
1946.0	26.0
1947.0	24.0
1948.0	18.0
1949.0	17.0
1950.0	21.0
1951.0	20.0
1952.0	27.0
1953.0	16.0
1954.0	21.0
1955.0	17.0
1956.0	19.0
1957.0	13.0
1958.0	19.0
1959.0	15.0
1960.0	23.0
1961.0	13.0
1962.0	12.0
1963.0	11.0
1964.0	10.0
1965.0	13.0
1966.0	14.0
1967.0	14.0
1968.0	21.0
1969.0	15.0
1970.0	20.0
1971.0	12.0
1972.0	18.0
1973.0	20.0
1974.0	13.0
1975.0	10.0
1976.0	15.0
1977.0	14.0
1978.0	20.0
1979.0	21.0
1980.0	12.0
1981.0	11.0
1982.0	24.0
1983.0	18.0
1984.0	20.0
1985.0	18.0
1986.0	10.0
1987.0	18.0
1988.0	16.0
1989.0	11.0
1990.0	16.0
1991.0	17.0
1992.0	13.0
1993.0	17.0
1994.0	10.0
1995.0	14.0
1996.0	17.0
1997.0	14.0
1998.0	12.0
1999.0	11.0
2000.0	11.0
2001.0	15.0
2002.0	17.0
2003.0	12.0
2004.0	16.0
2005.0	22.0
2006.0	25.0
2007.0	19.0
2008.0	13.0
2009.0	21.0
2010.0	15.0
2011.0	17.0
2012.0	17.0
2013.0	17.0
2014.0	12.0
2015.0	22.0
2016.0	8.0
2017.0	12.0
2018.0	10.0
2019.0	11.0
2020.0	11.0
2021.0	12.0
2022.0	13.0
2023.0	11.0
2024.0	13.0
2025.0	10.0
2026.0	9.0
2027.0	11.0
2028.0	8.0
2029.0	7.0
2030.0	16.0
2031.0	17.0
2032.0	13.0
2033.0	7.0
2034.0	14.0
2035.0	17.0
2036.0	14.0
2037.0	13.0
2038.0	12.0
2039.0	11.0
2040.0	12.0
2041.0	10.0
2042.0	11.0
2043.0	11.0
2044.0	6.0
2045.0	7.0
2046.0	12.0
2047.0	11.0
2048.0	1.0
2049.0	7.0
2050.0	3.0
2051.0	4.0
2052.0	12.0
2053.0	8.0
2054.0	10.0
2055.0	15.0
2056.0	6.0
2057.0	12.0
2058.0	9.0
2059.0	2.0
2060.0	9.0
2061.0	6.0
2062.0	8.0
2063.0	9.0
2064.0	7.0
2065.0	5.0
2066.0	8.0
2067.0	14.0
2068.0	7.0
2069.0	8.0
2070.0	12.0
2071.0	6.0
2072.0	8.0
2073.0	11.0
2074.0	8.0
2075.0	5.0
2076.0	5.0
2077.0	8.0
2078.0	10.0
2079.0	12.0
2080.0	8.0
2081.0	8.0
2082.0	16.0
2083.0	10.0
2084.0	7.0
2085.0	13.0
2086.0	7.0
2087.0	14.0
2088.0	13.0
2089.0	16.0
2090.0	16.0
2091.0	9.0
2092.0	12.0
2093.0	10.0
2094.0	11.0
2095.0	14.0
2096.0	11.0
2097.0	13.0
2098.0	15.0
2099.0	5.0
2100.0	6.0
2101.0	10.0
2102.0	9.0
2103.0	9.0
2104.0	10.0
2105.0	9.0
2106.0	17.0
2107.0	13.0
2108.0	9.0
2109.0	9.0
2110.0	9.0
2111.0	15.0
2112.0	13.0
2113.0	11.0
2114.0	13.0
2115.0	11.0
2116.0	21.0
2117.0	13.0
2118.0	11.0
2119.0	11.0
2120.0	8.0
2121.0	12.0
2122.0	10.0
2123.0	9.0
2124.0	7.0
2125.0	8.0
2126.0	14.0
2127.0	6.0
2128.0	9.0
2129.0	15.0
2130.0	4.0
2131.0	9.0
2132.0	11.0
2133.0	7.0
2134.0	14.0
2135.0	11.0
2136.0	6.0
2137.0	10.0
2138.0	7.0
2139.0	12.0
2140.0	3.0
2141.0	8.0
2142.0	12.0
2143.0	13.0
2144.0	9.0
2145.0	7.0
2146.0	8.0
2147.0	9.0
2148.0	8.0
2149.0	6.0
2150.0	12.0
2151.0	4.0
2152.0	8.0
2153.0	9.0
2154.0	14.0
2155.0	13.0
2156.0	11.0
2157.0	8.0
2158.0	8.0
2159.0	10.0
2160.0	11.0
2161.0	7.0
2162.0	10.0
2163.0	5.0
2164.0	10.0
2165.0	8.0
2166.0	11.0
2167.0	13.0
2168.0	14.0
2169.0	13.0
2170.0	12.0
2171.0	8.0
2172.0	7.0
2173.0	6.0
2174.0	9.0
2175.0	12.0
2176.0	11.0
2177.0	7.0
2178.0	13.0
2179.0	8.0
2180.0	13.0
2181.0	5.0
2182.0	15.0
2183.0	11.0
2184.0	8.0
2185.0	5.0
2186.0	12.0
2187.0	4.0
2188.0	10.0
2189.0	7.0
2190.0	11.0
2191.0	14.0
2192.0	19.0
2193.0	11.0
2194.0	12.0
2195.0	8.0
2196.0	12.0
2197.0	10.0
2198.0	2.0
2199.0	11.0
2200.0	18.0
2201.0	10.0
2202.0	20.0
2203.0	6.0
2204.0	8.0
2205.0	8.0
2206.0	5.0
2207.0	12.0
2208.0	3.0
2209.0	4.0
2210.0	12.0
2211.0	7.0
2212.0	6.0
2213.0	8.0
2214.0	13.0
2215.0	6.0
2216.0	8.0
2217.0	16.0
2218.0	8.0
2219.0	6.0
2220.0	8.0
2221.0	17.0
2222.0	7.0
2223.0	3.0
2224.0	4.0
2225.0	11.0
2226.0	12.0
2227.0	5.0
2228.0	6.0
2229.0	6.0
2230.0	11.0
2231.0	9.0
2232.0	9.0
2233.0	7.0
2234.0	9.0
2235.0	14.0
2236.0	5.0
2237.0	12.0
2238.0	8.0
2239.0	6.0
2241.0	6.0
2242.0	6.0
2243.0	11.0
2244.0	5.0
2245.0	7.0
2246.0	6.0
2247.0	9.0
2248.0	7.0
2249.0	9.0
2250.0	10.0
2251.0	12.0
2252.0	8.0
2253.0	10.0
2254.0	12.0
2255.0	14.0
2256.0	13.0
2257.0	8.0
2258.0	9.0
2259.0	1.0
2260.0	7.0
2261.0	8.0
2262.0	10.0
2263.0	5.0
2264.0	4.0
2265.0	8.0
2266.0	8.0
2267.0	9.0
2268.0	4.0
2269.0	9.0
2270.0	7.0
2271.0	3.0
2272.0	8.0
2273.0	11.0
2274.0	13.0
2275.0	4.0
2276.0	9.0
2277.0	4.0
2278.0	7.0
2279.0	11.0
2280.0	4.0
2281.0	7.0
2282.0	8.0
2283.0	8.0
2284.0	3.0
2285.0	7.0
2286.0	8.0
2287.0	10.0
2288.0	8.0
2289.0	8.0
2290.0	11.0
2291.0	5.0
2292.0	13.0
2293.0	8.0
2294.0	6.0
2295.0	6.0
2296.0	5.0
2297.0	6.0
2298.0	8.0
2299.0	6.0
2300.0	10.0
2301.0	9.0
2302.0	6.0
2303.0	3.0
2304.0	9.0
2305.0	5.0
2306.0	5.0
2307.0	4.0
2308.0	8.0
2309.0	5.0
2310.0	6.0
2311.0	7.0
2312.0	4.0
2313.0	6.0
2314.0	7.0
2315.0	9.0
2316.0	10.0
2317.0	4.0
2318.0	10.0
2319.0	7.0
2320.0	9.0
2321.0	9.0
2322.0	3.0
2323.0	6.0
2324.0	6.0
2325.0	6.0
2326.0	13.0
2327.0	6.0
2328.0	7.0
2329.0	1.0
2330.0	9.0
2331.0	8.0
2332.0	8.0
2333.0	8.0
2334.0	6.0
2335.0	16.0
2336.0	5.0
2337.0	8.0
2338.0	4.0
2339.0	9.0
2340.0	6.0
2341.0	6.0
2342.0	10.0
2343.0	5.0
2344.0	4.0
2345.0	9.0
2346.0	13.0
2347.0	3.0
2348.0	8.0
2349.0	7.0
2350.0	13.0
2351.0	6.0
2352.0	9.0
2353.0	7.0
2354.0	10.0
2355.0	6.0
2356.0	13.0
2357.0	7.0
2358.0	5.0
2359.0	8.0
2360.0	8.0
2361.0	9.0
2362.0	8.0
2363.0	5.0
2364.0	4.0
2365.0	8.0
2366.0	8.0
2367.0	12.0
2368.0	6.0
2369.0	8.0
2370.0	13.0
2371.0	11.0
2372.0	4.0
2373.0	9.0
2374.0	7.0
2375.0	16.0
2376.0	7.0
2377.0	6.0
2378.0	7.0
2379.0	13.0
2380.0	9.0
2381.0	8.0
2382.0	9.0
2383.0	10.0
2384.0	5.0
2385.0	8.0
2386.0	8.0
2387.0	9.0
2388.0	5.0
2389.0	9.0
2390.0	10.0
2391.0	9.0
2392.0	3.0
2393.0	9.0
2394.0	5.0
2395.0	8.0
2396.0	1.0
2397.0	12.0
2398.0	8.0
2399.0	5.0
2400.0	6.0
2401.0	10.0
2402.0	10.0
2403.0	12.0
2404.0	3.0
2405.0	7.0
2406.0	7.0
2407.0	8.0
2408.0	7.0
2409.0	6.0
2410.0	13.0
2411.0	6.0
2412.0	11.0
2413.0	10.0
2414.0	9.0
2415.0	11.0
2416.0	7.0
2417.0	6.0
2418.0	2.0
2419.0	8.0
2420.0	6.0
2421.0	7.0
2422.0	8.0
2423.0	7.0
2424.0	9.0
2425.0	7.0
2426.0	11.0
2427.0	8.0
2428.0	6.0
2429.0	6.0
2430.0	7.0
2431.0	6.0
2432.0	5.0
2433.0	7.0
2434.0	7.0
2435.0	5.0
2436.0	7.0
2437.0	4.0
2438.0	8.0
2439.0	7.0
2440.0	11.0
2441.0	12.0
2442.0	9.0
2443.0	4.0
2444.0	7.0
2445.0	12.0
2446.0	3.0
2447.0	1.0
2448.0	3.0
2449.0	5.0
2450.0	4.0
2451.0	9.0
2452.0	8.0
2453.0	6.0
2454.0	8.0
2455.0	6.0
2456.0	4.0
2457.0	7.0
2458.0	5.0
2459.0	5.0
2460.0	7.0
2461.0	3.0
2462.0	5.0
2463.0	9.0
2464.0	4.0
2465.0	9.0
2466.0	5.0
2467.0	3.0
2468.0	5.0
2469.0	4.0
2470.0	7.0
2471.0	7.0
2472.0	5.0
2473.0	7.0
2474.0	9.0
2475.0	7.0
2476.0	5.0
2477.0	7.0
2478.0	3.0
2479.0	6.0
2480.0	4.0
2481.0	7.0
2482.0	2.0
2483.0	12.0
2484.0	6.0
2485.0	4.0
2486.0	9.0
2487.0	7.0
2488.0	8.0
2489.0	3.0
2490.0	2.0
2491.0	8.0
2492.0	10.0
2493.0	12.0
2494.0	6.0
2495.0	9.0
2496.0	13.0
2497.0	9.0
2498.0	8.0
2499.0	5.0
2500.0	3.0
2501.0	3.0
2502.0	2.0
2503.0	5.0
2504.0	6.0
2505.0	6.0
2506.0	15.0
2507.0	8.0
2508.0	4.0
2509.0	9.0
2510.0	4.0
2511.0	8.0
2512.0	6.0
2513.0	7.0
2514.0	6.0
2515.0	9.0
2516.0	7.0
2517.0	12.0
2518.0	8.0
2519.0	8.0
2520.0	13.0
2521.0	5.0
2522.0	2.0
2523.0	10.0
2524.0	9.0
2525.0	6.0
2526.0	6.0
2527.0	9.0
2528.0	7.0
2529.0	9.0
2530.0	12.0
2531.0	10.0
2532.0	4.0
2533.0	9.0
2534.0	3.0
2535.0	6.0
2536.0	7.0
2537.0	11.0
2538.0	3.0
2539.0	8.0
2540.0	7.0
2541.0	4.0
2542.0	9.0
2543.0	9.0
2544.0	7.0
2545.0	7.0
2546.0	7.0
2547.0	5.0
2548.0	10.0
2549.0	3.0
2550.0	3.0
2551.0	6.0
2552.0	7.0
2553.0	10.0
2554.0	10.0
2555.0	5.0
2556.0	7.0
2557.0	4.0
2558.0	3.0
2559.0	3.0
2560.0	11.0
2561.0	5.0
2562.0	8.0
2563.0	10.0
2564.0	4.0
2565.0	4.0
2566.0	8.0
2567.0	8.0
2568.0	5.0
2569.0	6.0
2570.0	6.0
2571.0	4.0
2572.0	2.0
2573.0	7.0
2574.0	6.0
2575.0	3.0
2576.0	4.0
2577.0	7.0
2578.0	4.0
2579.0	3.0
2580.0	3.0
2581.0	9.0
2582.0	5.0
2583.0	5.0
2584.0	5.0
2585.0	9.0
2586.0	4.0
2587.0	5.0
2588.0	10.0
2589.0	8.0
2590.0	7.0
2591.0	5.0
2592.0	9.0
2593.0	5.0
2594.0	4.0
2595.0	8.0
2596.0	9.0
2597.0	7.0
2598.0	5.0
2599.0	5.0
2600.0	7.0
2601.0	7.0
2602.0	1.0
2603.0	6.0
2604.0	7.0
2605.0	5.0
2606.0	5.0
2607.0	7.0
2608.0	4.0
2609.0	13.0
2610.0	5.0
2611.0	7.0
2612.0	2.0
2613.0	7.0
2614.0	10.0
2615.0	6.0
2616.0	6.0
2617.0	4.0
2618.0	9.0
2619.0	3.0
2620.0	6.0
2621.0	4.0
2622.0	3.0
2623.0	4.0
2624.0	4.0
2625.0	6.0
2626.0	5.0
2627.0	5.0
2628.0	5.0
2629.0	3.0
2630.0	6.0
2631.0	3.0
2632.0	8.0
2633.0	5.0
2634.0	9.0
2635.0	5.0
2636.0	4.0
2637.0	7.0
2638.0	7.0
2639.0	9.0
2640.0	11.0
2641.0	5.0
2642.0	6.0
2643.0	3.0
2644.0	4.0
2645.0	8.0
2646.0	5.0
2647.0	4.0
2648.0	9.0
2649.0	1.0
2650.0	4.0
2651.0	10.0
2652.0	7.0
2653.0	7.0
2654.0	5.0
2655.0	4.0
2656.0	4.0
2657.0	7.0
2658.0	5.0
2659.0	7.0
2660.0	8.0
2661.0	6.0
2662.0	11.0
2663.0	7.0
2664.0	3.0
2665.0	5.0
2666.0	3.0
2667.0	3.0
2668.0	6.0
2669.0	7.0
2670.0	7.0
2671.0	5.0
2672.0	7.0
2673.0	4.0
2674.0	5.0
2675.0	6.0
2676.0	7.0
2677.0	4.0
2678.0	7.0
2679.0	6.0
2680.0	10.0
2681.0	10.0
2682.0	6.0
2683.0	13.0
2684.0	10.0
2685.0	8.0
2686.0	1.0
2687.0	8.0
2688.0	11.0
2689.0	7.0
2690.0	2.0
2691.0	7.0
2692.0	6.0
2693.0	5.0
2694.0	6.0
2695.0	6.0
2696.0	3.0
2697.0	4.0
2698.0	8.0
2699.0	7.0
2700.0	5.0
2701.0	4.0
2702.0	4.0
2704.0	6.0
2705.0	8.0
2706.0	4.0
2707.0	8.0
2708.0	8.0
2709.0	4.0
2710.0	4.0
2711.0	4.0
2712.0	5.0
2713.0	2.0
2714.0	3.0
2715.0	7.0
2716.0	5.0
2717.0	2.0
2718.0	3.0
2719.0	3.0
2720.0	5.0
2721.0	3.0
2722.0	3.0
2723.0	5.0
2724.0	7.0
2725.0	3.0
2726.0	5.0
2727.0	5.0
2728.0	2.0
2729.0	4.0
2730.0	2.0
2731.0	7.0
2732.0	6.0
2733.0	4.0
2734.0	5.0
2735.0	3.0
2736.0	4.0
2737.0	4.0
2738.0	8.0
2739.0	1.0
2741.0	5.0
2742.0	7.0
2743.0	5.0
2744.0	4.0
2745.0	3.0
2746.0	7.0
2747.0	2.0
2748.0	5.0
2749.0	5.0
2750.0	2.0
2751.0	8.0
2752.0	7.0
2753.0	4.0
2754.0	3.0
2755.0	5.0
2756.0	11.0
2757.0	5.0
2758.0	4.0
2759.0	7.0
2760.0	2.0
2761.0	6.0
2762.0	4.0
2763.0	6.0
2764.0	8.0
2765.0	14.0
2766.0	4.0
2767.0	4.0
2768.0	4.0
2769.0	7.0
2770.0	7.0
2771.0	2.0
2772.0	11.0
2773.0	8.0
2774.0	11.0
2775.0	7.0
2776.0	6.0
2777.0	5.0
2778.0	3.0
2779.0	5.0
2780.0	10.0
2781.0	4.0
2782.0	6.0
2783.0	3.0
2784.0	5.0
2785.0	7.0
2786.0	5.0
2787.0	8.0
2788.0	8.0
2789.0	3.0
2790.0	7.0
2791.0	5.0
2792.0	7.0
2793.0	4.0
2794.0	8.0
2795.0	8.0
2796.0	4.0
2797.0	3.0
2798.0	4.0
2799.0	5.0
2800.0	4.0
2801.0	2.0
2802.0	7.0
2803.0	4.0
2804.0	6.0
2805.0	3.0
2806.0	7.0
2807.0	2.0
2808.0	4.0
2809.0	9.0
2810.0	6.0
2811.0	6.0
2812.0	7.0
2813.0	9.0
2814.0	4.0
2815.0	5.0
2816.0	4.0
2817.0	3.0
2818.0	1.0
2819.0	4.0
2820.0	5.0
2821.0	11.0
2822.0	7.0
2823.0	5.0
2824.0	4.0
2825.0	4.0
2826.0	4.0
2827.0	6.0
2828.0	9.0
2829.0	9.0
2830.0	1.0
2831.0	7.0
2832.0	5.0
2833.0	4.0
2834.0	6.0
2835.0	3.0
2836.0	2.0
2837.0	3.0
2838.0	3.0
2839.0	4.0
2840.0	5.0
2841.0	8.0
2842.0	4.0
2843.0	4.0
2845.0	4.0
2846.0	2.0
2847.0	3.0
2848.0	4.0
2849.0	3.0
2850.0	6.0
2851.0	6.0
2852.0	7.0
2853.0	3.0
2854.0	4.0
2855.0	2.0
2856.0	9.0
2857.0	5.0
2858.0	5.0
2859.0	4.0
2860.0	5.0
2861.0	2.0
2862.0	3.0
2863.0	5.0
2864.0	11.0
2865.0	7.0
2866.0	5.0
2867.0	4.0
2868.0	4.0
2869.0	2.0
2870.0	5.0
2871.0	5.0
2872.0	6.0
2873.0	5.0
2874.0	5.0
2875.0	7.0
2876.0	1.0
2877.0	5.0
2878.0	2.0
2879.0	6.0
2880.0	5.0
2881.0	9.0
2882.0	5.0
2883.0	1.0
2884.0	5.0
2885.0	4.0
2886.0	5.0
2887.0	3.0
2888.0	6.0
2889.0	7.0
2890.0	6.0
2891.0	4.0
2892.0	4.0
2893.0	4.0
2894.0	1.0
2895.0	8.0
2896.0	1.0
2897.0	4.0
2898.0	4.0
2899.0	4.0
2900.0	5.0
2901.0	4.0
2902.0	4.0
2903.0	2.0
2904.0	2.0
2905.0	1.0
2906.0	4.0
2907.0	5.0
2908.0	4.0
2909.0	7.0
2910.0	6.0
2911.0	8.0
2912.0	3.0
2913.0	3.0
2914.0	4.0
2915.0	6.0
2916.0	6.0
2917.0	4.0
2918.0	4.0
2919.0	6.0
2920.0	7.0
2921.0	4.0
2922.0	4.0
2923.0	7.0
2924.0	5.0
2925.0	6.0
2926.0	6.0
2927.0	1.0
2928.0	5.0
2929.0	4.0
2930.0	7.0
2931.0	4.0
2932.0	6.0
2933.0	3.0
2934.0	6.0
2935.0	1.0
2936.0	2.0
2937.0	4.0
2938.0	5.0
2939.0	8.0
2940.0	5.0
2941.0	6.0
2942.0	4.0
2943.0	9.0
2944.0	5.0
2945.0	6.0
2946.0	3.0
2947.0	9.0
2948.0	4.0
2949.0	5.0
2950.0	14.0
2952.0	9.0
2953.0	3.0
2954.0	5.0
2955.0	9.0
2956.0	2.0
2957.0	8.0
2958.0	5.0
2959.0	4.0
2960.0	2.0
2961.0	8.0
2962.0	10.0
2963.0	2.0
2964.0	7.0
2965.0	3.0
2966.0	3.0
2967.0	3.0
2968.0	1.0
2969.0	5.0
2970.0	3.0
2971.0	8.0
2972.0	3.0
2973.0	1.0
2974.0	4.0
2975.0	1.0
2976.0	3.0
2977.0	3.0
2978.0	2.0
2979.0	4.0
2980.0	3.0
2981.0	4.0
2982.0	6.0
2983.0	3.0
2984.0	4.0
2985.0	3.0
2986.0	7.0
2987.0	4.0
2988.0	4.0
2989.0	4.0
2990.0	3.0
2991.0	2.0
2992.0	6.0
2993.0	6.0
2994.0	6.0
2995.0	3.0
2996.0	6.0
2997.0	4.0
2998.0	6.0
2999.0	5.0
3000.0	3.0
3001.0	4.0
3002.0	4.0
3003.0	5.0
3004.0	4.0
3005.0	3.0
3006.0	1.0
3007.0	4.0
3008.0	2.0
3009.0	3.0
3010.0	4.0
3011.0	2.0
3012.0	4.0
3013.0	2.0
3014.0	2.0
3015.0	3.0
3016.0	1.0
3017.0	8.0
3018.0	9.0
3019.0	3.0
3020.0	3.0
3021.0	4.0
3022.0	2.0
3023.0	2.0
3024.0	2.0
3025.0	4.0
3026.0	7.0
3027.0	2.0
3028.0	5.0
3029.0	5.0
3030.0	2.0
3031.0	8.0
3032.0	4.0
3033.0	6.0
3034.0	5.0
3035.0	4.0
3036.0	3.0
3037.0	3.0
3038.0	4.0
3039.0	6.0
3040.0	5.0
3041.0	3.0
3042.0	1.0
3043.0	9.0
3044.0	2.0
3045.0	1.0
3046.0	2.0
3047.0	6.0
3048.0	2.0
3049.0	3.0
3050.0	5.0
3051.0	6.0
3052.0	3.0
3053.0	2.0
3054.0	4.0
3055.0	8.0
3056.0	10.0
3057.0	9.0
3058.0	2.0
3059.0	6.0
3060.0	3.0
3061.0	4.0
3062.0	2.0
3064.0	5.0
3065.0	2.0
3066.0	3.0
3068.0	5.0
3069.0	1.0
3070.0	1.0
3072.0	2.0
3073.0	3.0
3075.0	4.0
3076.0	2.0
3077.0	1.0
3078.0	2.0
3079.0	1.0
3080.0	2.0
3081.0	3.0
3082.0	4.0
3084.0	1.0
3085.0	5.0
3086.0	1.0
3087.0	1.0
3088.0	1.0
3089.0	3.0
3090.0	1.0
3091.0	2.0
3092.0	1.0
3093.0	1.0
3094.0	2.0
3096.0	1.0
3097.0	2.0
3098.0	3.0
3099.0	3.0
3100.0	4.0
3101.0	3.0
3102.0	1.0
3103.0	2.0
3104.0	1.0
3105.0	1.0
3106.0	3.0
3107.0	1.0
3108.0	4.0
3109.0	1.0
3110.0	1.0
3111.0	4.0
3112.0	3.0
3113.0	2.0
3114.0	3.0
3115.0	2.0
3116.0	4.0
3117.0	5.0
3120.0	1.0
3121.0	1.0
3122.0	2.0
3123.0	2.0
3124.0	3.0
3125.0	2.0
3126.0	4.0
3127.0	4.0
3128.0	4.0
3129.0	4.0
3130.0	2.0
3131.0	2.0
3132.0	3.0
3133.0	2.0
3134.0	3.0
3135.0	2.0
3136.0	3.0
3137.0	3.0
3138.0	2.0
3139.0	3.0
3140.0	4.0
3141.0	3.0
3142.0	1.0
3143.0	2.0
3144.0	2.0
3145.0	3.0
3146.0	2.0
3148.0	1.0
3149.0	2.0
3150.0	4.0
3152.0	2.0
3154.0	2.0
3155.0	3.0
3156.0	2.0
3157.0	1.0
3158.0	1.0
3161.0	4.0
3162.0	3.0
3163.0	1.0
3166.0	1.0
3167.0	1.0
3168.0	3.0
3169.0	5.0
3170.0	1.0
3171.0	3.0
3172.0	2.0
3173.0	5.0
3174.0	7.0
3175.0	1.0
3176.0	2.0
3177.0	3.0
3178.0	1.0
3179.0	2.0
3180.0	2.0
3182.0	5.0
3183.0	2.0
3184.0	4.0
3185.0	2.0
3186.0	3.0
3187.0	3.0
3188.0	2.0
3189.0	4.0
3190.0	1.0
3191.0	5.0
3192.0	1.0
3193.0	3.0
3194.0	2.0
3195.0	1.0
3196.0	2.0
3197.0	2.0
3198.0	2.0
3199.0	5.0
3200.0	1.0
3201.0	3.0
3202.0	3.0
3203.0	1.0
3204.0	7.0
3205.0	3.0
3206.0	1.0
3207.0	2.0
3208.0	5.0
3209.0	2.0
3210.0	3.0
3211.0	1.0
3212.0	3.0
3213.0	1.0
3214.0	4.0
3215.0	3.0
3216.0	5.0
3217.0	1.0
3218.0	5.0
3219.0	4.0
3220.0	3.0
3221.0	7.0
3222.0	5.0
3223.0	7.0
3224.0	6.0
3225.0	5.0
3226.0	4.0
3227.0	3.0
3228.0	4.0
3230.0	4.0
3231.0	1.0
3232.0	4.0
3233.0	2.0
3234.0	1.0
3235.0	4.0
3236.0	4.0
3237.0	3.0
3238.0	7.0
3239.0	3.0
3240.0	5.0
3241.0	3.0
3242.0	5.0
3243.0	3.0
3244.0	1.0
3245.0	2.0
3246.0	7.0
3247.0	3.0
3248.0	2.0
3249.0	4.0
3250.0	1.0
3251.0	3.0
3253.0	5.0
3254.0	1.0
3255.0	3.0
3256.0	3.0
3258.0	5.0
3259.0	3.0
3260.0	2.0
3261.0	4.0
3262.0	1.0
3263.0	1.0
3264.0	2.0
3265.0	2.0
3266.0	1.0
3267.0	3.0
3268.0	3.0
3269.0	3.0
3270.0	2.0
3271.0	1.0
3272.0	5.0
3273.0	1.0
3274.0	1.0
3275.0	1.0
3276.0	1.0
3277.0	2.0
3278.0	3.0
3279.0	1.0
3280.0	3.0
3281.0	2.0
3282.0	2.0
3283.0	4.0
3284.0	2.0
3285.0	3.0
3286.0	2.0
3287.0	4.0
3288.0	3.0
3291.0	6.0
3292.0	2.0
3294.0	2.0
3295.0	2.0
3296.0	3.0
3297.0	3.0
3298.0	1.0
3300.0	3.0
3301.0	2.0
3302.0	2.0
3303.0	1.0
3304.0	3.0
3305.0	2.0
3306.0	6.0
3307.0	3.0
3308.0	5.0
3309.0	2.0
3310.0	2.0
3311.0	1.0
3312.0	4.0
3313.0	4.0
3314.0	2.0
3315.0	2.0
3316.0	1.0
3317.0	1.0
3318.0	1.0
3320.0	2.0
3321.0	2.0
3322.0	2.0
3323.0	3.0
3324.0	2.0
3325.0	5.0
3326.0	3.0
3327.0	4.0
3328.0	3.0
3329.0	2.0
3330.0	7.0
3331.0	2.0
3333.0	2.0
3334.0	2.0
3336.0	4.0
3337.0	3.0
3338.0	2.0
3339.0	3.0
3340.0	3.0
3341.0	7.0
3342.0	2.0
3343.0	1.0
3344.0	3.0
3345.0	2.0
3346.0	2.0
3347.0	4.0
3348.0	3.0
3349.0	3.0
3350.0	1.0
3351.0	6.0
3352.0	3.0
3353.0	4.0
3354.0	2.0
3355.0	1.0
3356.0	1.0
3357.0	5.0
3358.0	4.0
3359.0	1.0
3360.0	2.0
3361.0	6.0
3362.0	5.0
3363.0	6.0
3364.0	3.0
3365.0	3.0
3366.0	2.0
3367.0	5.0
3368.0	4.0
3369.0	2.0
3370.0	4.0
3371.0	6.0
3372.0	7.0
3373.0	3.0
3374.0	7.0
3375.0	3.0
3376.0	1.0
3377.0	4.0
3378.0	6.0
3379.0	3.0
3380.0	5.0
3381.0	6.0
3382.0	1.0
3383.0	3.0
3384.0	3.0
3385.0	2.0
3386.0	7.0
3387.0	5.0
3388.0	3.0
3389.0	2.0
3390.0	3.0
3391.0	2.0
3392.0	1.0
3393.0	1.0
3395.0	4.0
3396.0	2.0
3397.0	4.0
3398.0	5.0
3399.0	1.0
3400.0	2.0
3401.0	2.0
3402.0	5.0
3403.0	6.0
3404.0	1.0
3405.0	3.0
3406.0	3.0
3407.0	2.0
3408.0	4.0
3409.0	5.0
3410.0	3.0
3411.0	3.0
3412.0	6.0
3413.0	3.0
3414.0	1.0
3416.0	1.0
3417.0	4.0
3418.0	1.0
3419.0	2.0
3420.0	4.0
3421.0	4.0
3422.0	2.0
3423.0	3.0
3424.0	3.0
3425.0	4.0
3426.0	5.0
3427.0	4.0
3428.0	3.0
3429.0	4.0
3430.0	5.0
3431.0	3.0
3432.0	1.0
3433.0	3.0
3434.0	3.0
3435.0	3.0
3436.0	4.0
3437.0	1.0
3438.0	3.0
3439.0	5.0
3440.0	3.0
3441.0	4.0
3442.0	3.0
3443.0	1.0
3444.0	2.0
3445.0	1.0
3446.0	3.0
3447.0	6.0
3448.0	1.0
3449.0	4.0
3450.0	9.0
3451.0	3.0
3452.0	4.0
3453.0	4.0
3454.0	3.0
3455.0	2.0
3456.0	5.0
3457.0	5.0
3458.0	1.0
3459.0	4.0
3460.0	3.0
3461.0	4.0
3462.0	1.0
3463.0	3.0
3464.0	1.0
3465.0	3.0
3466.0	3.0
3467.0	2.0
3468.0	3.0
3469.0	4.0
3470.0	2.0
3471.0	2.0
3472.0	2.0
3473.0	5.0
3474.0	4.0
3475.0	3.0
3476.0	3.0
3477.0	3.0
3478.0	2.0
3479.0	4.0
3480.0	2.0
3481.0	4.0
3483.0	1.0
3484.0	2.0
3485.0	4.0
3486.0	2.0
3487.0	3.0
3488.0	3.0
3489.0	4.0
3490.0	2.0
3491.0	4.0
3492.0	4.0
3493.0	2.0
3494.0	3.0
3495.0	1.0
3496.0	2.0
3497.0	3.0
3499.0	1.0
3500.0	2.0
3501.0	3.0
3502.0	1.0
3503.0	4.0
3504.0	1.0
3505.0	3.0
3507.0	4.0
3508.0	4.0
3509.0	3.0
3510.0	2.0
3511.0	5.0
3512.0	5.0
3513.0	6.0
3514.0	5.0
3515.0	4.0
3517.0	3.0
3518.0	2.0
3519.0	5.0
3520.0	2.0
3521.0	2.0
3522.0	4.0
3525.0	1.0
3526.0	1.0
3527.0	5.0
3528.0	3.0
3530.0	3.0
3531.0	2.0
3533.0	4.0
3534.0	3.0
3535.0	3.0
3536.0	2.0
3537.0	3.0
3538.0	8.0
3539.0	2.0
3540.0	6.0
3541.0	9.0
3542.0	5.0
3543.0	11.0
3544.0	5.0
3545.0	2.0
3546.0	5.0
3547.0	2.0
3548.0	3.0
3549.0	2.0
3550.0	2.0
3551.0	2.0
3552.0	4.0
3553.0	2.0
3554.0	3.0
3555.0	1.0
3556.0	4.0
3557.0	1.0
3558.0	2.0
3559.0	11.0
3560.0	3.0
3561.0	2.0
3562.0	2.0
3564.0	1.0
3565.0	2.0
3567.0	3.0
3568.0	2.0
3569.0	1.0
3571.0	1.0
3572.0	1.0
3573.0	4.0
3574.0	4.0
3576.0	3.0
3577.0	1.0
3579.0	1.0
3580.0	3.0
3582.0	2.0
3585.0	2.0
3586.0	3.0
3587.0	3.0
3588.0	4.0
3589.0	2.0
3590.0	2.0
3591.0	3.0
3592.0	1.0
3593.0	2.0
3594.0	2.0
3596.0	1.0
3597.0	3.0
3598.0	4.0
3599.0	1.0
3600.0	1.0
3601.0	3.0
3603.0	2.0
3605.0	1.0
3606.0	1.0
3607.0	2.0
3608.0	3.0
3609.0	3.0
3610.0	2.0
3612.0	2.0
3614.0	2.0
3615.0	2.0
3616.0	4.0
3617.0	3.0
3618.0	1.0
3619.0	1.0
3620.0	3.0
3621.0	1.0
3622.0	2.0
3623.0	3.0
3624.0	2.0
3625.0	3.0
3626.0	2.0
3627.0	1.0
3628.0	3.0
3629.0	1.0
3630.0	2.0
3631.0	2.0
3632.0	2.0
3633.0	5.0
3634.0	4.0
3635.0	1.0
3636.0	2.0
3637.0	3.0
3638.0	1.0
3639.0	2.0
3640.0	3.0
3641.0	5.0
3642.0	1.0
3643.0	2.0
3644.0	1.0
3645.0	5.0
3646.0	1.0
3647.0	3.0
3648.0	2.0
3650.0	3.0
3651.0	2.0
3652.0	3.0
3653.0	1.0
3654.0	3.0
3655.0	3.0
3656.0	3.0
3657.0	2.0
3658.0	3.0
3660.0	2.0
3661.0	2.0
3662.0	3.0
3663.0	2.0
3664.0	3.0
3665.0	3.0
3666.0	6.0
3667.0	1.0
3668.0	1.0
3669.0	4.0
3670.0	2.0
3671.0	5.0
3672.0	2.0
3673.0	5.0
3674.0	3.0
3675.0	2.0
3676.0	1.0
3678.0	2.0
3679.0	2.0
3680.0	3.0
3681.0	1.0
3682.0	2.0
3684.0	1.0
3685.0	1.0
3686.0	2.0
3687.0	1.0
3689.0	1.0
3690.0	1.0
3691.0	3.0
3692.0	2.0
3693.0	3.0
3695.0	3.0
3696.0	2.0
3697.0	3.0
3698.0	5.0
3700.0	1.0
3701.0	2.0
3702.0	1.0
3703.0	3.0
3704.0	2.0
3705.0	4.0
3707.0	2.0
3708.0	1.0
3709.0	1.0
3710.0	4.0
3711.0	2.0
3712.0	2.0
3713.0	4.0
3714.0	2.0
3715.0	1.0
3716.0	3.0
3717.0	4.0
3718.0	2.0
3720.0	1.0
3721.0	1.0
3722.0	1.0
3723.0	2.0
3725.0	5.0
3726.0	2.0
3727.0	2.0
3728.0	1.0
3729.0	4.0
3730.0	2.0
3732.0	1.0
3733.0	2.0
3735.0	2.0
3737.0	2.0
3738.0	2.0
3739.0	4.0
3740.0	1.0
3741.0	2.0
3743.0	1.0
3745.0	3.0
3746.0	3.0
3747.0	2.0
3748.0	1.0
3749.0	2.0
3750.0	4.0
3751.0	5.0
3753.0	4.0
3754.0	1.0
3755.0	3.0
3756.0	1.0
3757.0	1.0
3758.0	2.0
3759.0	2.0
3760.0	1.0
3761.0	1.0
3762.0	1.0
3763.0	6.0
3764.0	3.0
3765.0	2.0
3766.0	3.0
3767.0	1.0
3768.0	2.0
3770.0	2.0
3771.0	1.0
3772.0	1.0
3773.0	3.0
3774.0	4.0
3776.0	1.0
3777.0	1.0
3778.0	3.0
3780.0	2.0
3781.0	1.0
3782.0	2.0
3783.0	2.0
3784.0	3.0
3785.0	1.0
3787.0	5.0
3790.0	1.0
3791.0	1.0
3792.0	2.0
3793.0	3.0
3794.0	1.0
3795.0	3.0
3796.0	2.0
3797.0	3.0
3798.0	3.0
3802.0	1.0
3803.0	4.0
3804.0	2.0
3805.0	2.0
3806.0	1.0
3807.0	1.0
3808.0	1.0
3809.0	1.0
3810.0	2.0
3811.0	2.0
3812.0	2.0
3813.0	6.0
3814.0	1.0
3817.0	2.0
3818.0	3.0
3819.0	1.0
3820.0	2.0
3821.0	1.0
3822.0	2.0
3823.0	1.0
3824.0	1.0
3825.0	1.0
3826.0	1.0
3827.0	1.0
3828.0	6.0
3829.0	3.0
3830.0	3.0
3831.0	1.0
3832.0	3.0
3833.0	2.0
3834.0	3.0
3835.0	4.0
3836.0	3.0
3837.0	2.0
3839.0	3.0
3840.0	3.0
3841.0	3.0
3842.0	3.0
3843.0	1.0
3844.0	4.0
3845.0	2.0
3846.0	1.0
3847.0	1.0
3848.0	4.0
3849.0	4.0
3850.0	1.0
3851.0	3.0
3852.0	1.0
3853.0	5.0
3854.0	2.0
3855.0	4.0
3856.0	2.0
3857.0	3.0
3858.0	1.0
3859.0	2.0
3860.0	2.0
3861.0	1.0
3862.0	1.0
3863.0	4.0
3864.0	3.0
3865.0	2.0
3867.0	2.0
3868.0	4.0
3869.0	4.0
3870.0	1.0
3871.0	4.0
3872.0	2.0
3873.0	2.0
3874.0	3.0
3875.0	1.0
3876.0	2.0
3877.0	1.0
3878.0	3.0
3880.0	3.0
3881.0	1.0
3883.0	1.0
3884.0	1.0
3885.0	1.0
3886.0	1.0
3887.0	2.0
3888.0	2.0
3889.0	2.0
3890.0	2.0
3892.0	2.0
3894.0	2.0
3896.0	2.0
3898.0	2.0
3899.0	6.0
3900.0	2.0
3901.0	3.0
3902.0	2.0
3903.0	1.0
3904.0	1.0
3905.0	1.0
3906.0	1.0
3907.0	1.0
3908.0	3.0
3909.0	1.0
3910.0	2.0
3911.0	6.0
3912.0	2.0
3913.0	4.0
3914.0	7.0
3915.0	1.0
3916.0	4.0
3918.0	1.0
3919.0	1.0
3920.0	1.0
3922.0	2.0
3923.0	3.0
3924.0	1.0
3925.0	2.0
3927.0	8.0
3928.0	1.0
3929.0	1.0
3930.0	1.0
3931.0	3.0
3932.0	2.0
3933.0	2.0
3934.0	1.0
3935.0	1.0
3936.0	1.0
3937.0	1.0
3938.0	2.0
3939.0	1.0
3940.0	5.0
3941.0	1.0
3942.0	1.0
3943.0	3.0
3944.0	1.0
3945.0	4.0
3948.0	2.0
3949.0	2.0
3950.0	3.0
3953.0	1.0
3955.0	1.0
3956.0	3.0
3957.0	2.0
3958.0	2.0
3959.0	3.0
3960.0	1.0
3961.0	1.0
3962.0	3.0
3964.0	1.0
3965.0	3.0
3966.0	2.0
3967.0	1.0
3968.0	1.0
3970.0	1.0
3971.0	5.0
3972.0	2.0
3974.0	4.0
3976.0	2.0
3977.0	1.0
3978.0	1.0
3979.0	2.0
3980.0	4.0
3981.0	4.0
3982.0	2.0
3983.0	1.0
3984.0	1.0
3985.0	3.0
3987.0	2.0
3988.0	4.0
3989.0	1.0
3990.0	2.0
3991.0	4.0
3992.0	1.0
3993.0	3.0
3994.0	1.0
3996.0	4.0
3997.0	4.0
3998.0	2.0
3999.0	2.0
4000.0	3.0
4002.0	3.0
4003.0	3.0
4004.0	2.0
4005.0	1.0
4006.0	3.0
4008.0	2.0
4009.0	2.0
4010.0	3.0
4011.0	2.0
4012.0	2.0
4013.0	2.0
4014.0	5.0
4015.0	3.0
4016.0	2.0
4017.0	2.0
4018.0	4.0
4019.0	6.0
4021.0	7.0
4022.0	2.0
4023.0	5.0
4024.0	6.0
4025.0	3.0
4026.0	2.0
4027.0	3.0
4028.0	4.0
4029.0	1.0
4030.0	4.0
4031.0	5.0
4032.0	5.0
4033.0	5.0
4034.0	3.0
4035.0	2.0
4036.0	1.0
4037.0	4.0
4038.0	2.0
4039.0	6.0
4040.0	1.0
4041.0	2.0
4042.0	1.0
4043.0	5.0
4044.0	3.0
4045.0	2.0
4046.0	3.0
4047.0	3.0
4048.0	2.0
4049.0	1.0
4050.0	5.0
4051.0	3.0
4052.0	1.0
4053.0	4.0
4054.0	4.0
4055.0	4.0
4056.0	2.0
4057.0	1.0
4058.0	2.0
4059.0	4.0
4060.0	2.0
4061.0	4.0
4062.0	3.0
4063.0	1.0
4064.0	3.0
4065.0	2.0
4066.0	3.0
4067.0	2.0
4068.0	7.0
4069.0	2.0
4070.0	4.0
4071.0	3.0
4072.0	3.0
4073.0	3.0
4074.0	3.0
4075.0	4.0
4076.0	1.0
4078.0	2.0
4079.0	4.0
4080.0	2.0
4081.0	1.0
4082.0	2.0
4083.0	2.0
4084.0	1.0
4085.0	3.0
4086.0	2.0
4087.0	4.0
4088.0	4.0
4089.0	4.0
4091.0	2.0
4092.0	1.0
4093.0	6.0
4094.0	2.0
4095.0	3.0
4096.0	4.0
4097.0	3.0
4098.0	2.0
4099.0	3.0
4100.0	2.0
4101.0	5.0
4102.0	1.0
4103.0	3.0
4104.0	4.0
4105.0	2.0
4106.0	2.0
4107.0	4.0
4108.0	2.0
4109.0	3.0
4110.0	3.0
4111.0	2.0
4112.0	2.0
4113.0	1.0
4114.0	3.0
4115.0	1.0
4116.0	2.0
4117.0	1.0
4119.0	2.0
4121.0	2.0
4122.0	2.0
4123.0	3.0
4124.0	3.0
4125.0	4.0
4126.0	2.0
4128.0	2.0
4129.0	1.0
4130.0	1.0
4131.0	3.0
4132.0	3.0
4133.0	1.0
4134.0	2.0
4135.0	3.0
4136.0	2.0
4137.0	1.0
4138.0	3.0
4140.0	3.0
4141.0	4.0
4142.0	1.0
4144.0	1.0
4145.0	1.0
4146.0	2.0
4147.0	2.0
4148.0	2.0
4149.0	4.0
4150.0	2.0
4151.0	3.0
4152.0	5.0
4153.0	15.0
4154.0	7.0
4155.0	3.0
4156.0	3.0
4157.0	1.0
4158.0	1.0
4160.0	1.0
4161.0	1.0
4162.0	3.0
4163.0	3.0
4164.0	3.0
4165.0	1.0
4166.0	3.0
4167.0	3.0
4168.0	2.0
4169.0	1.0
4170.0	2.0
4171.0	1.0
4172.0	1.0
4173.0	2.0
4174.0	3.0
4175.0	1.0
4176.0	1.0
4177.0	2.0
4178.0	1.0
4179.0	3.0
4180.0	3.0
4181.0	2.0
4182.0	1.0
4183.0	2.0
4184.0	1.0
4185.0	3.0
4186.0	3.0
4187.0	3.0
4188.0	1.0
4189.0	1.0
4190.0	2.0
4191.0	4.0
4192.0	1.0
4193.0	4.0
4194.0	2.0
4195.0	1.0
4196.0	3.0
4197.0	4.0
4198.0	3.0
4199.0	1.0
4200.0	2.0
4201.0	1.0
4202.0	3.0
4203.0	8.0
4204.0	1.0
4205.0	3.0
4206.0	4.0
4207.0	2.0
4208.0	3.0
4209.0	2.0
4210.0	5.0
4212.0	2.0
4213.0	3.0
4214.0	2.0
4215.0	1.0
4216.0	2.0
4217.0	4.0
4218.0	1.0
4219.0	3.0
4220.0	3.0
4221.0	3.0
4222.0	2.0
4223.0	3.0
4226.0	1.0
4227.0	2.0
4228.0	4.0
4229.0	2.0
4230.0	3.0
4231.0	1.0
4232.0	1.0
4233.0	5.0
4235.0	3.0
4236.0	3.0
4237.0	1.0
4238.0	2.0
4239.0	5.0
4240.0	4.0
4241.0	1.0
4242.0	1.0
4243.0	2.0
4244.0	5.0
4245.0	2.0
4246.0	3.0
4248.0	3.0
4249.0	1.0
4250.0	1.0
4251.0	1.0
4252.0	1.0
4253.0	4.0
4254.0	1.0
4255.0	4.0
4256.0	2.0
4257.0	3.0
4258.0	1.0
4259.0	5.0
4260.0	9.0
4261.0	3.0
4262.0	2.0
4263.0	1.0
4264.0	9.0
4265.0	4.0
4266.0	4.0
4267.0	4.0
4268.0	2.0
4269.0	4.0
4270.0	1.0
4271.0	4.0
4272.0	4.0
4273.0	1.0
4274.0	1.0
4275.0	1.0
4277.0	1.0
4278.0	3.0
4279.0	2.0
4280.0	3.0
4281.0	2.0
4282.0	3.0
4283.0	2.0
4284.0	2.0
4285.0	3.0
4286.0	2.0
4287.0	3.0
4288.0	1.0
4289.0	2.0
4290.0	1.0
4291.0	3.0
4292.0	1.0
4293.0	2.0
4294.0	3.0
4296.0	2.0
4297.0	2.0
4298.0	3.0
4299.0	2.0
4300.0	1.0
4302.0	3.0
4303.0	2.0
4304.0	1.0
4305.0	3.0
4306.0	1.0
4307.0	3.0
4309.0	3.0
4311.0	1.0
4312.0	2.0
4315.0	2.0
4317.0	5.0
4318.0	2.0
4320.0	4.0
4321.0	3.0
4323.0	3.0
4324.0	3.0
4325.0	1.0
4326.0	2.0
4327.0	1.0
4328.0	3.0
4330.0	3.0
4331.0	2.0
4332.0	2.0
4333.0	2.0
4334.0	1.0
4335.0	2.0
4336.0	4.0
4337.0	2.0
4338.0	4.0
4339.0	1.0
4340.0	2.0
4341.0	2.0
4342.0	2.0
4343.0	3.0
4344.0	1.0
4345.0	3.0
4346.0	1.0
4347.0	2.0
4348.0	1.0
4349.0	1.0
4350.0	2.0
4354.0	2.0
4355.0	1.0
4356.0	3.0
4357.0	2.0
4358.0	2.0
4359.0	2.0
4360.0	3.0
4362.0	1.0
4365.0	2.0
4366.0	2.0
4367.0	1.0
4368.0	1.0
4369.0	1.0
4371.0	1.0
4372.0	4.0
4373.0	1.0
4376.0	2.0
4379.0	1.0
4381.0	3.0
4383.0	1.0
4384.0	1.0
4385.0	2.0
4386.0	1.0
4388.0	1.0
4389.0	1.0
4390.0	2.0
4391.0	1.0
4392.0	2.0
4393.0	1.0
4394.0	3.0
4395.0	3.0
4396.0	4.0
4397.0	1.0
4399.0	1.0
4400.0	3.0
4401.0	3.0
4402.0	3.0
4403.0	3.0
4404.0	1.0
4405.0	7.0
4407.0	2.0
4408.0	2.0
4410.0	2.0
4412.0	1.0
4413.0	3.0
4414.0	1.0
4415.0	2.0
4416.0	3.0
4417.0	2.0
4418.0	3.0
4419.0	1.0
4420.0	1.0
4422.0	2.0
4423.0	1.0
4424.0	4.0
4425.0	3.0
4426.0	3.0
4428.0	1.0
4429.0	3.0
4430.0	2.0
4433.0	1.0
4434.0	2.0
4435.0	3.0
4436.0	2.0
4437.0	4.0
4439.0	2.0
4440.0	2.0
4442.0	1.0
4443.0	2.0
4445.0	2.0
4446.0	2.0
4447.0	3.0
4448.0	1.0
4450.0	3.0
4451.0	4.0
4452.0	4.0
4453.0	1.0
4454.0	3.0
4455.0	1.0
4456.0	1.0
4457.0	3.0
4458.0	3.0
4459.0	3.0
4460.0	5.0
4461.0	4.0
4462.0	4.0
4463.0	3.0
4464.0	4.0
4465.0	6.0
4466.0	4.0
4467.0	6.0
4468.0	3.0
4469.0	5.0
4470.0	9.0
4471.0	6.0
4472.0	8.0
4473.0	2.0
4474.0	6.0
4475.0	2.0
4476.0	2.0
4477.0	1.0
4478.0	4.0
4479.0	2.0
4480.0	7.0
4481.0	2.0
4482.0	5.0
4483.0	3.0
4484.0	3.0
4485.0	2.0
4486.0	7.0
4487.0	3.0
4488.0	2.0
4489.0	7.0
4490.0	4.0
4491.0	3.0
4492.0	2.0
4493.0	3.0
4495.0	1.0
4496.0	3.0
4497.0	4.0
4498.0	6.0
4499.0	3.0
4500.0	4.0
4501.0	3.0
4502.0	4.0
4503.0	5.0
4504.0	5.0
4505.0	4.0
4506.0	3.0
4507.0	3.0
4508.0	4.0
4509.0	9.0
4510.0	3.0
4511.0	4.0
4512.0	4.0
4513.0	4.0
4514.0	5.0
4515.0	7.0
4516.0	2.0
4517.0	4.0
4518.0	3.0
4519.0	3.0
4520.0	5.0
4521.0	6.0
4522.0	4.0
4523.0	4.0
4524.0	2.0
4525.0	3.0
4526.0	2.0
4527.0	1.0
4528.0	2.0
4529.0	2.0
4530.0	1.0
4531.0	1.0
4532.0	5.0
4533.0	4.0
4534.0	2.0
4536.0	4.0
4537.0	3.0
4538.0	1.0
4539.0	3.0
4540.0	1.0
4541.0	3.0
4543.0	2.0
4545.0	2.0
4546.0	3.0
4548.0	1.0
4549.0	4.0
4551.0	2.0
4552.0	2.0
4553.0	2.0
4555.0	3.0
4556.0	1.0
4557.0	4.0
4558.0	1.0
4559.0	2.0
4560.0	4.0
4562.0	3.0
4563.0	1.0
4564.0	3.0
4565.0	2.0
4567.0	1.0
4568.0	1.0
4570.0	3.0
4571.0	4.0
4573.0	4.0
4575.0	5.0
4576.0	1.0
4577.0	2.0
4581.0	2.0
4582.0	3.0
4585.0	2.0
4586.0	3.0
4587.0	5.0
4588.0	1.0
4589.0	4.0
4590.0	2.0
4591.0	1.0
4592.0	3.0
4593.0	1.0
4594.0	4.0
4596.0	1.0
4597.0	2.0
4601.0	1.0
4603.0	2.0
4605.0	2.0
4606.0	1.0
4607.0	1.0
4610.0	1.0
4611.0	2.0
4615.0	1.0
4617.0	1.0
4619.0	1.0
4621.0	3.0
4622.0	1.0
4623.0	1.0
4624.0	1.0
4625.0	1.0
4626.0	1.0
4627.0	1.0
4628.0	1.0
4629.0	2.0
4631.0	3.0
4632.0	5.0
4634.0	2.0
4635.0	1.0
4636.0	4.0
4637.0	1.0
4638.0	1.0
4639.0	3.0
4641.0	2.0
4645.0	3.0
4646.0	2.0
4647.0	4.0
4649.0	2.0
4651.0	2.0
4652.0	1.0
4653.0	3.0
4654.0	3.0
4655.0	5.0
4656.0	2.0
4657.0	3.0
4658.0	2.0
4659.0	2.0
4660.0	1.0
4661.0	2.0
4662.0	1.0
4663.0	2.0
4664.0	4.0
4666.0	2.0
4667.0	3.0
4669.0	1.0
4671.0	3.0
4672.0	2.0
4674.0	2.0
4675.0	2.0
4677.0	3.0
4678.0	2.0
4679.0	5.0
4680.0	6.0
4681.0	2.0
4682.0	2.0
4683.0	4.0
4684.0	3.0
4685.0	2.0
4686.0	2.0
4687.0	1.0
4688.0	3.0
4689.0	3.0
4690.0	2.0
4692.0	1.0
4693.0	1.0
4694.0	1.0
4696.0	2.0
4697.0	2.0
4698.0	2.0
4699.0	2.0
4700.0	2.0
4701.0	1.0
4702.0	6.0
4703.0	3.0
4704.0	2.0
4705.0	4.0
4707.0	4.0
4708.0	2.0
4710.0	1.0
4711.0	2.0
4712.0	3.0
4713.0	1.0
4715.0	2.0
4718.0	2.0
4719.0	1.0
4720.0	1.0
4721.0	2.0
4722.0	1.0
4723.0	1.0
4724.0	1.0
4726.0	1.0
4727.0	1.0
4728.0	3.0
4729.0	1.0
4730.0	1.0
4731.0	2.0
4732.0	2.0
4734.0	2.0
4736.0	4.0
4737.0	4.0
4739.0	1.0
4740.0	2.0
4741.0	1.0
4743.0	1.0
4744.0	1.0
4746.0	1.0
4747.0	1.0
4748.0	2.0
4750.0	3.0
4751.0	1.0
4752.0	4.0
4753.0	1.0
4754.0	2.0
4755.0	2.0
4756.0	3.0
4758.0	2.0
4759.0	1.0
4760.0	2.0
4761.0	3.0
4764.0	1.0
4765.0	1.0
4767.0	1.0
4768.0	2.0
4769.0	1.0
4772.0	3.0
4775.0	1.0
4776.0	1.0
4777.0	3.0
4779.0	1.0
4780.0	2.0
4782.0	1.0
4784.0	1.0
4787.0	1.0
4790.0	3.0
4792.0	1.0
4795.0	2.0
4798.0	1.0
4799.0	2.0
4800.0	1.0
4801.0	1.0
4802.0	1.0
4804.0	2.0
4805.0	1.0
4806.0	1.0
4807.0	1.0
4808.0	1.0
4809.0	1.0
4811.0	3.0
4812.0	1.0
4813.0	1.0
4814.0	2.0
4815.0	1.0
4816.0	2.0
4818.0	2.0
4820.0	1.0
4821.0	1.0
4822.0	3.0
4823.0	1.0
4824.0	1.0
4825.0	2.0
4826.0	2.0
4827.0	2.0
4828.0	3.0
4829.0	2.0
4831.0	2.0
4832.0	1.0
4834.0	1.0
4835.0	1.0
4836.0	1.0
4838.0	1.0
4839.0	3.0
4840.0	1.0
4841.0	4.0
4842.0	1.0
4843.0	1.0
4844.0	2.0
4847.0	1.0
4848.0	3.0
4851.0	1.0
4852.0	2.0
4853.0	2.0
4854.0	3.0
4857.0	2.0
4858.0	1.0
4862.0	2.0
4864.0	1.0
4865.0	4.0
4867.0	1.0
4870.0	2.0
4871.0	4.0
4872.0	3.0
4873.0	1.0
4874.0	5.0
4875.0	3.0
4876.0	1.0
4878.0	1.0
4879.0	2.0
4880.0	1.0
4881.0	1.0
4882.0	2.0
4883.0	2.0
4884.0	1.0
4886.0	1.0
4887.0	2.0
4888.0	2.0
4890.0	1.0
4891.0	1.0
4892.0	1.0
4893.0	1.0
4894.0	5.0
4895.0	2.0
4896.0	2.0
4897.0	2.0
4899.0	2.0
4901.0	1.0
4902.0	2.0
4903.0	1.0
4904.0	1.0
4905.0	3.0
4906.0	2.0
4907.0	1.0
4909.0	4.0
4910.0	1.0
4911.0	1.0
4912.0	1.0
4913.0	3.0
4914.0	2.0
4916.0	1.0
4918.0	1.0
4919.0	3.0
4920.0	1.0
4922.0	1.0
4923.0	3.0
4924.0	3.0
4926.0	1.0
4927.0	5.0
4929.0	1.0
4930.0	1.0
4932.0	2.0
4934.0	2.0
4937.0	1.0
4939.0	3.0
4940.0	1.0
4941.0	1.0
4942.0	1.0
4943.0	3.0
4944.0	1.0
4945.0	1.0
4946.0	3.0
4947.0	2.0
4949.0	2.0
4950.0	3.0
4951.0	3.0
4953.0	1.0
4954.0	1.0
4955.0	2.0
4956.0	1.0
4957.0	1.0
4958.0	3.0
4960.0	2.0
4961.0	3.0
4962.0	6.0
4963.0	1.0
4964.0	2.0
4965.0	2.0
4966.0	1.0
4967.0	3.0
4968.0	1.0
4971.0	2.0
4972.0	3.0
4973.0	1.0
4974.0	3.0
4975.0	2.0
4976.0	1.0
4978.0	2.0
4980.0	2.0
4981.0	1.0
4982.0	2.0
4983.0	1.0
4984.0	1.0
4987.0	1.0
4988.0	1.0
4989.0	1.0
4991.0	1.0
4992.0	2.0
4994.0	2.0
4995.0	2.0
4997.0	5.0
4999.0	4.0
5001.0	1.0
5002.0	2.0
5003.0	1.0
5004.0	1.0
5005.0	2.0
5006.0	3.0
5007.0	1.0
5009.0	1.0
5010.0	1.0
5011.0	1.0
5012.0	2.0
5013.0	2.0
5014.0	3.0
5015.0	2.0
5016.0	1.0
5017.0	2.0
5018.0	1.0
5020.0	3.0
5022.0	2.0
5023.0	6.0
5026.0	2.0
5027.0	1.0
5028.0	3.0
5029.0	4.0
5030.0	3.0
5031.0	4.0
5032.0	1.0
5033.0	4.0
5034.0	3.0
5035.0	5.0
5036.0	5.0
5037.0	4.0
5038.0	1.0
5039.0	1.0
5040.0	4.0
5041.0	5.0
5042.0	1.0
5043.0	2.0
5044.0	2.0
5045.0	1.0
5046.0	3.0
5047.0	1.0
5048.0	1.0
5049.0	5.0
5050.0	1.0
5051.0	4.0
5052.0	2.0
5053.0	1.0
5054.0	2.0
5055.0	3.0
5056.0	2.0
5057.0	4.0
5058.0	3.0
5059.0	5.0
5060.0	4.0
5061.0	7.0
5062.0	2.0
5063.0	1.0
5064.0	21.0
5065.0	1.0
5067.0	3.0
5068.0	3.0
5069.0	1.0
5070.0	3.0
5071.0	3.0
5072.0	1.0
5073.0	3.0
5074.0	1.0
5075.0	1.0
5076.0	1.0
5078.0	2.0
5079.0	1.0
5080.0	1.0
5084.0	2.0
5088.0	2.0
5089.0	1.0
5090.0	2.0
5096.0	1.0
5097.0	1.0
5104.0	1.0
5105.0	1.0
5109.0	1.0
5111.0	1.0
5113.0	1.0
5116.0	2.0
5117.0	2.0
5120.0	1.0
5121.0	2.0
5122.0	2.0
5124.0	1.0
5133.0	2.0
5135.0	1.0
5137.0	1.0
5140.0	1.0
5143.0	1.0
5145.0	1.0
5146.0	1.0
5148.0	1.0
5149.0	1.0
5151.0	2.0
5153.0	1.0
5155.0	1.0
5157.0	1.0
5158.0	1.0
5159.0	1.0
5160.0	1.0
5161.0	2.0
5162.0	1.0
5165.0	1.0
5166.0	1.0
5168.0	1.0
5171.0	1.0
5173.0	2.0
5174.0	1.0
5177.0	2.0
5179.0	2.0
5180.0	1.0
5182.0	3.0
5183.0	2.0
5184.0	1.0
5185.0	1.0
5186.0	3.0
5187.0	2.0
5188.0	2.0
5192.0	1.0
5195.0	3.0
5196.0	2.0
5197.0	1.0
5199.0	3.0
5200.0	1.0
5201.0	1.0
5202.0	1.0
5203.0	1.0
5204.0	1.0
5205.0	2.0
5208.0	1.0
5209.0	1.0
5210.0	1.0
5211.0	1.0
5212.0	1.0
5213.0	1.0
5214.0	1.0
5216.0	1.0
5217.0	3.0
5218.0	2.0
5219.0	1.0
5220.0	2.0
5221.0	2.0
5223.0	2.0
5224.0	2.0
5225.0	3.0
5226.0	1.0
5227.0	2.0
5230.0	3.0
5232.0	1.0
5233.0	1.0
5235.0	1.0
5236.0	1.0
5237.0	3.0
5240.0	1.0
5242.0	1.0
5245.0	2.0
5246.0	1.0
5247.0	2.0
5250.0	1.0
5252.0	2.0
5253.0	1.0
5254.0	1.0
5255.0	1.0
5256.0	1.0
5261.0	2.0
5262.0	2.0
5263.0	1.0
5264.0	2.0
5268.0	1.0
5273.0	1.0
5274.0	1.0
5275.0	2.0
5277.0	1.0
5280.0	1.0
5283.0	1.0
5286.0	1.0
5287.0	2.0
5288.0	1.0
5290.0	1.0
5292.0	2.0
5294.0	1.0
5295.0	2.0
5296.0	4.0
5297.0	1.0
5298.0	1.0
5300.0	1.0
5301.0	1.0
5307.0	1.0
5308.0	1.0
5309.0	1.0
5316.0	1.0
5317.0	2.0
5319.0	1.0
5321.0	1.0
5323.0	1.0
5329.0	1.0
5331.0	1.0
5332.0	1.0
5333.0	1.0
5334.0	1.0
5336.0	1.0
5338.0	1.0
5339.0	2.0
5341.0	2.0
5342.0	1.0
5343.0	1.0
5344.0	1.0
5345.0	1.0
5347.0	1.0
5348.0	1.0
5350.0	1.0
5352.0	1.0
5353.0	1.0
5356.0	1.0
5361.0	1.0
5364.0	1.0
5365.0	1.0
5367.0	1.0
5368.0	1.0
5378.0	1.0
5381.0	3.0
5384.0	1.0
5394.0	1.0
5395.0	1.0
5399.0	1.0
5403.0	1.0
5404.0	1.0
5405.0	1.0
5407.0	1.0
5409.0	1.0
5411.0	1.0
5419.0	1.0
5421.0	1.0
5422.0	1.0
5428.0	1.0
5430.0	3.0
5431.0	1.0
5432.0	1.0
5438.0	1.0
5440.0	1.0
5445.0	1.0
5446.0	1.0
5448.0	1.0
5456.0	1.0
5458.0	1.0
5467.0	1.0
5469.0	1.0
5474.0	1.0
5475.0	1.0
5480.0	1.0
5482.0	1.0
5486.0	2.0
5490.0	1.0
5491.0	1.0
5493.0	1.0
5509.0	2.0
5513.0	1.0
5516.0	1.0
5518.0	1.0
5519.0	1.0
5525.0	1.0
5527.0	1.0
5529.0	1.0
5532.0	1.0
5533.0	2.0
5536.0	1.0
5539.0	1.0
5554.0	1.0
5556.0	1.0
5560.0	1.0
5567.0	1.0
5569.0	1.0
5573.0	1.0
5580.0	1.0
5585.0	2.0
5588.0	1.0
5590.0	1.0
5595.0	1.0
5597.0	1.0
5600.0	1.0
5603.0	1.0
5604.0	1.0
5610.0	1.0
5616.0	1.0
5621.0	2.0
5624.0	1.0
5625.0	2.0
5630.0	1.0
5631.0	1.0
5632.0	1.0
5636.0	1.0
5638.0	1.0
5641.0	1.0
5650.0	1.0
5651.0	1.0
5652.0	1.0
5656.0	1.0
5658.0	2.0
5663.0	1.0
5667.0	2.0
5669.0	1.0
5676.0	1.0
5681.0	1.0
5684.0	1.0
5691.0	1.0
5696.0	1.0
5697.0	1.0
5699.0	1.0
5702.0	1.0
5711.0	1.0
5716.0	1.0
5717.0	1.0
5721.0	3.0
5724.0	1.0
5726.0	1.0
5733.0	2.0
5734.0	1.0
5737.0	1.0
5747.0	2.0
5758.0	2.0
5768.0	2.0
5770.0	1.0
5771.0	1.0
5772.0	1.0
5774.0	1.0
5786.0	1.0
5794.0	1.0
5797.0	1.0
5799.0	1.0
5802.0	1.0
5814.0	2.0
5820.0	1.0
5822.0	1.0
5829.0	1.0
5833.0	1.0
5834.0	1.0
5838.0	1.0
5839.0	2.0
5840.0	1.0
5841.0	1.0
5847.0	1.0
5852.0	1.0
5862.0	1.0
5867.0	1.0
5873.0	2.0
5874.0	1.0
5875.0	1.0
5880.0	1.0
5882.0	1.0
5884.0	2.0
5892.0	1.0
5896.0	2.0
5900.0	1.0
5904.0	3.0
5908.0	1.0
5909.0	1.0
5910.0	2.0
5911.0	1.0
5915.0	1.0
5916.0	1.0
5918.0	1.0
5921.0	1.0
5922.0	1.0
5923.0	1.0
5931.0	1.0
5932.0	2.0
5936.0	1.0
5942.0	2.0
5945.0	1.0
5952.0	2.0
5953.0	1.0
5962.0	3.0
5965.0	1.0
5967.0	1.0
5970.0	1.0
5973.0	1.0
5975.0	1.0
5980.0	1.0
5986.0	3.0
5987.0	2.0
5988.0	1.0
5989.0	2.0
5991.0	2.0
5996.0	1.0
5999.0	1.0
6000.0	1.0
6002.0	1.0
6010.0	1.0
6011.0	1.0
6015.0	1.0
6017.0	1.0
6018.0	2.0
6022.0	1.0
6024.0	1.0
6027.0	1.0
6028.0	1.0
6031.0	1.0
6033.0	1.0
6037.0	1.0
6050.0	2.0
6051.0	1.0
6052.0	1.0
6054.0	1.0
6057.0	1.0
6058.0	1.0
6059.0	1.0
6066.0	2.0
6073.0	2.0
6075.0	2.0
6076.0	1.0
6078.0	1.0
6093.0	1.0
6094.0	1.0
6097.0	1.0
6105.0	1.0
6107.0	1.0
6111.0	2.0
6112.0	1.0
6114.0	2.0
6115.0	1.0
6119.0	1.0
6122.0	2.0
6123.0	1.0
6125.0	1.0
6131.0	1.0
6132.0	1.0
6145.0	1.0
6147.0	1.0
6148.0	2.0
6149.0	1.0
6150.0	1.0
6151.0	1.0
6156.0	1.0
6157.0	1.0
6168.0	1.0
6169.0	1.0
6170.0	2.0
6172.0	2.0
6177.0	1.0
6179.0	1.0
6182.0	1.0
6183.0	1.0
6184.0	1.0
6187.0	2.0
6191.0	1.0
6197.0	2.0
6198.0	1.0
6200.0	1.0
6201.0	1.0
6202.0	1.0
6207.0	1.0
6217.0	1.0
6219.0	1.0
6221.0	1.0
6222.0	1.0
6223.0	1.0
6225.0	1.0
6226.0	3.0
6227.0	2.0
6228.0	1.0
6229.0	3.0
6230.0	1.0
6231.0	1.0
6234.0	1.0
6235.0	1.0
6246.0	1.0
6249.0	1.0
6250.0	1.0
6251.0	1.0
6253.0	1.0
6255.0	1.0
6264.0	1.0
6271.0	1.0
6272.0	2.0
6284.0	1.0
6287.0	1.0
6288.0	1.0
6290.0	1.0
6297.0	3.0
6300.0	1.0
6303.0	1.0
6306.0	1.0
6311.0	2.0
6316.0	1.0
6320.0	1.0
6324.0	1.0
6331.0	1.0
6335.0	1.0
6336.0	1.0
6338.0	1.0
6346.0	3.0
6347.0	2.0
6350.0	1.0
6354.0	1.0
6364.0	1.0
6367.0	1.0
6369.0	2.0
6372.0	2.0
6374.0	1.0
6377.0	1.0
6383.0	1.0
6385.0	1.0
6393.0	2.0
6394.0	1.0
6395.0	1.0
6398.0	2.0
6399.0	2.0
6402.0	1.0
6404.0	1.0
6409.0	1.0
6426.0	1.0
6433.0	1.0
6434.0	1.0
6435.0	1.0
6440.0	3.0
6443.0	1.0
6445.0	1.0
6448.0	1.0
6457.0	1.0
6459.0	1.0
6460.0	1.0
6461.0	1.0
6462.0	1.0
6463.0	1.0
6467.0	1.0
6469.0	1.0
6486.0	1.0
6495.0	1.0
6496.0	2.0
6498.0	1.0
6503.0	1.0
6504.0	1.0
6508.0	2.0
6519.0	1.0
6523.0	1.0
6528.0	1.0
6530.0	1.0
6536.0	1.0
6537.0	1.0
6541.0	2.0
6542.0	1.0
6545.0	1.0
6551.0	1.0
6552.0	1.0
6555.0	1.0
6556.0	2.0
6558.0	4.0
6559.0	2.0
6560.0	1.0
6561.0	4.0
6564.0	3.0
6573.0	1.0
6575.0	1.0
6576.0	1.0
6578.0	1.0
6585.0	1.0
6586.0	1.0
6604.0	1.0
6614.0	1.0
6618.0	1.0
6620.0	1.0
6623.0	1.0
6629.0	1.0
6630.0	1.0
6632.0	1.0
6633.0	1.0
6635.0	1.0
6644.0	1.0
6645.0	1.0
6646.0	1.0
6650.0	1.0
6652.0	1.0
6653.0	1.0
6660.0	1.0
6669.0	1.0
6671.0	3.0
6677.0	1.0
6678.0	1.0
6679.0	1.0
6680.0	1.0
6685.0	1.0
6688.0	2.0
6690.0	1.0
6691.0	1.0
6696.0	1.0
6698.0	1.0
6704.0	1.0
6713.0	1.0
6716.0	1.0
6722.0	1.0
6724.0	1.0
6726.0	1.0
6733.0	1.0
6734.0	2.0
6737.0	1.0
6739.0	2.0
6740.0	2.0
6753.0	1.0
6755.0	1.0
6760.0	1.0
6765.0	1.0
6769.0	1.0
6775.0	1.0
6781.0	1.0
6785.0	1.0
6786.0	1.0
6787.0	2.0
6789.0	1.0
6796.0	1.0
6798.0	1.0
6799.0	1.0
6800.0	1.0
6803.0	2.0
6805.0	1.0
6813.0	2.0
6817.0	1.0
6819.0	1.0
6823.0	1.0
6833.0	1.0
6835.0	1.0
6836.0	2.0
6840.0	1.0
6841.0	1.0
6843.0	1.0
6844.0	1.0
6846.0	1.0
6847.0	1.0
6851.0	1.0
6852.0	2.0
6853.0	1.0
6854.0	1.0
6856.0	2.0
6857.0	1.0
6858.0	1.0
6860.0	1.0
6861.0	1.0
6863.0	1.0
6868.0	2.0
6869.0	5.0
6870.0	12.0
6881.0	2.0
6892.0	1.0
6894.0	1.0
6896.0	1.0
6904.0	1.0
6910.0	1.0
6914.0	2.0
6918.0	1.0
6922.0	1.0
6923.0	2.0
6924.0	1.0
6927.0	1.0
6929.0	1.0
6930.0	1.0
6940.0	2.0
6941.0	1.0
6944.0	1.0
6946.0	1.0
6958.0	1.0
6964.0	1.0
6965.0	2.0
6969.0	1.0
6974.0	1.0
6982.0	1.0
6986.0	1.0
6992.0	1.0
6996.0	1.0
6998.0	1.0
7004.0	1.0
7006.0	1.0
7007.0	1.0
7012.0	1.0
7015.0	1.0
7025.0	2.0
7029.0	1.0
7032.0	1.0
7034.0	1.0
7040.0	1.0
7042.0	1.0
7048.0	1.0
7053.0	1.0
7054.0	1.0
7055.0	1.0
7056.0	1.0
7062.0	1.0
7065.0	2.0
7068.0	1.0
7071.0	1.0
7075.0	1.0
7077.0	1.0
7078.0	1.0
7079.0	1.0
7080.0	1.0
7082.0	1.0
7099.0	2.0
7101.0	1.0
7102.0	1.0
7103.0	2.0
7105.0	1.0
7106.0	1.0
7111.0	1.0
7120.0	1.0
7123.0	1.0
7128.0	1.0
7132.0	1.0
7135.0	1.0
7136.0	1.0
7138.0	1.0
7140.0	1.0
7142.0	2.0
7145.0	1.0
7148.0	1.0
7151.0	1.0
7157.0	1.0
7167.0	1.0
7168.0	1.0
7169.0	2.0
7171.0	1.0
7175.0	1.0
7179.0	1.0
7181.0	1.0
7182.0	1.0
7184.0	2.0
7185.0	1.0
7188.0	1.0
7193.0	1.0
7195.0	1.0
7197.0	1.0
7209.0	1.0
7210.0	1.0
7211.0	1.0
7214.0	3.0
7221.0	1.0
7222.0	2.0
7225.0	1.0
7228.0	1.0
7237.0	1.0
7238.0	1.0
7239.0	1.0
7244.0	2.0
7247.0	1.0
7254.0	1.0
7264.0	1.0
7266.0	1.0
7267.0	1.0
7271.0	1.0
7273.0	1.0
7274.0	1.0
7277.0	2.0
7285.0	1.0
7293.0	1.0
7295.0	2.0
7298.0	1.0
7303.0	1.0
7305.0	1.0
7310.0	1.0
7313.0	1.0
7318.0	1.0
7324.0	1.0
7325.0	1.0
7335.0	1.0
7341.0	1.0
7343.0	2.0
7344.0	2.0
7349.0	1.0
7355.0	1.0
7356.0	1.0
7358.0	1.0
7363.0	1.0
7369.0	1.0
7370.0	1.0
7371.0	1.0
7374.0	1.0
7376.0	1.0
7378.0	1.0
7385.0	1.0
7386.0	1.0
7387.0	2.0
7389.0	1.0
7390.0	1.0
7391.0	1.0
7396.0	1.0
7401.0	1.0
7403.0	1.0
7404.0	1.0
7405.0	1.0
7408.0	1.0
7410.0	1.0
7411.0	2.0
7412.0	1.0
7415.0	1.0
7417.0	1.0
7420.0	1.0
7421.0	1.0
7423.0	2.0
7427.0	1.0
7429.0	2.0
7434.0	1.0
7435.0	2.0
7437.0	1.0
7438.0	1.0
7440.0	1.0
7441.0	1.0
7444.0	1.0
7446.0	1.0
7448.0	1.0
7449.0	1.0
7452.0	1.0
7458.0	1.0
7459.0	1.0
7460.0	1.0
7462.0	1.0
7465.0	1.0
7467.0	1.0
7468.0	2.0
7469.0	4.0
7471.0	3.0
7472.0	2.0
7474.0	1.0
7478.0	1.0
7481.0	1.0
7501.0	2.0
7509.0	1.0
7517.0	2.0
7519.0	1.0
7529.0	1.0
7531.0	1.0
7532.0	1.0
7538.0	1.0
7539.0	1.0
7542.0	1.0
7548.0	1.0
7549.0	1.0
7550.0	1.0
7552.0	1.0
7555.0	1.0
7562.0	1.0
7563.0	1.0
7567.0	1.0
7571.0	1.0
7574.0	1.0
7578.0	1.0
7581.0	1.0
7583.0	1.0
7584.0	1.0
7586.0	1.0
7595.0	2.0
7603.0	1.0
7604.0	1.0
7608.0	1.0
7610.0	1.0
7614.0	1.0
7615.0	1.0
7622.0	1.0
7624.0	1.0
7635.0	1.0
7637.0	1.0
7641.0	1.0
7653.0	1.0
7655.0	1.0
7661.0	2.0
7667.0	1.0
7669.0	1.0
7671.0	1.0
7672.0	1.0
7678.0	1.0
7680.0	1.0
7681.0	1.0
7684.0	1.0
7686.0	2.0
7690.0	1.0
7691.0	2.0
7692.0	1.0
7693.0	5.0
7694.0	2.0
7695.0	3.0
7696.0	10.0
7699.0	1.0
7706.0	1.0
7711.0	1.0
7712.0	1.0
7715.0	1.0
7718.0	2.0
7725.0	1.0
7730.0	1.0
7731.0	1.0
7734.0	1.0
7735.0	2.0
7738.0	1.0
7741.0	3.0
7742.0	1.0
7747.0	1.0
7749.0	1.0
7752.0	1.0
7758.0	2.0
7760.0	1.0
7763.0	1.0
7764.0	1.0
7767.0	1.0
7768.0	1.0
7771.0	1.0
7773.0	1.0
7775.0	1.0
7778.0	1.0
7779.0	1.0
7783.0	2.0
7786.0	2.0
7787.0	2.0
7788.0	2.0
7790.0	1.0
7794.0	1.0
7799.0	1.0
7800.0	2.0
7802.0	1.0
7810.0	1.0
7813.0	1.0
7814.0	1.0
7816.0	1.0
7817.0	1.0
7823.0	1.0
7824.0	1.0
7825.0	1.0
7827.0	1.0
7828.0	1.0
7831.0	1.0
7833.0	1.0
7837.0	1.0
7841.0	1.0
7842.0	1.0
7843.0	1.0
7844.0	1.0
7846.0	1.0
7854.0	1.0
7859.0	1.0
7861.0	1.0
7865.0	2.0
7867.0	1.0
7873.0	1.0
7874.0	1.0
7876.0	1.0
7877.0	1.0
7879.0	1.0
7885.0	1.0
7886.0	1.0
7887.0	2.0
7891.0	2.0
7893.0	2.0
7894.0	1.0
7897.0	1.0
7899.0	2.0
7900.0	1.0
7901.0	1.0
7906.0	1.0
7907.0	1.0
7908.0	1.0
7909.0	1.0
7910.0	1.0
7911.0	1.0
7913.0	1.0
7915.0	1.0
7918.0	1.0
7919.0	1.0
7920.0	1.0
7921.0	1.0
7923.0	5.0
7924.0	1.0
7927.0	2.0
7930.0	1.0
7931.0	1.0
7933.0	3.0
7934.0	4.0
7936.0	1.0
7940.0	4.0
7943.0	1.0
7945.0	1.0
7947.0	1.0
7950.0	1.0
7952.0	1.0
7954.0	1.0
7955.0	1.0
7956.0	1.0
7958.0	1.0
7961.0	1.0
7964.0	1.0
7972.0	1.0
7977.0	1.0
7978.0	1.0
7980.0	2.0
7981.0	1.0
7985.0	1.0
7988.0	1.0
7990.0	1.0
7991.0	1.0
7996.0	1.0
8000.0	1.0
8003.0	2.0
8007.0	1.0
8009.0	1.0
8011.0	1.0
8012.0	1.0
8024.0	1.0
8028.0	2.0
8031.0	1.0
8037.0	1.0
8038.0	1.0
8039.0	1.0
8041.0	1.0
8042.0	1.0
8050.0	1.0
8058.0	2.0
8059.0	1.0
8065.0	1.0
8068.0	1.0
8070.0	1.0
8071.0	1.0
8075.0	1.0
8078.0	1.0
8079.0	1.0
8086.0	1.0
8087.0	1.0
8094.0	2.0
8096.0	1.0
8101.0	1.0
8104.0	1.0
8110.0	1.0
8111.0	1.0
8119.0	1.0
8125.0	1.0
8130.0	2.0
8144.0	1.0
8148.0	1.0
8150.0	1.0
8153.0	1.0
8155.0	1.0
8156.0	2.0
8158.0	1.0
8160.0	1.0
8161.0	1.0
8163.0	2.0
8165.0	1.0
8169.0	2.0
8170.0	1.0
8177.0	1.0
8179.0	1.0
8186.0	1.0
8188.0	1.0
8189.0	2.0
8192.0	1.0
8196.0	1.0
8199.0	1.0
8200.0	1.0
8204.0	1.0
8205.0	1.0
8206.0	1.0
8211.0	1.0
8212.0	1.0
8214.0	1.0
8225.0	1.0
8228.0	1.0
8230.0	1.0
8233.0	1.0
8235.0	1.0
8239.0	1.0
8240.0	1.0
8241.0	1.0
8242.0	1.0
8245.0	1.0
8248.0	1.0
8255.0	1.0
8259.0	1.0
8260.0	1.0
8261.0	1.0
8263.0	1.0
8265.0	1.0
8270.0	1.0
8271.0	1.0
8273.0	1.0
8282.0	1.0
8284.0	1.0
8285.0	1.0
8293.0	1.0
8300.0	2.0
8306.0	1.0
8307.0	1.0
8309.0	1.0
8314.0	1.0
8320.0	2.0
8323.0	1.0
8324.0	1.0
8325.0	1.0
8329.0	1.0
8330.0	1.0
8331.0	1.0
8332.0	1.0
8347.0	1.0
8350.0	1.0
8352.0	1.0
8353.0	1.0
8357.0	1.0
8358.0	1.0
8363.0	1.0
8364.0	1.0
8392.0	1.0
8409.0	1.0
8410.0	1.0
8423.0	1.0
8435.0	1.0
8438.0	1.0
8443.0	1.0
8445.0	2.0
8447.0	1.0
8452.0	1.0
8460.0	2.0
8463.0	2.0
8472.0	1.0
8494.0	1.0
8495.0	1.0
8502.0	1.0
8508.0	1.0
8517.0	1.0
8519.0	1.0
8550.0	1.0
8551.0	1.0
8552.0	2.0
8563.0	1.0
8575.0	1.0
8591.0	1.0
8600.0	1.0
8613.0	1.0
8623.0	1.0
8635.0	1.0
8636.0	1.0
8646.0	1.0
8653.0	1.0
8654.0	1.0
8671.0	1.0
8673.0	1.0
8677.0	1.0
8679.0	1.0
8682.0	1.0
8683.0	1.0
8717.0	1.0
8737.0	2.0
8755.0	1.0
8761.0	1.0
8780.0	1.0
8787.0	1.0
8798.0	1.0
8801.0	1.0
8804.0	1.0
8809.0	1.0
8816.0	1.0
8820.0	1.0
8823.0	1.0
8824.0	1.0
8829.0	1.0
8832.0	1.0
8833.0	1.0
8837.0	1.0
8843.0	1.0
8852.0	1.0
8862.0	1.0
8878.0	2.0
8880.0	1.0
8882.0	1.0
8883.0	1.0
8884.0	1.0
8889.0	1.0
8892.0	1.0
8897.0	1.0
8900.0	1.0
8907.0	1.0
8908.0	1.0
8914.0	1.0
8920.0	1.0
8935.0	1.0
8937.0	1.0
8945.0	1.0
8946.0	1.0
8947.0	1.0
8957.0	3.0
8966.0	1.0
8981.0	1.0
8995.0	1.0
9004.0	1.0
9006.0	1.0
9018.0	1.0
9023.0	1.0
9028.0	1.0
9029.0	2.0
9040.0	1.0
9041.0	1.0
9043.0	1.0
9050.0	2.0
9066.0	1.0
9070.0	1.0
9071.0	1.0
9075.0	1.0
9078.0	1.0
9081.0	2.0
9082.0	1.0
9083.0	1.0
9084.0	1.0
9085.0	1.0
9094.0	2.0
9096.0	2.0
9097.0	1.0
9102.0	1.0
9105.0	1.0
9108.0	1.0
9110.0	1.0
9111.0	2.0
9118.0	1.0
9119.0	2.0
9121.0	1.0
9123.0	1.0
9129.0	1.0
9130.0	1.0
9145.0	1.0
9154.0	2.0
9158.0	1.0
9159.0	1.0
9168.0	1.0
9184.0	1.0
9188.0	1.0
9205.0	1.0
9209.0	1.0
9212.0	1.0
9231.0	1.0
9232.0	1.0
9264.0	1.0
9269.0	2.0
9280.0	1.0
9282.0	1.0
9288.0	1.0
9291.0	1.0
9293.0	1.0
9296.0	1.0
9298.0	1.0
9299.0	1.0
9304.0	1.0
9306.0	1.0
9317.0	1.0
9344.0	1.0
9348.0	1.0
9352.0	1.0
9357.0	1.0
9362.0	1.0
9368.0	1.0
9375.0	1.0
9379.0	1.0
9380.0	1.0
9381.0	1.0
9382.0	1.0
9384.0	1.0
9390.0	1.0
9392.0	1.0
9398.0	1.0
9405.0	1.0
9410.0	1.0
9412.0	1.0
9433.0	1.0
9434.0	1.0
9442.0	1.0
9444.0	1.0
9448.0	1.0
9451.0	2.0
9455.0	1.0
9457.0	1.0
9458.0	1.0
9469.0	1.0
9475.0	1.0
9487.0	2.0
9493.0	1.0
9501.0	1.0
9507.0	1.0
9514.0	1.0
9515.0	1.0
9532.0	1.0
9538.0	1.0
9540.0	1.0
9562.0	1.0
9567.0	1.0
9575.0	1.0
9581.0	1.0
9586.0	1.0
9590.0	1.0
9603.0	1.0
9608.0	1.0
9611.0	1.0
9618.0	1.0
9630.0	1.0
9631.0	1.0
9645.0	1.0
9647.0	2.0
9650.0	1.0
9658.0	1.0
9668.0	2.0
9684.0	1.0
9693.0	1.0
9697.0	1.0
9700.0	1.0
9702.0	2.0
9712.0	1.0
9718.0	1.0
9726.0	1.0
9727.0	1.0
9732.0	1.0
9750.0	1.0
9759.0	1.0
9765.0	1.0
9772.0	1.0
9778.0	1.0
9791.0	1.0
9804.0	1.0
9807.0	1.0
9815.0	1.0
9822.0	1.0
9828.0	1.0
9832.0	1.0
9834.0	1.0
9837.0	2.0
9839.0	1.0
9840.0	1.0
9860.0	2.0
9873.0	1.0
9879.0	2.0
9880.0	1.0
9888.0	1.0
9890.0	1.0
9892.0	1.0
9898.0	1.0
9909.0	1.0
9910.0	2.0
9914.0	1.0
9938.0	1.0
9942.0	1.0
9948.0	1.0
9952.0	1.0
9957.0	1.0
9982.0	1.0
9983.0	2.0
10000.0	1.0
10006.0	1.0
10010.0	1.0
10026.0	1.0
10034.0	1.0
10035.0	1.0
10036.0	1.0
10042.0	1.0
10047.0	1.0
10051.0	2.0
10054.0	1.0
10058.0	1.0
10060.0	1.0
10091.0	1.0
10099.0	1.0
10121.0	1.0
10124.0	1.0
10135.0	1.0
10142.0	1.0
10152.0	1.0
10162.0	1.0
10168.0	1.0
10169.0	1.0
10172.0	1.0
10174.0	1.0
10180.0	1.0
10186.0	1.0
10200.0	1.0
10209.0	1.0
10213.0	1.0
10216.0	1.0
10235.0	1.0
10242.0	1.0
10243.0	1.0
10251.0	1.0
10252.0	2.0
10258.0	1.0
10271.0	1.0
10276.0	1.0
10289.0	1.0
10292.0	1.0
10293.0	1.0
10301.0	1.0
10302.0	2.0
10312.0	1.0
10315.0	1.0
10318.0	1.0
10322.0	1.0
10327.0	1.0
10382.0	1.0
10385.0	1.0
10396.0	1.0
10405.0	1.0
10411.0	1.0
10424.0	1.0
10426.0	1.0
10433.0	2.0
10463.0	1.0
10465.0	1.0
10466.0	1.0
10471.0	1.0
10474.0	1.0
10475.0	1.0
10476.0	1.0
10484.0	1.0
10485.0	1.0
10496.0	1.0
10518.0	1.0
10528.0	1.0
10529.0	1.0
10552.0	1.0
10567.0	1.0
10571.0	1.0
10572.0	1.0
10576.0	1.0
10579.0	2.0
10581.0	2.0
10582.0	1.0
10587.0	1.0
10590.0	1.0
10591.0	1.0
10592.0	1.0
10606.0	1.0
10608.0	1.0
10623.0	1.0
10627.0	1.0
10638.0	1.0
10658.0	1.0
10662.0	1.0
10664.0	1.0
10666.0	1.0
10671.0	1.0
10677.0	1.0
10684.0	2.0
10685.0	1.0
10691.0	1.0
10698.0	1.0
10702.0	1.0
10710.0	1.0
10713.0	1.0
10714.0	1.0
10727.0	1.0
10728.0	1.0
10733.0	1.0
10752.0	1.0
10756.0	2.0
10760.0	1.0
10764.0	2.0
10767.0	1.0
10771.0	1.0
10773.0	1.0
10788.0	1.0
10790.0	1.0
10802.0	1.0
10805.0	1.0
10812.0	1.0
10819.0	1.0
10825.0	1.0
10828.0	4.0
10829.0	2.0
10830.0	2.0
10831.0	1.0
10833.0	2.0
10834.0	2.0
10836.0	4.0
10837.0	1.0
10840.0	1.0
10848.0	1.0
10852.0	1.0
10856.0	1.0
10878.0	1.0
10886.0	1.0
10901.0	1.0
10907.0	1.0
10913.0	1.0
10923.0	2.0
10943.0	1.0
10969.0	1.0
10979.0	1.0
10982.0	1.0
10992.0	1.0
10998.0	1.0
10999.0	1.0
11021.0	1.0
11022.0	1.0
11035.0	2.0
11040.0	1.0
11044.0	1.0
11064.0	1.0
11065.0	1.0
11070.0	1.0
11086.0	1.0
11091.0	1.0
11093.0	1.0
11096.0	1.0
11101.0	1.0
11106.0	1.0
11110.0	1.0
11114.0	1.0
11120.0	2.0
11125.0	1.0
11148.0	2.0
11163.0	1.0
11168.0	2.0
11206.0	1.0
11221.0	1.0
11224.0	1.0
11225.0	1.0
11229.0	1.0
11236.0	1.0
11244.0	1.0
11246.0	1.0
11262.0	1.0
11268.0	1.0
11278.0	1.0
11284.0	1.0
11287.0	1.0
11292.0	1.0
11295.0	1.0
11331.0	1.0
11336.0	1.0
11338.0	1.0
11346.0	1.0
11351.0	1.0
11358.0	1.0
11370.0	1.0
11377.0	1.0
11382.0	1.0
11387.0	1.0
11397.0	1.0
11400.0	1.0
11404.0	1.0
11410.0	1.0
11438.0	1.0
11444.0	1.0
11450.0	1.0
11460.0	1.0
11463.0	1.0
11467.0	1.0
11472.0	1.0
11480.0	2.0
11483.0	1.0
11487.0	1.0
11505.0	1.0
11507.0	1.0
11519.0	1.0
11526.0	1.0
11534.0	1.0
11536.0	1.0
11537.0	1.0
11546.0	1.0
11558.0	1.0
11559.0	1.0
11575.0	1.0
11577.0	1.0
11593.0	1.0
11595.0	1.0
11605.0	1.0
11653.0	1.0
11663.0	1.0
11668.0	1.0
11672.0	1.0
11684.0	1.0
11685.0	1.0
11708.0	1.0
11718.0	2.0
11724.0	1.0
11727.0	2.0
11741.0	1.0
11749.0	1.0
11761.0	2.0
11765.0	1.0
11768.0	1.0
11771.0	1.0
11772.0	1.0
11784.0	2.0
11804.0	1.0
11806.0	1.0
11809.0	1.0
11812.0	1.0
11817.0	1.0
11821.0	1.0
11822.0	1.0
11825.0	1.0
11828.0	1.0
11830.0	1.0
11855.0	1.0
11864.0	1.0
11867.0	1.0
11887.0	1.0
11891.0	1.0
11903.0	1.0
11916.0	1.0
11919.0	1.0
11929.0	1.0
11940.0	1.0
11949.0	1.0
11950.0	1.0
11960.0	1.0
11966.0	1.0
11971.0	1.0
11972.0	2.0
11974.0	1.0
11979.0	1.0
11987.0	1.0
11993.0	1.0
11996.0	1.0
11998.0	1.0
12002.0	2.0
12009.0	1.0
12017.0	1.0
12018.0	1.0
12020.0	1.0
12021.0	1.0
12022.0	1.0
12025.0	2.0
12031.0	1.0
12033.0	2.0
12035.0	1.0
12037.0	2.0
12038.0	1.0
12041.0	1.0
12042.0	1.0
12043.0	1.0
12046.0	1.0
12047.0	1.0
12048.0	2.0
12049.0	1.0
12050.0	1.0
12051.0	6.0
12052.0	3.0
12053.0	1.0
12055.0	1.0
12057.0	2.0
12066.0	1.0
12077.0	1.0
12091.0	1.0
12107.0	1.0
12111.0	1.0
12114.0	1.0
12117.0	1.0
12122.0	1.0
12131.0	1.0
12132.0	1.0
12136.0	1.0
12146.0	1.0
12157.0	1.0
12158.0	1.0
12169.0	1.0
12183.0	1.0
12193.0	1.0
12195.0	1.0
12203.0	1.0
12236.0	1.0
12248.0	1.0
12254.0	1.0
12256.0	1.0
12279.0	1.0
12281.0	1.0
12285.0	1.0
12292.0	1.0
12301.0	1.0
12318.0	1.0
12332.0	1.0
12333.0	2.0
12335.0	1.0
12343.0	2.0
12352.0	1.0
12364.0	1.0
12367.0	1.0
12383.0	1.0
12393.0	1.0
12398.0	1.0
12400.0	1.0
12409.0	1.0
12415.0	1.0
12433.0	1.0
12434.0	1.0
12439.0	1.0
12447.0	1.0
12450.0	1.0
12462.0	1.0
12467.0	1.0
12475.0	1.0
12486.0	1.0
12487.0	1.0
12496.0	1.0
12505.0	1.0
12507.0	1.0
12535.0	1.0
12539.0	1.0
12554.0	1.0
12562.0	1.0
12564.0	1.0
12566.0	1.0
12569.0	1.0
12588.0	1.0
12594.0	1.0
12609.0	2.0
12611.0	1.0
12622.0	1.0
12623.0	1.0
12626.0	1.0
12629.0	1.0
12630.0	1.0
12636.0	1.0
12640.0	1.0
12650.0	2.0
12653.0	1.0
12659.0	1.0
12661.0	1.0
12665.0	1.0
12666.0	1.0
12667.0	1.0
12669.0	2.0
12670.0	1.0
12671.0	1.0
12672.0	1.0
12673.0	2.0
12674.0	1.0
12686.0	1.0
12690.0	1.0
12692.0	1.0
12702.0	1.0
12708.0	1.0
12740.0	2.0
12742.0	1.0
12744.0	1.0
12765.0	1.0
12766.0	1.0
12769.0	1.0
12774.0	1.0
12779.0	1.0
12789.0	2.0
12792.0	1.0
12793.0	1.0
12801.0	1.0
12802.0	1.0
12818.0	1.0
12824.0	1.0
12827.0	1.0
12828.0	1.0
12834.0	1.0
12846.0	1.0
12847.0	1.0
12857.0	1.0
12866.0	1.0
12879.0	2.0
12880.0	1.0
12883.0	1.0
12886.0	1.0
12888.0	1.0
12906.0	2.0
12912.0	1.0
12914.0	1.0
12916.0	1.0
12922.0	1.0
12926.0	1.0
12938.0	1.0
12940.0	1.0
12945.0	1.0
12968.0	1.0
12990.0	1.0
12992.0	1.0
13002.0	1.0
13005.0	1.0
13017.0	1.0
13034.0	1.0
13038.0	1.0
13040.0	1.0
13056.0	1.0
13058.0	1.0
13061.0	1.0
13068.0	1.0
13071.0	1.0
13084.0	1.0
13097.0	1.0
13099.0	1.0
13101.0	1.0
13106.0	1.0
13116.0	1.0
13117.0	1.0
13121.0	1.0
13122.0	2.0
13124.0	1.0
13132.0	1.0
13133.0	1.0
13135.0	1.0
13136.0	3.0
13140.0	1.0
13142.0	1.0
13146.0	1.0
13156.0	1.0
13164.0	1.0
13166.0	1.0
13167.0	1.0
13177.0	1.0
13183.0	1.0
13186.0	1.0
13195.0	1.0
13201.0	2.0
13226.0	1.0
13227.0	2.0
13236.0	1.0
13237.0	1.0
13256.0	1.0
13262.0	1.0
13263.0	1.0
13274.0	1.0
13276.0	1.0
13280.0	2.0
13293.0	1.0
13295.0	1.0
13296.0	1.0
13304.0	1.0
13315.0	1.0
13318.0	1.0
13319.0	1.0
13325.0	1.0
13328.0	1.0
13336.0	2.0
13348.0	1.0
13353.0	2.0
13355.0	1.0
13357.0	1.0
13367.0	1.0
13371.0	1.0
13374.0	1.0
13377.0	1.0
13383.0	1.0
13386.0	1.0
13395.0	1.0
13399.0	1.0
13409.0	1.0
13415.0	1.0
13422.0	1.0
13425.0	1.0
13430.0	2.0
13442.0	1.0
13444.0	1.0
13459.0	1.0
13475.0	1.0
13488.0	1.0
13503.0	1.0
13504.0	1.0
13506.0	1.0
13515.0	1.0
13521.0	2.0
13525.0	1.0
13554.0	1.0
13560.0	1.0
13563.0	1.0
13570.0	1.0
13584.0	1.0
13599.0	2.0
13610.0	1.0
13611.0	1.0
13612.0	1.0
13619.0	1.0
13628.0	1.0
13630.0	1.0
13631.0	1.0
13638.0	1.0
13640.0	1.0
13664.0	1.0
13665.0	1.0
13671.0	1.0
13673.0	1.0
13675.0	1.0
13682.0	1.0
13686.0	2.0
13691.0	2.0
13694.0	1.0
13704.0	1.0
13705.0	1.0
13706.0	1.0
13710.0	1.0
13714.0	2.0
13723.0	1.0
13727.0	1.0
13742.0	1.0
13749.0	1.0
13786.0	1.0
13809.0	1.0
13815.0	1.0
13816.0	1.0
13838.0	1.0
13841.0	1.0
13847.0	1.0
13889.0	1.0
13892.0	1.0
13894.0	1.0
13919.0	1.0
13922.0	1.0
13925.0	2.0
13926.0	1.0
13935.0	1.0
13980.0	1.0
14006.0	1.0
14016.0	1.0
14020.0	1.0
14045.0	1.0
14048.0	1.0
14051.0	1.0
14052.0	1.0
14085.0	1.0
14087.0	1.0
14106.0	1.0
14109.0	1.0
14129.0	1.0
14143.0	1.0
14166.0	1.0
14167.0	1.0
14188.0	1.0
14189.0	1.0
14193.0	1.0
14197.0	1.0
14209.0	1.0
14215.0	1.0
14223.0	1.0
14231.0	1.0
14246.0	1.0
14259.0	1.0
14272.0	1.0
14286.0	1.0
14287.0	1.0
14295.0	2.0
14296.0	1.0
14297.0	1.0
14301.0	1.0
14302.0	1.0
14329.0	1.0
14369.0	1.0
14373.0	1.0
14378.0	1.0
14414.0	1.0
14419.0	1.0
14430.0	1.0
14444.0	1.0
14446.0	1.0
14453.0	1.0
14468.0	1.0
14469.0	1.0
14475.0	1.0
14506.0	1.0
14510.0	1.0
14512.0	2.0
14513.0	2.0
14525.0	1.0
14527.0	1.0
14539.0	1.0
14551.0	1.0
14565.0	1.0
14594.0	1.0
14597.0	1.0
14604.0	1.0
14611.0	1.0
14621.0	1.0
14640.0	1.0
14646.0	1.0
14656.0	1.0
14664.0	1.0
14692.0	1.0
14695.0	1.0
14697.0	1.0
14698.0	1.0
14700.0	1.0
14711.0	1.0
14713.0	1.0
14723.0	1.0
14733.0	1.0
14736.0	1.0
14741.0	1.0
14748.0	1.0
14759.0	1.0
14767.0	1.0
14769.0	1.0
14772.0	1.0
14773.0	1.0
14777.0	1.0
14778.0	1.0
14784.0	1.0
14801.0	1.0
14810.0	1.0
14826.0	1.0
14836.0	1.0
14840.0	1.0
14841.0	1.0
14848.0	1.0
14877.0	1.0
14880.0	1.0
14882.0	1.0
14884.0	1.0
14901.0	1.0
14909.0	1.0
14914.0	1.0
14915.0	1.0
14916.0	1.0
14926.0	1.0
14935.0	2.0
14941.0	1.0
14946.0	1.0
14956.0	2.0
14962.0	2.0
14993.0	2.0
15010.0	1.0
15019.0	1.0
15044.0	1.0
15051.0	1.0
15053.0	1.0
15061.0	1.0
15065.0	1.0
15077.0	2.0
15083.0	1.0
15084.0	2.0
15102.0	2.0
15107.0	1.0
15128.0	2.0
15142.0	1.0
15150.0	1.0
15151.0	1.0
15168.0	1.0
15171.0	1.0
15178.0	2.0
15194.0	1.0
15200.0	1.0
15201.0	1.0
15202.0	1.0
15203.0	1.0
15208.0	1.0
15212.0	1.0
15221.0	1.0
15242.0	1.0
15264.0	2.0
15273.0	1.0
15288.0	1.0
15290.0	1.0
15299.0	1.0
15301.0	1.0
15302.0	1.0
15307.0	2.0
15318.0	1.0
15326.0	1.0
15335.0	1.0
15345.0	1.0
15355.0	1.0
15358.0	1.0
15364.0	1.0
15368.0	1.0
15375.0	2.0
15376.0	1.0
15383.0	1.0
15384.0	2.0
15385.0	1.0
15392.0	1.0
15393.0	2.0
15395.0	1.0
15426.0	1.0
15450.0	1.0
15465.0	1.0
15466.0	1.0
15481.0	1.0
15483.0	1.0
15489.0	2.0
15498.0	2.0
15501.0	1.0
15504.0	1.0
15506.0	1.0
15521.0	2.0
15529.0	1.0
15531.0	1.0
15532.0	1.0
15536.0	1.0
15546.0	1.0
15577.0	1.0
15588.0	1.0
15590.0	1.0
15596.0	1.0
15608.0	1.0
15613.0	2.0
15631.0	1.0
15638.0	1.0
15639.0	1.0
15643.0	1.0
15657.0	1.0
15659.0	1.0
15665.0	1.0
15680.0	1.0
15689.0	1.0
15695.0	1.0
15698.0	1.0
15708.0	1.0
15714.0	1.0
15750.0	1.0
15756.0	1.0
15771.0	1.0
15778.0	1.0
15785.0	1.0
15795.0	1.0
15807.0	1.0
15816.0	2.0
15829.0	1.0
15832.0	1.0
15835.0	1.0
15840.0	1.0
15846.0	1.0
15875.0	1.0
15882.0	1.0
15894.0	1.0
15899.0	1.0
15921.0	1.0
15925.0	1.0
15926.0	1.0
15928.0	1.0
15939.0	1.0
15957.0	1.0
15961.0	1.0
15965.0	1.0
15975.0	2.0
16000.0	1.0
16007.0	1.0
16009.0	1.0
16013.0	1.0
16018.0	2.0
16026.0	1.0
16027.0	1.0
16037.0	1.0
16039.0	1.0
16062.0	1.0
16073.0	1.0
16087.0	1.0
16093.0	1.0
16123.0	1.0
16129.0	1.0
16133.0	1.0
16137.0	1.0
16158.0	1.0
16160.0	1.0
16162.0	1.0
16181.0	1.0
16182.0	1.0
16199.0	1.0
16225.0	1.0
16241.0	1.0
16248.0	2.0
16254.0	1.0
16257.0	1.0
16275.0	1.0
16279.0	1.0
16303.0	1.0
16310.0	1.0
16329.0	1.0
16345.0	1.0
16353.0	1.0
16361.0	1.0
16363.0	1.0
16375.0	1.0
16377.0	1.0
16378.0	1.0
16387.0	1.0
16414.0	1.0
16420.0	1.0
16430.0	2.0
16435.0	1.0
16442.0	1.0
16445.0	1.0
16449.0	1.0
16467.0	1.0
16468.0	1.0
16478.0	2.0
16479.0	1.0
16483.0	1.0
16525.0	1.0
16535.0	1.0
16545.0	1.0
16552.0	1.0
16553.0	1.0
16576.0	1.0
16604.0	1.0
16609.0	1.0
16624.0	1.0
16628.0	1.0
16631.0	1.0
16648.0	1.0
16652.0	1.0
16655.0	1.0
16658.0	1.0
16663.0	1.0
16670.0	1.0
16679.0	1.0
16691.0	1.0
16708.0	1.0
16713.0	1.0
16721.0	1.0
16729.0	1.0
16733.0	2.0
16734.0	1.0
16740.0	1.0
16741.0	1.0
16746.0	1.0
16749.0	1.0
16759.0	1.0
16762.0	1.0
16767.0	1.0
16769.0	1.0
16770.0	1.0
16772.0	1.0
16776.0	1.0
16808.0	1.0
16809.0	1.0
16819.0	1.0
16820.0	1.0
16827.0	1.0
16830.0	1.0
16832.0	1.0
16835.0	2.0
16839.0	1.0
16841.0	1.0
16851.0	1.0
16852.0	1.0
16865.0	1.0
16880.0	1.0
16884.0	1.0
16910.0	1.0
16913.0	1.0
16916.0	1.0
16922.0	1.0
16923.0	1.0
16933.0	1.0
16937.0	1.0
16945.0	1.0
16952.0	1.0
16958.0	1.0
16963.0	1.0
16964.0	1.0
16979.0	1.0
16985.0	1.0
16989.0	1.0
16990.0	1.0
16996.0	1.0
17006.0	1.0
17017.0	1.0
17019.0	1.0
17020.0	1.0
17027.0	1.0
17036.0	1.0
17048.0	1.0
17067.0	1.0
17074.0	1.0
17075.0	1.0
17099.0	1.0
17100.0	1.0
17103.0	1.0
17106.0	1.0
17114.0	1.0
17115.0	1.0
17119.0	1.0
17126.0	1.0
17128.0	1.0
17132.0	1.0
17134.0	3.0
17135.0	2.0
17136.0	1.0
17142.0	1.0
17150.0	1.0
17152.0	1.0
17153.0	1.0
17156.0	1.0
17160.0	1.0
17161.0	1.0
17165.0	1.0
17169.0	1.0
17170.0	1.0
17172.0	1.0
17173.0	1.0
17174.0	1.0
17178.0	1.0
17206.0	1.0
17210.0	1.0
17212.0	2.0
17223.0	1.0
17227.0	1.0
17255.0	1.0
17258.0	1.0
17262.0	1.0
17265.0	1.0
17322.0	1.0
17343.0	1.0
17358.0	1.0
17376.0	3.0
17396.0	1.0
17406.0	1.0
17412.0	1.0
17431.0	2.0
17435.0	1.0
17445.0	1.0
17449.0	1.0
17486.0	1.0
17489.0	1.0
17518.0	1.0
17545.0	1.0
17555.0	1.0
17572.0	1.0
17575.0	1.0
17584.0	1.0
17587.0	1.0
17626.0	1.0
17628.0	1.0
17635.0	1.0
17658.0	1.0
17701.0	1.0
17715.0	1.0
17733.0	1.0
17738.0	1.0
17741.0	1.0
17760.0	1.0
17777.0	1.0
17785.0	1.0
17804.0	1.0
17834.0	1.0
17894.0	1.0
17896.0	1.0
17909.0	1.0
17914.0	1.0
17927.0	2.0
17935.0	1.0
17937.0	1.0
17947.0	1.0
17956.0	1.0
17983.0	1.0
18009.0	1.0
18017.0	1.0
18037.0	1.0
18083.0	1.0
18110.0	1.0
18127.0	1.0
18136.0	1.0
18137.0	1.0
18141.0	1.0
18144.0	1.0
18172.0	1.0
18179.0	1.0
18184.0	1.0
18196.0	1.0
18210.0	1.0
18222.0	1.0
18232.0	1.0
18250.0	1.0
18257.0	1.0
18298.0	1.0
18311.0	1.0
18325.0	1.0
18328.0	1.0
18336.0	1.0
18358.0	2.0
18389.0	1.0
18400.0	1.0
18401.0	1.0
18402.0	1.0
18403.0	1.0
18423.0	1.0
18429.0	1.0
18432.0	1.0
18450.0	1.0
18451.0	1.0
18467.0	1.0
18468.0	1.0
18498.0	1.0
18505.0	1.0
18506.0	1.0
18541.0	1.0
18542.0	1.0
18563.0	1.0
18583.0	1.0
18590.0	1.0
18591.0	1.0
18626.0	1.0
18639.0	1.0
18640.0	1.0
18641.0	1.0
18649.0	2.0
18652.0	1.0
18665.0	1.0
18666.0	1.0
18684.0	1.0
18703.0	1.0
18709.0	1.0
18731.0	1.0
18779.0	1.0
18780.0	1.0
18785.0	1.0
18826.0	2.0
18842.0	1.0
18873.0	1.0
18879.0	1.0
18887.0	1.0
18892.0	1.0
18913.0	1.0
18954.0	2.0
18977.0	1.0
18979.0	1.0
18984.0	1.0
18987.0	1.0
19015.0	1.0
19018.0	1.0
19043.0	1.0
19046.0	1.0
19056.0	1.0
19066.0	1.0
19085.0	1.0
19095.0	1.0
19099.0	1.0
19106.0	1.0
19124.0	1.0
19146.0	1.0
19169.0	1.0
19178.0	1.0
19184.0	1.0
19200.0	1.0
19201.0	1.0
19203.0	1.0
19207.0	1.0
19208.0	1.0
19210.0	1.0
19232.0	1.0
19233.0	1.0
19241.0	2.0
19244.0	1.0
19245.0	1.0
19249.0	1.0
19258.0	1.0
19264.0	1.0
19274.0	1.0
19293.0	1.0
19329.0	1.0
19330.0	1.0
19347.0	1.0
19386.0	1.0
19387.0	2.0
19402.0	1.0
19412.0	1.0
19417.0	1.0
19419.0	1.0
19420.0	1.0
19421.0	1.0
19425.0	1.0
19430.0	1.0
19431.0	1.0
19435.0	1.0
19442.0	1.0
19451.0	1.0
19470.0	1.0
19491.0	1.0
19513.0	1.0
19515.0	1.0
19527.0	1.0
19549.0	1.0
19558.0	1.0
19569.0	1.0
19583.0	1.0
19595.0	1.0
19614.0	1.0
19624.0	1.0
19637.0	1.0
19650.0	1.0
19655.0	2.0
19658.0	1.0
19677.0	1.0
19681.0	1.0
19682.0	1.0
19685.0	1.0
19688.0	1.0
19696.0	1.0
19711.0	2.0
19712.0	1.0
19718.0	1.0
19720.0	1.0
19724.0	1.0
19734.0	1.0
19740.0	1.0
19753.0	1.0
19759.0	1.0
19762.0	1.0
19763.0	2.0
19773.0	1.0
19776.0	1.0
19786.0	1.0
19789.0	1.0
19796.0	1.0
19799.0	1.0
19808.0	1.0
19813.0	1.0
19820.0	1.0
19825.0	1.0
19832.0	1.0
19837.0	1.0
19839.0	1.0
19840.0	1.0
19847.0	1.0
19850.0	1.0
19857.0	1.0
19858.0	1.0
19867.0	1.0
19870.0	1.0
19871.0	1.0
19875.0	1.0
19876.0	1.0
19878.0	1.0
19879.0	1.0
19882.0	1.0
19883.0	1.0
19912.0	1.0
19913.0	1.0
19919.0	1.0
19936.0	1.0
19941.0	1.0
19951.0	1.0
19974.0	1.0
19986.0	1.0
19988.0	1.0
19995.0	1.0
20021.0	1.0
20037.0	1.0
20048.0	1.0
20052.0	1.0
20059.0	1.0
20067.0	1.0
20069.0	1.0
20075.0	1.0
20115.0	1.0
20156.0	1.0
20183.0	1.0
20184.0	1.0
20195.0	1.0
20198.0	1.0
20210.0	1.0
20213.0	1.0
20235.0	1.0
20238.0	1.0
20240.0	1.0
20241.0	1.0
20250.0	1.0
20252.0	1.0
20264.0	1.0
20266.0	1.0
20282.0	1.0
20295.0	1.0
20306.0	1.0
20315.0	1.0
20317.0	1.0
20347.0	1.0
20365.0	1.0
20392.0	1.0
20416.0	1.0
20422.0	1.0
20450.0	1.0
20464.0	1.0
20468.0	1.0
20469.0	1.0
20495.0	1.0
20536.0	1.0
20551.0	1.0
20573.0	1.0
20588.0	1.0
20593.0	1.0
20599.0	1.0
20600.0	1.0
20607.0	1.0
20614.0	1.0
20652.0	1.0
20664.0	2.0
20680.0	1.0
20694.0	1.0
20696.0	1.0
20727.0	1.0
20733.0	1.0
20735.0	1.0
20747.0	1.0
20748.0	1.0
20749.0	1.0
20759.0	1.0
20766.0	1.0
20778.0	1.0
20780.0	1.0
20784.0	1.0
20792.0	1.0
20794.0	1.0
20795.0	1.0
20821.0	1.0
20836.0	1.0
20840.0	1.0
20853.0	2.0
20864.0	1.0
20875.0	1.0
20883.0	2.0
20893.0	1.0
20894.0	1.0
20905.0	1.0
20913.0	1.0
20914.0	1.0
20915.0	1.0
20928.0	2.0
20930.0	1.0
20935.0	1.0
20937.0	1.0
20938.0	1.0
20941.0	1.0
20943.0	1.0
20944.0	1.0
20947.0	1.0
20950.0	1.0
20957.0	1.0
20961.0	1.0
20962.0	1.0
20965.0	1.0
20970.0	1.0
20974.0	2.0
20977.0	1.0
20980.0	2.0
20982.0	1.0
20989.0	1.0
20996.0	1.0
21025.0	1.0
21036.0	1.0
21065.0	1.0
21087.0	1.0
21109.0	1.0
21132.0	1.0
21133.0	1.0
21136.0	1.0
21139.0	1.0
21149.0	2.0
21163.0	1.0
21179.0	1.0
21191.0	1.0
21195.0	1.0
21204.0	1.0
21207.0	1.0
21217.0	1.0
21220.0	1.0
21232.0	1.0
21242.0	1.0
21252.0	1.0
21257.0	1.0
21262.0	2.0
21269.0	1.0
21271.0	1.0
21272.0	1.0
21276.0	1.0
21282.0	1.0
21294.0	1.0
21295.0	1.0
21299.0	1.0
21305.0	2.0
21314.0	1.0
21319.0	1.0
21329.0	1.0
21351.0	1.0
21360.0	1.0
21364.0	1.0
21367.0	1.0
21394.0	1.0
21396.0	1.0
21398.0	1.0
21401.0	1.0
21420.0	1.0
21433.0	1.0
21456.0	1.0
21462.0	1.0
21464.0	1.0
21465.0	1.0
21470.0	1.0
21472.0	1.0
21476.0	1.0
21485.0	1.0
21487.0	1.0
21499.0	1.0
21500.0	2.0
21506.0	1.0
21507.0	1.0
21514.0	1.0
21516.0	1.0
21527.0	1.0
21529.0	1.0
21533.0	1.0
21540.0	1.0
21542.0	1.0
21545.0	1.0
21550.0	1.0
21555.0	1.0
21560.0	1.0
21563.0	1.0
21566.0	1.0
21571.0	1.0
21572.0	1.0
21574.0	1.0
21579.0	1.0
21583.0	1.0
21584.0	1.0
21586.0	1.0
21587.0	1.0
21588.0	2.0
21592.0	1.0
21594.0	1.0
21595.0	2.0
21596.0	1.0
21605.0	1.0
21623.0	1.0
21641.0	1.0
21643.0	1.0
21649.0	1.0
21704.0	2.0
21728.0	1.0
21737.0	1.0
21755.0	1.0
21769.0	1.0
21791.0	1.0
21812.0	1.0
21825.0	1.0
21832.0	1.0
21853.0	1.0
21854.0	1.0
21857.0	1.0
21869.0	1.0
21872.0	1.0
21876.0	1.0
21884.0	1.0
21889.0	1.0
21890.0	1.0
21891.0	1.0
21894.0	3.0
21895.0	2.0
21898.0	2.0
21916.0	1.0
21925.0	1.0
21932.0	1.0
21934.0	1.0
21939.0	1.0
21961.0	1.0
21981.0	1.0
21986.0	1.0
21987.0	1.0
22019.0	1.0
22032.0	1.0
22055.0	1.0
22081.0	1.0
22090.0	1.0
22100.0	1.0
22101.0	1.0
22128.0	1.0
22144.0	1.0
22145.0	1.0
22174.0	1.0
22176.0	1.0
22185.0	1.0
22188.0	1.0
22196.0	1.0
22201.0	1.0
22220.0	1.0
22245.0	1.0
22253.0	1.0
22268.0	2.0
22280.0	1.0
22282.0	1.0
22311.0	1.0
22318.0	1.0
22331.0	1.0
22374.0	1.0
22381.0	1.0
22391.0	1.0
22393.0	1.0
22417.0	1.0
22428.0	1.0
22438.0	1.0
22457.0	1.0
22482.0	1.0
22483.0	1.0
22507.0	1.0
22511.0	1.0
22538.0	1.0
22554.0	1.0
22564.0	1.0
22570.0	1.0
22571.0	2.0
22591.0	1.0
22635.0	1.0
22642.0	1.0
22646.0	1.0
22692.0	1.0
22695.0	1.0
22714.0	1.0
22767.0	1.0
22768.0	1.0
22784.0	1.0
22823.0	1.0
22860.0	1.0
22869.0	1.0
22886.0	1.0
22889.0	1.0
22953.0	1.0
22964.0	1.0
23016.0	2.0
23019.0	1.0
23029.0	1.0
23071.0	1.0
23075.0	1.0
23099.0	1.0
23118.0	1.0
23132.0	1.0
23138.0	1.0
23168.0	1.0
23183.0	1.0
23186.0	1.0
23203.0	1.0
23247.0	1.0
23330.0	1.0
23348.0	1.0
23358.0	1.0
23369.0	1.0
23393.0	1.0
23444.0	1.0
23451.0	1.0
23520.0	1.0
23548.0	1.0
23641.0	1.0
23660.0	1.0
23684.0	1.0
23693.0	1.0
23743.0	2.0
23761.0	1.0
23771.0	1.0
23779.0	1.0
23871.0	1.0
23895.0	1.0
23910.0	1.0
23922.0	1.0
23957.0	1.0
23962.0	1.0
23979.0	1.0
24000.0	1.0
24023.0	2.0
24106.0	1.0
24121.0	1.0
24133.0	1.0
24149.0	1.0
24197.0	1.0
24225.0	1.0
24253.0	1.0
24310.0	1.0
24336.0	1.0
24371.0	1.0
24417.0	1.0
24426.0	1.0
24428.0	1.0
24429.0	1.0
24433.0	1.0
24453.0	1.0
24501.0	1.0
24531.0	1.0
24539.0	1.0
24595.0	1.0
24624.0	1.0
24632.0	1.0
24637.0	1.0
24670.0	1.0
24676.0	1.0
24697.0	1.0
24767.0	2.0
24793.0	1.0
24829.0	1.0
24851.0	1.0
24873.0	1.0
24932.0	1.0
24986.0	1.0
24987.0	1.0
24993.0	1.0
25021.0	1.0
25041.0	1.0
25045.0	1.0
25094.0	1.0
25118.0	1.0
25138.0	1.0
25147.0	1.0
25157.0	1.0
25202.0	1.0
25209.0	1.0
25274.0	1.0
25309.0	1.0
25361.0	1.0
25376.0	1.0
25382.0	1.0
25437.0	1.0
25454.0	1.0
25460.0	1.0
25477.0	1.0
25496.0	1.0
25514.0	1.0
25586.0	1.0
25593.0	1.0
25595.0	1.0
25601.0	1.0
25687.0	1.0
25718.0	1.0
25735.0	2.0
25758.0	1.0
25767.0	1.0
25812.0	1.0
25846.0	1.0
25849.0	1.0
25859.0	1.0
25866.0	1.0
25882.0	2.0
25901.0	1.0
25932.0	1.0
25936.0	1.0
25943.0	1.0
25958.0	1.0
25971.0	1.0
25979.0	1.0
25985.0	1.0
25994.0	1.0
26036.0	1.0
26040.0	1.0
26050.0	1.0
26148.0	1.0
26158.0	1.0
26183.0	1.0
26199.0	1.0
26201.0	1.0
26204.0	1.0
26206.0	1.0
26229.0	1.0
26261.0	1.0
26271.0	1.0
26291.0	1.0
26293.0	1.0
26297.0	1.0
26315.0	1.0
26332.0	1.0
26336.0	1.0
26344.0	1.0
26376.0	1.0
26381.0	1.0
26383.0	1.0
26392.0	1.0
26400.0	1.0
26418.0	1.0
26443.0	1.0
26444.0	1.0
26455.0	1.0
26456.0	1.0
26466.0	1.0
26477.0	1.0
26481.0	1.0
26559.0	1.0
26577.0	1.0
26583.0	1.0
26590.0	1.0
26594.0	1.0
26613.0	1.0
26640.0	1.0
26661.0	1.0
26672.0	1.0
26684.0	1.0
26705.0	1.0
26727.0	1.0
26733.0	1.0
26755.0	1.0
26791.0	1.0
26810.0	1.0
26820.0	1.0
26824.0	1.0
26829.0	1.0
26844.0	1.0
26853.0	1.0
26897.0	1.0
26899.0	1.0
26903.0	1.0
26942.0	1.0
26943.0	1.0
27033.0	1.0
27102.0	1.0
27111.0	1.0
27204.0	1.0
27281.0	1.0
27381.0	1.0
27390.0	1.0
27401.0	1.0
27433.0	1.0
27465.0	1.0
27466.0	1.0
27481.0	1.0
27557.0	1.0
27676.0	1.0
27677.0	1.0
27779.0	1.0
27823.0	1.0
27903.0	1.0
27906.0	1.0
28019.0	1.0
28038.0	1.0
28084.0	1.0
28103.0	1.0
28119.0	1.0
28152.0	1.0
28206.0	1.0
28352.0	1.0
28386.0	1.0
28422.0	1.0
28489.0	1.0
28497.0	1.0
28502.0	1.0
28618.0	1.0
28702.0	1.0
28739.0	1.0
28789.0	1.0
28797.0	1.0
28839.0	1.0
28850.0	1.0
28886.0	1.0
28914.0	1.0
28968.0	1.0
29016.0	1.0
29017.0	1.0
29061.0	1.0
29182.0	1.0
29186.0	1.0
29330.0	1.0
29397.0	1.0
29418.0	1.0
29450.0	1.0
29477.0	1.0
29534.0	1.0
29555.0	1.0
29583.0	1.0
29602.0	1.0
29705.0	1.0
29718.0	1.0
29767.0	1.0
29795.0	1.0
29892.0	1.0
29893.0	1.0
29955.0	1.0
29956.0	1.0
29975.0	1.0
29999.0	1.0
30003.0	1.0
30045.0	1.0
30048.0	1.0
30110.0	1.0
30156.0	1.0
30233.0	1.0
30263.0	1.0
30265.0	1.0
30314.0	1.0
30320.0	1.0
30334.0	1.0
30369.0	1.0
30389.0	1.0
30407.0	1.0
30450.0	1.0
30453.0	1.0
30477.0	1.0
30503.0	1.0
30623.0	1.0
30644.0	1.0
30752.0	1.0
30765.0	1.0
30815.0	1.0
30816.0	1.0
30849.0	1.0
30855.0	1.0
30917.0	1.0
30924.0	1.0
31025.0	1.0
31074.0	1.0
31094.0	1.0
31104.0	1.0
31142.0	1.0
31183.0	1.0
31208.0	1.0
31251.0	1.0
31293.0	1.0
31356.0	1.0
31434.0	1.0
31573.0	1.0
31647.0	1.0
31686.0	1.0
31688.0	1.0
31709.0	1.0
31766.0	1.0
31796.0	1.0
31826.0	1.0
31857.0	1.0
31898.0	1.0
31960.0	1.0
31962.0	1.0
32036.0	1.0
32074.0	1.0
32108.0	1.0
32183.0	1.0
32212.0	1.0
32237.0	1.0
32254.0	1.0
32273.0	1.0
32307.0	1.0
32333.0	1.0
32334.0	1.0
32371.0	1.0
32417.0	1.0
32475.0	1.0
32520.0	1.0
32521.0	1.0
32605.0	1.0
32674.0	1.0
32719.0	1.0
32731.0	1.0
32741.0	1.0
32755.0	1.0
32797.0	1.0
32805.0	1.0
32827.0	1.0
32857.0	1.0
32873.0	1.0
32897.0	1.0
32922.0	1.0
32970.0	1.0
32977.0	1.0
32985.0	1.0
32995.0	1.0
33011.0	1.0
33019.0	1.0
33074.0	1.0
33080.0	1.0
33083.0	1.0
33160.0	1.0
33186.0	1.0
33193.0	1.0
33212.0	1.0
33222.0	1.0
33225.0	1.0
33230.0	1.0
33249.0	1.0
33254.0	1.0
33285.0	1.0
33289.0	1.0
33300.0	1.0
33308.0	1.0
33316.0	1.0
33326.0	1.0
33363.0	1.0
33404.0	1.0
33421.0	1.0
33447.0	1.0
33460.0	1.0
33483.0	1.0
33484.0	1.0
33491.0	1.0
33498.0	1.0
33516.0	1.0
33518.0	1.0
33529.0	1.0
33536.0	1.0
33565.0	1.0
33577.0	1.0
33579.0	1.0
33588.0	1.0
33594.0	1.0
33603.0	1.0
33608.0	1.0
33616.0	1.0
33624.0	1.0
33634.0	1.0
33646.0	1.0
33647.0	1.0
33653.0	1.0
33666.0	1.0
33668.0	1.0
33674.0	1.0
33676.0	1.0
33679.0	1.0
33777.0	1.0
33959.0	1.0
33989.0	1.0
34042.0	1.0
34138.0	1.0
34204.0	1.0
34221.0	1.0
34435.0	1.0
34527.0	1.0
34921.0	1.0
34951.0	1.0
34958.0	1.0
35127.0	1.0
35212.0	1.0
35233.0	1.0
35432.0	1.0
35459.0	1.0
35471.0	1.0
35658.0	1.0
35856.0	1.0
35943.0	1.0
36029.0	1.0
36033.0	1.0
36059.0	1.0
36169.0	1.0
36186.0	1.0
36249.0	1.0
36387.0	1.0
36529.0	1.0
36666.0	1.0
36668.0	1.0
36708.0	1.0
36761.0	1.0
36775.0	1.0
37014.0	1.0
37164.0	1.0
37174.0	1.0
37319.0	1.0
37340.0	1.0
37463.0	1.0
37482.0	1.0
37551.0	1.0
37664.0	1.0
37707.0	1.0
37714.0	1.0
37787.0	1.0
37872.0	1.0
37940.0	1.0
38011.0	1.0
38089.0	1.0
38124.0	1.0
38191.0	1.0
38250.0	1.0
38359.0	1.0
38478.0	1.0
38528.0	1.0
38533.0	1.0
38568.0	1.0
38625.0	1.0
38674.0	1.0
38732.0	1.0
38747.0	1.0
38788.0	1.0
38836.0	1.0
38888.0	1.0
38909.0	1.0
38921.0	1.0
39138.0	1.0
39162.0	1.0
39318.0	1.0
39393.0	1.0
39414.0	1.0
39440.0	1.0
39451.0	1.0
39490.0	1.0
39635.0	1.0
39806.0	1.0
39816.0	1.0
39823.0	1.0
39826.0	1.0
39860.0	1.0
39877.0	1.0
39976.0	1.0
39988.0	1.0
40018.0	1.0
40204.0	1.0
40275.0	1.0
40288.0	1.0
40297.0	1.0
40386.0	1.0
40397.0	1.0
40433.0	1.0
40463.0	1.0
40586.0	1.0
40652.0	1.0
40653.0	1.0
40695.0	1.0
40724.0	1.0
40764.0	1.0
40768.0	1.0
40771.0	1.0
40810.0	1.0
40829.0	1.0
40833.0	1.0
40904.0	1.0
40943.0	1.0
40980.0	1.0
41003.0	1.0
41021.0	1.0
41027.0	1.0
41052.0	1.0
41068.0	1.0
41082.0	1.0
41107.0	1.0
41133.0	1.0
41159.0	1.0
41198.0	1.0
41203.0	1.0
41225.0	1.0
41227.0	1.0
41245.0	1.0
41251.0	1.0
41259.0	1.0
41277.0	1.0
41288.0	1.0
41292.0	1.0
41298.0	1.0
41300.0	1.0
41308.0	1.0
41312.0	1.0
41313.0	1.0
41338.0	1.0
41513.0	1.0
41568.0	1.0
41606.0	1.0
41652.0	1.0
41680.0	1.0
41774.0	1.0
41859.0	1.0
41942.0	1.0
41974.0	1.0
42195.0	1.0
42344.0	1.0
42350.0	1.0
42457.0	1.0
42487.0	1.0
42652.0	1.0
42657.0	1.0
42706.0	1.0
42791.0	1.0
42871.0	1.0
42873.0	1.0
42877.0	1.0
42988.0	1.0
43032.0	1.0
43038.0	1.0
43145.0	1.0
43173.0	1.0
43208.0	1.0
43275.0	1.0
43393.0	1.0
43407.0	1.0
43442.0	1.0
43512.0	1.0
43553.0	1.0
43567.0	1.0
43653.0	1.0
43705.0	1.0
43731.0	1.0
43765.0	1.0
43816.0	1.0
43873.0	1.0
43893.0	1.0
43982.0	1.0
44000.0	1.0
44001.0	1.0
44003.0	1.0
44058.0	1.0
44088.0	2.0
44113.0	1.0
44144.0	1.0
44151.0	1.0
44207.0	1.0
44265.0	1.0
44283.0	1.0
44305.0	1.0
44312.0	1.0
44325.0	1.0
44441.0	1.0
44453.0	1.0
44456.0	1.0
44472.0	1.0
44514.0	1.0
44552.0	1.0
44583.0	1.0
44606.0	1.0
44624.0	1.0
44660.0	1.0
44693.0	1.0
44742.0	1.0
44755.0	1.0
44766.0	1.0
44777.0	1.0
44779.0	1.0
44780.0	1.0
44788.0	1.0
44801.0	2.0
44922.0	1.0
44958.0	1.0
44980.0	1.0
45030.0	1.0
45052.0	1.0
45132.0	1.0
45215.0	1.0
45367.0	1.0
45431.0	1.0
45432.0	1.0
45438.0	1.0
45459.0	1.0
45460.0	1.0
45463.0	1.0
45491.0	1.0
45547.0	1.0
45786.0	1.0
46574.0	1.0
46759.0	1.0
46827.0	1.0
47150.0	1.0
47539.0	1.0
47692.0	1.0
47915.0	1.0
48076.0	1.0
48399.0	1.0
48992.0	1.0
49089.0	1.0
49787.0	1.0
49826.0	1.0
49872.0	1.0
50090.0	1.0
50579.0	1.0
50965.0	1.0
51450.0	1.0
51719.0	1.0
51949.0	1.0
52043.0	1.0
52660.0	1.0
52703.0	1.0
53370.0	1.0
53453.0	1.0
53530.0	1.0
53924.0	1.0
54006.0	1.0
54312.0	1.0
54338.0	1.0
54550.0	1.0
54858.0	1.0
54868.0	1.0
55029.0	1.0
55116.0	1.0
55171.0	1.0
55300.0	1.0
55324.0	1.0
55337.0	1.0
55342.0	1.0
55442.0	1.0
55488.0	1.0
55521.0	1.0
55577.0	1.0
55579.0	1.0
55601.0	1.0
55614.0	1.0
57563.0	1.0
59771.0	1.0
59854.0	1.0
63102.0	1.0
64217.0	1.0
65328.0	1.0
70675.0	1.0
71482.0	1.0
76668.0	1.0
78692.0	1.0
78786.0	1.0
81010.0	1.0
83833.0	1.0
85708.0	1.0
86916.0	1.0
90861.0	1.0
91295.0	1.0
97780.0	1.0
98095.0	1.0
101426.0	1.0
104208.0	1.0
104986.0	1.0
106022.0	1.0
108424.0	1.0
109855.0	1.0
110683.0	1.0
115672.0	1.0
116837.0	1.0
122712.0	1.0
122764.0	1.0
125197.0	1.0
127310.0	1.0
127768.0	1.0
132313.0	1.0
132763.0	1.0
134811.0	1.0
138392.0	1.0
140168.0	1.0
144030.0	1.0
144202.0	1.0
148685.0	1.0
149030.0	1.0
152820.0	1.0
153274.0	1.0
156337.0	1.0
157531.0	1.0
160776.0	1.0
161860.0	1.0
164547.0	1.0
166107.0	1.0
166292.0	1.0
169493.0	1.0
171495.0	1.0
174404.0	1.0
177278.0	1.0
178592.0	1.0
180354.0	1.0
182513.0	1.0
188412.0	1.0
191085.0	1.0
192302.0	1.0
195089.0	1.0
195208.0	1.0
198240.0	1.0
198781.0	1.0
201821.0	1.0
203315.0	1.0
203658.0	1.0
208234.0	1.0
208241.0	1.0
212622.0	1.0
213640.0	1.0
216794.0	1.0
216950.0	1.0
218946.0	1.0
221300.0	1.0
221825.0	1.0
224390.0	1.0
225011.0	1.0
227590.0	1.0
227773.0	1.0
230653.0	1.0
230762.0	1.0
232610.0	1.0
234691.0	1.0
236407.0	1.0
238407.0	1.0
238590.0	1.0
244529.0	1.0
245370.0	1.0
246189.0	1.0
247705.0	1.0
247900.0	1.0
248699.0	1.0
249334.0	1.0
249341.0	1.0
250281.0	1.0
251060.0	1.0
251158.0	1.0
252179.0	1.0
253793.0	1.0
256420.0	1.0
256726.0	1.0
258244.0	1.0
258667.0	1.0
259458.0	1.0
260053.0	1.0
260076.0	1.0
261088.0	1.0
261481.0	1.0
261987.0	1.0
263102.0	1.0
263539.0	1.0
263598.0	1.0
264310.0	1.0
264313.0	1.0
264658.0	1.0
264689.0	1.0
264777.0	1.0
265333.0	1.0
265410.0	1.0
265473.0	1.0
265974.0	1.0
266347.0	1.0
266407.0	1.0
266805.0	1.0
267091.0	1.0
267270.0	1.0
267661.0	1.0
267712.0	1.0
267944.0	1.0
268139.0	1.0
268199.0	1.0
268268.0	1.0
268409.0	1.0
268663.0	1.0
268698.0	1.0
269029.0	1.0
269054.0	1.0
269125.0	1.0
269615.0	1.0
269673.0	1.0
269957.0	1.0
270504.0	1.0
271352.0	1.0
271519.0	1.0
272016.0	1.0
273115.0	1.0
274030.0	1.0
274694.0	1.0
274964.0	1.0
275107.0	1.0
275450.0	1.0
275546.0	1.0
275774.0	1.0
277690.0	1.0
277732.0	1.0
278147.0	1.0
278604.0	1.0
278638.0	1.0
279505.0	1.0
279629.0	1.0
279741.0	1.0
