#Insert size (bp)	insert size
1.0	69.0
2.0	72.0
3.0	80.0
4.0	95.0
5.0	84.0
6.0	80.0
7.0	84.0
8.0	82.0
9.0	103.0
10.0	100.0
11.0	84.0
12.0	87.0
13.0	88.0
14.0	75.0
15.0	104.0
16.0	107.0
17.0	138.0
18.0	114.0
19.0	126.0
20.0	118.0
21.0	101.0
22.0	140.0
23.0	142.0
24.0	138.0
25.0	128.0
26.0	137.0
27.0	159.0
28.0	137.0
29.0	160.0
30.0	188.0
31.0	53.0
32.0	55.0
33.0	63.0
34.0	67.0
35.0	61.0
36.0	47.0
37.0	61.0
38.0	70.0
39.0	147.0
40.0	4076.0
41.0	4171.0
42.0	4073.0
43.0	4057.0
44.0	4182.0
45.0	4225.0
46.0	4505.0
47.0	4454.0
48.0	4529.0
49.0	4510.0
50.0	4776.0
51.0	4674.0
52.0	4520.0
53.0	4816.0
54.0	4752.0
55.0	5033.0
56.0	4979.0
57.0	4785.0
58.0	4874.0
59.0	5209.0
60.0	5290.0
61.0	5482.0
62.0	5146.0
63.0	5164.0
64.0	5050.0
65.0	5080.0
66.0	5374.0
67.0	5229.0
68.0	5279.0
69.0	5157.0
70.0	5072.0
71.0	5206.0
72.0	4967.0
73.0	5411.0
74.0	5419.0
75.0	5435.0
76.0	5206.0
77.0	5353.0
78.0	5415.0
79.0	5507.0
80.0	5453.0
81.0	5559.0
82.0	5458.0
83.0	5474.0
84.0	5201.0
85.0	5147.0
86.0	5285.0
87.0	5342.0
88.0	5272.0
89.0	5144.0
90.0	5163.0
91.0	4934.0
92.0	4442.0
93.0	5014.0
94.0	5127.0
95.0	4863.0
96.0	4660.0
97.0	4582.0
98.0	4337.0
99.0	4852.0
100.0	4541.0
101.0	4672.0
102.0	4412.0
103.0	4400.0
104.0	3982.0
105.0	4165.0
106.0	4331.0
107.0	4311.0
108.0	4304.0
109.0	4166.0
110.0	3974.0
111.0	3807.0
112.0	4031.0
113.0	4090.0
114.0	4078.0
115.0	3919.0
116.0	3848.0
117.0	3907.0
118.0	3747.0
119.0	4160.0
120.0	3927.0
121.0	4087.0
122.0	3938.0
123.0	3828.0
124.0	3875.0
125.0	3425.0
126.0	3980.0
127.0	3707.0
128.0	3727.0
129.0	3686.0
130.0	3618.0
131.0	3729.0
132.0	3155.0
133.0	3712.0
134.0	3562.0
135.0	3537.0
136.0	3714.0
137.0	3444.0
138.0	3447.0
139.0	3329.0
140.0	3454.0
141.0	3373.0
142.0	3413.0
143.0	3419.0
144.0	3513.0
145.0	3355.0
146.0	3420.0
147.0	3287.0
148.0	3095.0
149.0	3321.0
150.0	3309.0
151.0	3375.0
152.0	3501.0
153.0	3337.0
154.0	3365.0
155.0	3121.0
156.0	3206.0
157.0	3512.0
158.0	3377.0
159.0	3458.0
160.0	3353.0
161.0	3446.0
162.0	3359.0
163.0	3307.0
164.0	3091.0
165.0	3440.0
166.0	3388.0
167.0	3410.0
168.0	3546.0
169.0	3463.0
170.0	3482.0
171.0	3577.0
172.0	3398.0
173.0	3843.0
174.0	3795.0
175.0	3767.0
176.0	3895.0
177.0	3968.0
178.0	4098.0
179.0	3983.0
180.0	3991.0
181.0	4235.0
182.0	4404.0
183.0	4512.0
184.0	4635.0
185.0	4726.0
186.0	4695.0
187.0	4836.0
188.0	4931.0
189.0	5210.0
190.0	5361.0
191.0	5575.0
192.0	5790.0
193.0	5868.0
194.0	5927.0
195.0	6116.0
196.0	6338.0
197.0	6551.0
198.0	6871.0
199.0	7060.0
200.0	7167.0
201.0	7486.0
202.0	7543.0
203.0	7702.0
204.0	8246.0
205.0	8660.0
206.0	8608.0
207.0	9273.0
208.0	9213.0
209.0	9534.0
210.0	9797.0
211.0	10178.0
212.0	10561.0
213.0	10848.0
214.0	11186.0
215.0	11398.0
216.0	11886.0
217.0	12241.0
218.0	12411.0
219.0	13256.0
220.0	13902.0
221.0	14404.0
222.0	14713.0
223.0	15346.0
224.0	15802.0
225.0	15998.0
226.0	16936.0
227.0	17313.0
228.0	17903.0
229.0	18791.0
230.0	18723.0
231.0	19449.0
232.0	20306.0
233.0	20556.0
234.0	21323.0
235.0	22125.0
236.0	22404.0
237.0	22917.0
238.0	24109.0
239.0	24673.0
240.0	25559.0
241.0	26125.0
242.0	27120.0
243.0	27810.0
244.0	28493.0
245.0	29448.0
246.0	29826.0
247.0	30840.0
248.0	31558.0
249.0	32509.0
250.0	33699.0
251.0	35155.0
252.0	35756.0
253.0	36581.0
254.0	37471.0
255.0	38591.0
256.0	39544.0
257.0	40709.0
258.0	41730.0
259.0	42754.0
260.0	43898.0
261.0	45613.0
262.0	46221.0
263.0	47556.0
264.0	48449.0
265.0	49345.0
266.0	50449.0
267.0	52359.0
268.0	53469.0
269.0	54548.0
270.0	56355.0
271.0	57489.0
272.0	59197.0
273.0	60808.0
274.0	61668.0
275.0	63334.0
276.0	64603.0
277.0	66072.0
278.0	68463.0
279.0	69694.0
280.0	71087.0
281.0	72700.0
282.0	74603.0
283.0	76109.0
284.0	77997.0
285.0	79591.0
286.0	81000.0
287.0	83066.0
288.0	84781.0
289.0	86757.0
290.0	88267.0
291.0	90660.0
292.0	92133.0
293.0	94757.0
294.0	96489.0
295.0	97575.0
296.0	100046.0
297.0	102190.0
298.0	103565.0
299.0	106526.0
300.0	108040.0
301.0	110307.0
302.0	112580.0
303.0	114948.0
304.0	117609.0
305.0	118731.0
306.0	121035.0
307.0	122869.0
308.0	125087.0
309.0	126670.0
310.0	129955.0
311.0	131774.0
312.0	134008.0
313.0	136755.0
314.0	139271.0
315.0	141315.0
316.0	143446.0
317.0	145247.0
318.0	147573.0
319.0	149527.0
320.0	152030.0
321.0	154319.0
322.0	156285.0
323.0	159200.0
324.0	161263.0
325.0	164502.0
326.0	166051.0
327.0	168684.0
328.0	169994.0
329.0	171922.0
330.0	174582.0
331.0	177070.0
332.0	178965.0
333.0	181920.0
334.0	184299.0
335.0	186815.0
336.0	189434.0
337.0	189940.0
338.0	192032.0
339.0	193658.0
340.0	196001.0
341.0	198035.0
342.0	199570.0
343.0	202073.0
344.0	204491.0
345.0	207702.0
346.0	208823.0
347.0	209937.0
348.0	211338.0
349.0	213089.0
350.0	213440.0
351.0	216871.0
352.0	218968.0
353.0	220413.0
354.0	222685.0
355.0	225162.0
356.0	226189.0
357.0	227671.0
358.0	228278.0
359.0	229814.0
360.0	231645.0
361.0	231997.0
362.0	233535.0
363.0	235683.0
364.0	235903.0
365.0	237347.0
366.0	239126.0
367.0	240876.0
368.0	242298.0
369.0	242093.0
370.0	242747.0
371.0	243632.0
372.0	245479.0
373.0	245135.0
374.0	246703.0
375.0	247641.0
376.0	248380.0
377.0	248974.0
378.0	249037.0
379.0	250640.0
380.0	250445.0
381.0	251542.0
382.0	251636.0
383.0	251154.0
384.0	251501.0
385.0	252323.0
386.0	254147.0
387.0	253139.0
388.0	253099.0
389.0	252590.0
390.0	253569.0
391.0	252383.0
392.0	252872.0
393.0	252969.0
394.0	253091.0
395.0	254147.0
396.0	252452.0
397.0	253420.0
398.0	252371.0
399.0	252403.0
400.0	252247.0
401.0	251193.0
402.0	250713.0
403.0	248305.0
404.0	249433.0
405.0	248804.0
406.0	249526.0
407.0	249100.0
408.0	248400.0
409.0	248143.0
410.0	246071.0
411.0	244687.0
412.0	243948.0
413.0	243917.0
414.0	243636.0
415.0	241752.0
416.0	242369.0
417.0	241334.0
418.0	240154.0
419.0	239165.0
420.0	238062.0
421.0	236586.0
422.0	235598.0
423.0	234842.0
424.0	232576.0
425.0	231548.0
426.0	232061.0
427.0	230903.0
428.0	229457.0
429.0	228683.0
430.0	227167.0
431.0	226535.0
432.0	224323.0
433.0	223533.0
434.0	221610.0
435.0	220934.0
436.0	218989.0
437.0	218436.0
438.0	216997.0
439.0	215568.0
440.0	214201.0
441.0	213189.0
442.0	211135.0
443.0	210114.0
444.0	209509.0
445.0	208169.0
446.0	205941.0
447.0	204576.0
448.0	203548.0
449.0	202085.0
450.0	200465.0
451.0	199588.0
452.0	198627.0
453.0	196356.0
454.0	194286.0
455.0	192163.0
456.0	192265.0
457.0	190581.0
458.0	189442.0
459.0	187889.0
460.0	187235.0
461.0	185431.0
462.0	184574.0
463.0	182107.0
464.0	181113.0
465.0	179515.0
466.0	178457.0
467.0	177155.0
468.0	174835.0
469.0	174482.0
470.0	171373.0
471.0	171409.0
472.0	169773.0
473.0	168889.0
474.0	167325.0
475.0	166322.0
476.0	163924.0
477.0	163334.0
478.0	161699.0
479.0	160076.0
480.0	158569.0
481.0	157024.0
482.0	156108.0
483.0	154715.0
484.0	153481.0
485.0	152479.0
486.0	150878.0
487.0	148868.0
488.0	147845.0
489.0	146405.0
490.0	146022.0
491.0	144439.0
492.0	143252.0
493.0	142222.0
494.0	141035.0
495.0	138212.0
496.0	138048.0
497.0	136466.0
498.0	136156.0
499.0	135611.0
500.0	134599.0
501.0	122682.0
502.0	121649.0
503.0	120831.0
504.0	119295.0
505.0	117555.0
506.0	116019.0
507.0	115865.0
508.0	113871.0
509.0	113293.0
510.0	112062.0
511.0	111004.0
512.0	109355.0
513.0	107907.0
514.0	108409.0
515.0	110041.0
516.0	104410.0
517.0	103016.0
518.0	102758.0
519.0	101693.0
520.0	100915.0
521.0	99612.0
522.0	99625.0
523.0	98991.0
524.0	98968.0
525.0	107215.0
526.0	142267.0
527.0	229231.0
528.0	402587.0
529.0	47355.0
530.0	47348.0
531.0	47382.0
532.0	47411.0
533.0	48071.0
534.0	47837.0
535.0	48649.0
536.0	48825.0
537.0	49463.0
538.0	49970.0
539.0	51055.0
540.0	52469.0
541.0	53834.0
542.0	55076.0
543.0	58091.0
544.0	60053.0
545.0	61777.0
546.0	62867.0
547.0	65348.0
548.0	66092.0
549.0	67194.0
550.0	67216.0
551.0	67439.0
552.0	66553.0
553.0	65394.0
554.0	64927.0
555.0	64133.0
556.0	63410.0
557.0	62827.0
558.0	61770.0
559.0	60818.0
560.0	59578.0
561.0	59379.0
562.0	58557.0
563.0	57978.0
564.0	56784.0
565.0	56081.0
566.0	55183.0
567.0	54777.0
568.0	53339.0
569.0	52984.0
570.0	52307.0
571.0	51722.0
572.0	50584.0
573.0	50138.0
574.0	49016.0
575.0	48507.0
576.0	47820.0
577.0	47317.0
578.0	46431.0
579.0	46048.0
580.0	45145.0
581.0	44277.0
582.0	43907.0
583.0	43411.0
584.0	42772.0
585.0	41881.0
586.0	41337.0
587.0	40806.0
588.0	40319.0
589.0	39516.0
590.0	39180.0
591.0	38403.0
592.0	37881.0
593.0	37437.0
594.0	36506.0
595.0	36238.0
596.0	35519.0
597.0	35064.0
598.0	34932.0
599.0	34059.0
600.0	33425.0
601.0	32868.0
602.0	32304.0
603.0	32095.0
604.0	31340.0
605.0	31078.0
606.0	30476.0
607.0	29660.0
608.0	29450.0
609.0	28791.0
610.0	28596.0
611.0	28020.0
612.0	27800.0
613.0	26754.0
614.0	27185.0
615.0	26097.0
616.0	25783.0
617.0	25127.0
618.0	24703.0
619.0	24533.0
620.0	23881.0
621.0	23716.0
622.0	22803.0
623.0	22951.0
624.0	22343.0
625.0	22286.0
626.0	21469.0
627.0	21478.0
628.0	20659.0
629.0	20690.0
630.0	20334.0
631.0	20297.0
632.0	19544.0
633.0	19091.0
634.0	18844.0
635.0	18251.0
636.0	18275.0
637.0	18060.0
638.0	17608.0
639.0	17554.0
640.0	16745.0
641.0	16687.0
642.0	16073.0
643.0	16245.0
644.0	15914.0
645.0	15334.0
646.0	15205.0
647.0	15238.0
648.0	14502.0
649.0	14425.0
650.0	14209.0
651.0	14033.0
652.0	13758.0
653.0	13291.0
654.0	13293.0
655.0	12912.0
656.0	12819.0
657.0	12341.0
658.0	12279.0
659.0	11862.0
660.0	11833.0
661.0	11687.0
662.0	11394.0
663.0	11205.0
664.0	10810.0
665.0	10851.0
666.0	10514.0
667.0	10351.0
668.0	10242.0
669.0	9796.0
670.0	9685.0
671.0	9739.0
672.0	9539.0
673.0	9345.0
674.0	9002.0
675.0	8821.0
676.0	8869.0
677.0	8446.0
678.0	8477.0
679.0	8380.0
680.0	8057.0
681.0	7941.0
682.0	7581.0
683.0	7708.0
684.0	7241.0
685.0	7249.0
686.0	7191.0
687.0	6921.0
688.0	6730.0
689.0	6822.0
690.0	6570.0
691.0	6566.0
692.0	6415.0
693.0	6322.0
694.0	6189.0
695.0	6095.0
696.0	6002.0
697.0	5865.0
698.0	5795.0
699.0	5405.0
700.0	5437.0
701.0	5422.0
702.0	5315.0
703.0	5069.0
704.0	5043.0
705.0	5005.0
706.0	5003.0
707.0	4862.0
708.0	4818.0
709.0	4662.0
710.0	4467.0
711.0	4495.0
712.0	4287.0
713.0	4263.0
714.0	4205.0
715.0	4110.0
716.0	4002.0
717.0	4006.0
718.0	3821.0
719.0	3636.0
720.0	3820.0
721.0	3698.0
722.0	3590.0
723.0	3459.0
724.0	3434.0
725.0	3388.0
726.0	3289.0
727.0	3276.0
728.0	3216.0
729.0	3109.0
730.0	3117.0
731.0	3065.0
732.0	2981.0
733.0	2886.0
734.0	2946.0
735.0	2779.0
736.0	2767.0
737.0	2672.0
738.0	2628.0
739.0	2634.0
740.0	2544.0
741.0	2452.0
742.0	2427.0
743.0	2413.0
744.0	2413.0
745.0	2232.0
746.0	2277.0
747.0	2195.0
748.0	2175.0
749.0	2092.0
750.0	2128.0
751.0	1987.0
752.0	2015.0
753.0	1909.0
754.0	1970.0
755.0	1869.0
756.0	1694.0
757.0	1817.0
758.0	1781.0
759.0	1742.0
760.0	1575.0
761.0	1728.0
762.0	1624.0
763.0	1587.0
764.0	1590.0
765.0	1575.0
766.0	1616.0
767.0	1572.0
768.0	1484.0
769.0	1484.0
770.0	1428.0
771.0	1356.0
772.0	1376.0
773.0	1379.0
774.0	1312.0
775.0	1310.0
776.0	1206.0
777.0	1273.0
778.0	1160.0
779.0	1159.0
780.0	1167.0
781.0	1203.0
782.0	1155.0
783.0	1154.0
784.0	1113.0
785.0	1096.0
786.0	1135.0
787.0	1068.0
788.0	1018.0
789.0	1032.0
790.0	1011.0
791.0	1027.0
792.0	948.0
793.0	964.0
794.0	904.0
795.0	976.0
796.0	849.0
797.0	895.0
798.0	875.0
799.0	856.0
800.0	822.0
801.0	806.0
802.0	807.0
803.0	834.0
804.0	794.0
805.0	752.0
806.0	753.0
807.0	803.0
808.0	718.0
809.0	757.0
810.0	688.0
811.0	710.0
812.0	727.0
813.0	722.0
814.0	670.0
815.0	629.0
816.0	618.0
817.0	664.0
818.0	663.0
819.0	617.0
820.0	616.0
821.0	618.0
822.0	594.0
823.0	627.0
824.0	576.0
825.0	574.0
826.0	539.0
827.0	551.0
828.0	585.0
829.0	582.0
830.0	536.0
831.0	477.0
832.0	534.0
833.0	524.0
834.0	531.0
835.0	498.0
836.0	474.0
837.0	521.0
838.0	481.0
839.0	459.0
840.0	456.0
841.0	455.0
842.0	439.0
843.0	456.0
844.0	422.0
845.0	466.0
846.0	485.0
847.0	443.0
848.0	422.0
849.0	459.0
850.0	459.0
851.0	383.0
852.0	451.0
853.0	379.0
854.0	381.0
855.0	387.0
856.0	423.0
857.0	366.0
858.0	380.0
859.0	375.0
860.0	397.0
861.0	406.0
862.0	365.0
863.0	385.0
864.0	384.0
865.0	372.0
866.0	352.0
867.0	368.0
868.0	334.0
869.0	328.0
870.0	344.0
871.0	337.0
872.0	306.0
873.0	311.0
874.0	347.0
875.0	347.0
876.0	330.0
877.0	300.0
878.0	306.0
879.0	314.0
880.0	308.0
881.0	302.0
882.0	340.0
883.0	304.0
884.0	298.0
885.0	273.0
886.0	332.0
887.0	293.0
888.0	349.0
889.0	304.0
890.0	303.0
891.0	296.0
892.0	302.0
893.0	276.0
894.0	286.0
895.0	305.0
896.0	298.0
897.0	272.0
898.0	287.0
899.0	292.0
900.0	255.0
901.0	279.0
902.0	259.0
903.0	247.0
904.0	277.0
905.0	249.0
906.0	279.0
907.0	248.0
908.0	261.0
909.0	232.0
910.0	248.0
911.0	269.0
912.0	256.0
913.0	249.0
914.0	216.0
915.0	234.0
916.0	237.0
917.0	227.0
918.0	223.0
919.0	247.0
920.0	224.0
921.0	236.0
922.0	220.0
923.0	244.0
924.0	246.0
925.0	259.0
926.0	251.0
927.0	215.0
928.0	195.0
929.0	269.0
930.0	225.0
931.0	229.0
932.0	204.0
933.0	219.0
934.0	219.0
935.0	231.0
936.0	213.0
937.0	216.0
938.0	215.0
939.0	244.0
940.0	212.0
941.0	197.0
942.0	216.0
943.0	217.0
944.0	235.0
