#Insert size (bp)	insert size
1.0	551.0
2.0	488.0
3.0	548.0
4.0	545.0
5.0	494.0
6.0	606.0
7.0	573.0
8.0	572.0
9.0	585.0
10.0	542.0
11.0	502.0
12.0	530.0
13.0	505.0
14.0	532.0
15.0	541.0
16.0	535.0
17.0	490.0
18.0	446.0
19.0	465.0
20.0	449.0
21.0	474.0
22.0	472.0
23.0	454.0
24.0	456.0
25.0	472.0
26.0	419.0
27.0	477.0
28.0	427.0
29.0	463.0
30.0	422.0
31.0	314.0
32.0	311.0
33.0	304.0
34.0	292.0
35.0	322.0
36.0	313.0
37.0	325.0
38.0	288.0
39.0	328.0
40.0	4687.0
41.0	4846.0
42.0	5049.0
43.0	4950.0
44.0	4977.0
45.0	5198.0
46.0	5257.0
47.0	5283.0
48.0	5842.0
49.0	5954.0
50.0	5868.0
51.0	5774.0
52.0	5701.0
53.0	5909.0
54.0	5901.0
55.0	6173.0
56.0	6329.0
57.0	6825.0
58.0	6742.0
59.0	6893.0
60.0	6675.0
61.0	6751.0
62.0	6344.0
63.0	6412.0
64.0	6262.0
65.0	6426.0
66.0	6669.0
67.0	6564.0
68.0	6823.0
69.0	7069.0
70.0	6895.0
71.0	6940.0
72.0	6863.0
73.0	6818.0
74.0	6664.0
75.0	6955.0
76.0	6512.0
77.0	6830.0
78.0	7348.0
79.0	7094.0
80.0	6824.0
81.0	6688.0
82.0	6881.0
83.0	6802.0
84.0	6942.0
85.0	6884.0
86.0	7143.0
87.0	6596.0
88.0	6777.0
89.0	7085.0
90.0	6769.0
91.0	6721.0
92.0	7223.0
93.0	7103.0
94.0	7036.0
95.0	7172.0
96.0	7149.0
97.0	7398.0
98.0	7512.0
99.0	7298.0
100.0	7344.0
101.0	7433.0
102.0	7201.0
103.0	7192.0
104.0	6889.0
105.0	6947.0
106.0	7127.0
107.0	7201.0
108.0	7016.0
109.0	7137.0
110.0	7225.0
111.0	7124.0
112.0	7183.0
113.0	6972.0
114.0	7258.0
115.0	7077.0
116.0	7011.0
117.0	7082.0
118.0	7426.0
119.0	7543.0
120.0	7585.0
121.0	7273.0
122.0	7258.0
123.0	7593.0
124.0	7555.0
125.0	7247.0
126.0	7237.0
127.0	7495.0
128.0	7549.0
129.0	7504.0
130.0	7444.0
131.0	7988.0
132.0	7862.0
133.0	7710.0
134.0	8270.0
135.0	8636.0
136.0	8132.0
137.0	7826.0
138.0	8442.0
139.0	8010.0
140.0	8153.0
141.0	8338.0
142.0	8283.0
143.0	8495.0
144.0	8512.0
145.0	8337.0
146.0	8508.0
147.0	8962.0
148.0	8476.0
149.0	8787.0
150.0	8847.0
151.0	10059.0
152.0	10360.0
153.0	10430.0
154.0	10166.0
155.0	10128.0
156.0	10491.0
157.0	10791.0
158.0	10376.0
159.0	10428.0
160.0	10312.0
161.0	10541.0
162.0	10409.0
163.0	10317.0
164.0	10476.0
165.0	11452.0
166.0	10650.0
167.0	10953.0
168.0	10742.0
169.0	11023.0
170.0	11022.0
171.0	11311.0
172.0	11412.0
173.0	11256.0
174.0	11520.0
175.0	11467.0
176.0	11740.0
177.0	11572.0
178.0	11492.0
179.0	11738.0
180.0	11781.0
181.0	11500.0
182.0	11320.0
183.0	11879.0
184.0	11993.0
185.0	12132.0
186.0	12333.0
187.0	12519.0
188.0	12143.0
189.0	12033.0
190.0	12129.0
191.0	12298.0
192.0	12421.0
193.0	12509.0
194.0	12556.0
195.0	12508.0
196.0	13310.0
197.0	12727.0
198.0	12433.0
199.0	12588.0
200.0	12889.0
201.0	12995.0
202.0	12706.0
203.0	12474.0
204.0	12522.0
205.0	12760.0
206.0	12908.0
207.0	12939.0
208.0	13580.0
209.0	12941.0
210.0	12852.0
211.0	12432.0
212.0	12086.0
213.0	12485.0
214.0	13135.0
215.0	12756.0
216.0	12991.0
217.0	13260.0
218.0	13299.0
219.0	13635.0
220.0	14340.0
221.0	14622.0
222.0	14757.0
223.0	15149.0
224.0	15594.0
225.0	15725.0
226.0	16057.0
227.0	16294.0
228.0	16809.0
229.0	17103.0
230.0	17082.0
231.0	17569.0
232.0	17998.0
233.0	18431.0
234.0	18712.0
235.0	19048.0
236.0	19551.0
237.0	20036.0
238.0	20600.0
239.0	21369.0
240.0	22380.0
241.0	22672.0
242.0	23308.0
243.0	23748.0
244.0	24308.0
245.0	24918.0
246.0	25562.0
247.0	26462.0
248.0	27101.0
249.0	27533.0
250.0	28568.0
251.0	29526.0
252.0	30127.0
253.0	31170.0
254.0	32183.0
255.0	32590.0
256.0	33340.0
257.0	34176.0
258.0	35123.0
259.0	36435.0
260.0	37426.0
261.0	38397.0
262.0	40086.0
263.0	40527.0
264.0	41860.0
265.0	42434.0
266.0	44381.0
267.0	45274.0
268.0	45538.0
269.0	47204.0
270.0	48995.0
271.0	49620.0
272.0	51122.0
273.0	52359.0
274.0	53818.0
275.0	54985.0
276.0	56557.0
277.0	57628.0
278.0	59646.0
279.0	60591.0
280.0	62006.0
281.0	64377.0
282.0	65203.0
283.0	67180.0
284.0	68800.0
285.0	70276.0
286.0	71912.0
287.0	73734.0
288.0	75807.0
289.0	76891.0
290.0	79549.0
291.0	80626.0
292.0	83026.0
293.0	85211.0
294.0	86505.0
295.0	88239.0
296.0	89558.0
297.0	91465.0
298.0	93803.0
299.0	96006.0
300.0	97717.0
301.0	100487.0
302.0	102746.0
303.0	104234.0
304.0	106984.0
305.0	108811.0
306.0	110750.0
307.0	113419.0
308.0	115244.0
309.0	116412.0
310.0	118925.0
311.0	121321.0
312.0	123114.0
313.0	125956.0
314.0	128483.0
315.0	130859.0
316.0	132802.0
317.0	134472.0
318.0	136967.0
319.0	138618.0
320.0	140686.0
321.0	144002.0
322.0	145898.0
323.0	148322.0
324.0	150429.0
325.0	153037.0
326.0	154744.0
327.0	157517.0
328.0	158268.0
329.0	161315.0
330.0	163547.0
331.0	165238.0
332.0	168565.0
333.0	170160.0
334.0	171344.0
335.0	174669.0
336.0	176301.0
337.0	179836.0
338.0	179747.0
339.0	182805.0
340.0	184733.0
341.0	186791.0
342.0	190405.0
343.0	191494.0
344.0	193886.0
345.0	195809.0
346.0	197855.0
347.0	199224.0
348.0	201749.0
349.0	203787.0
350.0	205862.0
351.0	206388.0
352.0	209022.0
353.0	210831.0
354.0	212542.0
355.0	214792.0
356.0	216510.0
357.0	217947.0
358.0	218507.0
359.0	221085.0
360.0	222249.0
361.0	224649.0
362.0	226294.0
363.0	227722.0
364.0	227951.0
365.0	230940.0
366.0	231763.0
367.0	233377.0
368.0	234536.0
369.0	234807.0
370.0	237075.0
371.0	238395.0
372.0	239112.0
373.0	238702.0
374.0	241721.0
375.0	241921.0
376.0	242790.0
377.0	243699.0
378.0	245748.0
379.0	244555.0
380.0	246760.0
381.0	247488.0
382.0	248279.0
383.0	248715.0
384.0	250511.0
385.0	250212.0
386.0	249347.0
387.0	250087.0
388.0	251345.0
389.0	251718.0
390.0	251186.0
391.0	251539.0
392.0	252117.0
393.0	251934.0
394.0	252475.0
395.0	251964.0
396.0	252832.0
397.0	251655.0
398.0	251606.0
399.0	252573.0
400.0	252311.0
401.0	252216.0
402.0	251562.0
403.0	250478.0
404.0	250144.0
405.0	250691.0
406.0	250240.0
407.0	249849.0
408.0	249151.0
409.0	247647.0
410.0	248306.0
411.0	247044.0
412.0	246329.0
413.0	247674.0
414.0	245964.0
415.0	245151.0
416.0	244211.0
417.0	244344.0
418.0	241969.0
419.0	242890.0
420.0	241306.0
421.0	240966.0
422.0	239515.0
423.0	239782.0
424.0	237413.0
425.0	237357.0
426.0	235140.0
427.0	234539.0
428.0	234948.0
429.0	233123.0
430.0	231939.0
431.0	231249.0
432.0	230081.0
433.0	228353.0
434.0	227276.0
435.0	226978.0
436.0	224001.0
437.0	224817.0
438.0	223828.0
439.0	222212.0
440.0	220298.0
441.0	220767.0
442.0	219064.0
443.0	217822.0
444.0	215852.0
445.0	214504.0
446.0	213378.0
447.0	212080.0
448.0	210756.0
449.0	210293.0
450.0	209081.0
451.0	208684.0
452.0	206841.0
453.0	204897.0
454.0	203088.0
455.0	201173.0
456.0	200120.0
457.0	200060.0
458.0	199113.0
459.0	197459.0
460.0	195042.0
461.0	194182.0
462.0	192371.0
463.0	191629.0
464.0	190660.0
465.0	187980.0
466.0	186998.0
467.0	185731.0
468.0	185013.0
469.0	183708.0
470.0	182469.0
471.0	180781.0
472.0	180161.0
473.0	178761.0
474.0	176738.0
475.0	176697.0
476.0	173782.0
477.0	173231.0
478.0	171457.0
479.0	169522.0
480.0	169386.0
481.0	168523.0
482.0	166422.0
483.0	165439.0
484.0	163869.0
485.0	162296.0
486.0	160652.0
487.0	160135.0
488.0	158014.0
489.0	157013.0
490.0	156478.0
491.0	154807.0
492.0	153665.0
493.0	153039.0
494.0	151767.0
495.0	150718.0
496.0	147808.0
497.0	146776.0
498.0	147067.0
499.0	145236.0
500.0	145125.0
501.0	136808.0
502.0	135097.0
503.0	134239.0
504.0	133000.0
505.0	130929.0
506.0	130007.0
507.0	129156.0
508.0	127327.0
509.0	126636.0
510.0	125023.0
511.0	123980.0
512.0	122871.0
513.0	122905.0
514.0	123252.0
515.0	124774.0
516.0	118925.0
517.0	118039.0
518.0	116759.0
519.0	115658.0
520.0	113793.0
521.0	114776.0
522.0	113726.0
523.0	113759.0
524.0	112975.0
525.0	124286.0
526.0	181724.0
527.0	338147.0
528.0	642843.0
529.0	53493.0
530.0	52398.0
531.0	52264.0
532.0	51873.0
533.0	51506.0
534.0	51559.0
535.0	50725.0
536.0	50510.0
537.0	50505.0
538.0	50140.0
539.0	49519.0
540.0	49597.0
541.0	48996.0
542.0	48857.0
543.0	48858.0
544.0	48989.0
545.0	49376.0
546.0	50380.0
547.0	51914.0
548.0	54658.0
549.0	58652.0
550.0	61690.0
551.0	68429.0
552.0	73401.0
553.0	75918.0
554.0	75892.0
555.0	75915.0
556.0	75189.0
557.0	74567.0
558.0	73621.0
559.0	72530.0
560.0	71807.0
561.0	70453.0
562.0	69919.0
563.0	69523.0
564.0	68266.0
565.0	67561.0
566.0	66870.0
567.0	66087.0
568.0	64613.0
569.0	64001.0
570.0	63208.0
571.0	62717.0
572.0	61751.0
573.0	60995.0
574.0	59747.0
575.0	59278.0
576.0	58528.0
577.0	57662.0
578.0	57214.0
579.0	56312.0
580.0	55694.0
581.0	55159.0
582.0	54250.0
583.0	53537.0
584.0	52655.0
585.0	51751.0
586.0	50943.0
587.0	50044.0
588.0	49741.0
589.0	48715.0
590.0	48145.0
591.0	47076.0
592.0	46683.0
593.0	45949.0
594.0	46331.0
595.0	44554.0
596.0	44678.0
597.0	44126.0
598.0	43371.0
599.0	42448.0
600.0	42215.0
601.0	41352.0
602.0	40628.0
603.0	39959.0
604.0	39781.0
605.0	39011.0
606.0	38380.0
607.0	37755.0
608.0	37348.0
609.0	36713.0
610.0	36014.0
611.0	35575.0
612.0	35098.0
613.0	34564.0
614.0	33621.0
615.0	33456.0
616.0	33073.0
617.0	32193.0
618.0	31792.0
619.0	31708.0
620.0	30997.0
621.0	30580.0
622.0	29755.0
623.0	29558.0
624.0	28949.0
625.0	28858.0
626.0	28190.0
627.0	27648.0
628.0	27231.0
629.0	26973.0
630.0	26430.0
631.0	25841.0
632.0	25506.0
633.0	24911.0
634.0	24529.0
635.0	24210.0
636.0	23868.0
637.0	23312.0
638.0	22757.0
639.0	22417.0
640.0	22187.0
641.0	22032.0
642.0	21580.0
643.0	21251.0
644.0	20787.0
645.0	20555.0
646.0	19941.0
647.0	19728.0
648.0	19554.0
649.0	19511.0
650.0	18768.0
651.0	18434.0
652.0	18091.0
653.0	17577.0
654.0	17406.0
655.0	17054.0
656.0	16619.0
657.0	16687.0
658.0	16090.0
659.0	16089.0
660.0	15822.0
661.0	15271.0
662.0	15436.0
663.0	14978.0
664.0	14418.0
665.0	14402.0
666.0	14025.0
667.0	13733.0
668.0	13300.0
669.0	13481.0
670.0	13109.0
671.0	12775.0
672.0	12699.0
673.0	12279.0
674.0	11943.0
675.0	11852.0
676.0	11654.0
677.0	11364.0
678.0	11096.0
679.0	11101.0
680.0	10722.0
681.0	10818.0
682.0	10293.0
683.0	10298.0
684.0	9954.0
685.0	9790.0
686.0	9639.0
687.0	9733.0
688.0	9260.0
689.0	9238.0
690.0	9078.0
691.0	8822.0
692.0	8529.0
693.0	8279.0
694.0	8301.0
695.0	7954.0
696.0	8030.0
697.0	7704.0
698.0	7645.0
699.0	7597.0
700.0	7354.0
701.0	7344.0
702.0	7086.0
703.0	6912.0
704.0	6841.0
705.0	6724.0
706.0	6668.0
707.0	6396.0
708.0	6276.0
709.0	6087.0
710.0	6030.0
711.0	5888.0
712.0	5771.0
713.0	5618.0
714.0	5563.0
715.0	5516.0
716.0	5410.0
717.0	5242.0
718.0	5135.0
719.0	5000.0
720.0	4948.0
721.0	4900.0
722.0	4928.0
723.0	4665.0
724.0	4743.0
725.0	4602.0
726.0	4391.0
727.0	4230.0
728.0	4284.0
729.0	4195.0
730.0	4007.0
731.0	3978.0
732.0	3851.0
733.0	3897.0
734.0	3746.0
735.0	3729.0
736.0	3653.0
737.0	3569.0
738.0	3459.0
739.0	3353.0
740.0	3303.0
741.0	3221.0
742.0	3309.0
743.0	3136.0
744.0	3058.0
745.0	3050.0
746.0	3113.0
747.0	2963.0
748.0	2870.0
749.0	2746.0
750.0	2761.0
751.0	2662.0
752.0	2669.0
753.0	2566.0
754.0	2468.0
755.0	2481.0
756.0	2456.0
757.0	2322.0
758.0	2354.0
759.0	2410.0
760.0	2232.0
761.0	2151.0
762.0	2188.0
763.0	2003.0
764.0	2132.0
765.0	2018.0
766.0	2044.0
767.0	1992.0
768.0	1876.0
769.0	1875.0
770.0	1750.0
771.0	1781.0
772.0	1817.0
773.0	1760.0
774.0	1705.0
775.0	1685.0
776.0	1702.0
777.0	1596.0
778.0	1543.0
779.0	1574.0
780.0	1491.0
781.0	1511.0
782.0	1495.0
783.0	1445.0
784.0	1412.0
785.0	1379.0
786.0	1354.0
787.0	1288.0
788.0	1293.0
789.0	1184.0
790.0	1256.0
791.0	1196.0
792.0	1168.0
793.0	1221.0
794.0	1193.0
795.0	1082.0
796.0	1066.0
797.0	1142.0
798.0	1047.0
799.0	1052.0
800.0	1017.0
801.0	985.0
802.0	1037.0
803.0	962.0
804.0	897.0
805.0	907.0
806.0	892.0
807.0	908.0
808.0	875.0
809.0	849.0
810.0	819.0
811.0	822.0
812.0	820.0
813.0	841.0
814.0	795.0
815.0	810.0
816.0	740.0
817.0	751.0
818.0	736.0
819.0	740.0
820.0	760.0
821.0	666.0
822.0	725.0
823.0	638.0
824.0	689.0
825.0	632.0
826.0	646.0
827.0	621.0
828.0	602.0
829.0	579.0
830.0	574.0
831.0	634.0
832.0	577.0
833.0	554.0
834.0	536.0
835.0	519.0
836.0	544.0
837.0	495.0
838.0	474.0
839.0	488.0
840.0	489.0
841.0	491.0
842.0	488.0
843.0	535.0
844.0	451.0
845.0	465.0
846.0	427.0
847.0	469.0
848.0	398.0
849.0	403.0
850.0	401.0
851.0	423.0
852.0	409.0
853.0	445.0
854.0	405.0
855.0	375.0
856.0	401.0
857.0	363.0
858.0	382.0
859.0	348.0
860.0	370.0
861.0	336.0
862.0	381.0
863.0	338.0
864.0	362.0
865.0	350.0
866.0	346.0
867.0	305.0
868.0	335.0
869.0	302.0
870.0	294.0
871.0	351.0
872.0	289.0
873.0	283.0
874.0	309.0
875.0	321.0
876.0	302.0
877.0	273.0
878.0	292.0
879.0	268.0
880.0	246.0
881.0	281.0
882.0	286.0
883.0	247.0
884.0	251.0
885.0	233.0
886.0	252.0
887.0	229.0
888.0	255.0
889.0	243.0
890.0	238.0
891.0	222.0
892.0	218.0
893.0	217.0
894.0	217.0
895.0	236.0
896.0	216.0
897.0	203.0
898.0	225.0
899.0	187.0
900.0	228.0
901.0	223.0
902.0	227.0
903.0	191.0
904.0	206.0
905.0	220.0
906.0	188.0
907.0	219.0
908.0	185.0
909.0	185.0
910.0	187.0
911.0	214.0
912.0	179.0
913.0	171.0
914.0	206.0
915.0	179.0
916.0	189.0
917.0	181.0
918.0	148.0
919.0	160.0
920.0	167.0
921.0	176.0
922.0	154.0
923.0	176.0
924.0	154.0
925.0	155.0
926.0	152.0
927.0	160.0
928.0	170.0
929.0	156.0
930.0	122.0
931.0	155.0
932.0	162.0
933.0	145.0
934.0	139.0
935.0	126.0
936.0	137.0
937.0	128.0
938.0	140.0
939.0	148.0
940.0	147.0
941.0	133.0
942.0	147.0
943.0	136.0
944.0	118.0
945.0	154.0
946.0	133.0
947.0	136.0
948.0	139.0
949.0	100.0
950.0	125.0
951.0	128.0
952.0	141.0
953.0	124.0
954.0	151.0
955.0	133.0
956.0	120.0
957.0	119.0
958.0	125.0
959.0	126.0
960.0	129.0
961.0	107.0
962.0	96.0
