#Coverage	Number of genomic locations
0.0	3.5756215E7
1.0	2.9329767E7
2.0	4.1706409E7
3.0	5.7390019E7
4.0	7.4757392E7
5.0	9.1560004E7
6.0	1.05115902E8
7.0	1.12972786E8
8.0	1.13701645E8
9.0	1.07327455E8
10.0	9.5612862E7
11.0	8.0708175E7
12.0	6.4844143E7
13.0	4.9793806E7
14.0	3.6742508E7
15.0	2.6141801E7
16.0	1.7955321E7
17.0	1.2019943E7
18.0	7856106.0
19.0	5029341.0
20.0	3175716.0
21.0	2008392.0
22.0	1266978.0
23.0	818974.0
24.0	548752.0
25.0	382520.0
26.0	282625.0
27.0	219704.0
28.0	179159.0
29.0	153259.0
30.0	135950.0
31.0	122829.0
32.0	110571.0
33.0	101521.0
34.0	94663.0
35.0	88263.0
36.0	82101.0
37.0	76771.0
38.0	72145.0
39.0	68475.0
40.0	64485.0
41.0	61037.0
42.0	57376.0
43.0	54416.0
44.0	52050.0
45.0	50551.0
46.0	47508.0
47.0	44619.0
48.0	42248.0
49.0	40633.0
50.0	38155.0
51.0	36881.0
52.0	35661.0
53.0	34060.0
54.0	31750.0
55.0	30127.0
56.0	29319.0
57.0	28718.0
58.0	27330.0
59.0	26512.0
60.0	25536.0
61.0	24529.0
62.0	23683.0
63.0	22764.0
64.0	21913.0
65.0	21521.0
66.0	21037.0
67.0	20155.0
68.0	19617.0
69.0	18812.0
70.0	18057.0
71.0	17538.0
72.0	17298.0
73.0	16877.0
74.0	16589.0
75.0	15704.0
76.0	15416.0
77.0	14768.0
78.0	14586.0
79.0	14179.0
80.0	13566.0
81.0	13480.0
82.0	12985.0
83.0	12389.0
84.0	12441.0
85.0	11922.0
86.0	11685.0
87.0	11377.0
88.0	11196.0
89.0	10528.0
90.0	10769.0
91.0	10079.0
92.0	10008.0
93.0	10068.0
94.0	9733.0
95.0	9877.0
96.0	9487.0
97.0	9132.0
98.0	9142.0
99.0	8600.0
100.0	8721.0
101.0	8342.0
102.0	8370.0
103.0	8170.0
104.0	7917.0
105.0	7970.0
106.0	7779.0
107.0	7822.0
108.0	7580.0
109.0	7349.0
110.0	7214.0
111.0	7254.0
112.0	7140.0
113.0	6976.0
114.0	7019.0
115.0	6828.0
116.0	6542.0
117.0	6628.0
118.0	6517.0
119.0	6396.0
120.0	6113.0
121.0	6148.0
122.0	6148.0
123.0	5980.0
124.0	5648.0
125.0	5661.0
126.0	5617.0
127.0	5603.0
128.0	5436.0
129.0	5487.0
130.0	5514.0
131.0	5407.0
132.0	5390.0
133.0	5222.0
134.0	5322.0
135.0	5074.0
136.0	4911.0
137.0	4945.0
138.0	4787.0
139.0	4917.0
140.0	4777.0
141.0	4867.0
142.0	4606.0
143.0	4605.0
144.0	4604.0
145.0	4709.0
146.0	4463.0
147.0	4183.0
148.0	4312.0
149.0	4292.0
150.0	4257.0
151.0	4191.0
152.0	4227.0
153.0	4086.0
154.0	4064.0
155.0	3947.0
156.0	3785.0
157.0	3789.0
158.0	3662.0
159.0	3702.0
160.0	3758.0
161.0	3703.0
162.0	3617.0
163.0	3575.0
164.0	3481.0
165.0	3554.0
166.0	3538.0
167.0	3565.0
168.0	3216.0
169.0	3360.0
170.0	3161.0
171.0	3129.0
172.0	3119.0
173.0	3089.0
174.0	2994.0
175.0	2985.0
176.0	3061.0
177.0	3022.0
178.0	2977.0
179.0	2915.0
180.0	2730.0
181.0	2745.0
182.0	2642.0
183.0	2468.0
184.0	2566.0
185.0	2609.0
186.0	2519.0
187.0	2566.0
188.0	2501.0
189.0	2569.0
190.0	2451.0
191.0	2501.0
192.0	2355.0
193.0	2327.0
194.0	2377.0
195.0	2325.0
196.0	2419.0
197.0	2403.0
198.0	2400.0
199.0	2363.0
200.0	2396.0
201.0	2260.0
202.0	2207.0
203.0	2204.0
204.0	2209.0
205.0	2125.0
206.0	2226.0
207.0	2083.0
208.0	1997.0
209.0	1949.0
210.0	2082.0
211.0	1952.0
212.0	1907.0
213.0	1879.0
214.0	1837.0
215.0	1867.0
216.0	1798.0
217.0	1806.0
218.0	1808.0
219.0	1823.0
220.0	1769.0
221.0	1728.0
222.0	1702.0
223.0	1700.0
224.0	1642.0
225.0	1627.0
226.0	1588.0
227.0	1707.0
228.0	1653.0
229.0	1494.0
230.0	1538.0
231.0	1462.0
232.0	1508.0
233.0	1543.0
234.0	1533.0
235.0	1371.0
236.0	1404.0
237.0	1445.0
238.0	1384.0
239.0	1385.0
240.0	1346.0
241.0	1399.0
242.0	1355.0
243.0	1306.0
244.0	1245.0
245.0	1376.0
246.0	1295.0
247.0	1338.0
248.0	1281.0
249.0	1215.0
250.0	1246.0
251.0	1322.0
252.0	1320.0
253.0	1296.0
254.0	1251.0
255.0	1302.0
256.0	1258.0
257.0	1263.0
258.0	1264.0
259.0	1180.0
260.0	1198.0
261.0	1176.0
262.0	1195.0
263.0	1161.0
264.0	1095.0
265.0	1089.0
266.0	1087.0
267.0	1120.0
268.0	1079.0
269.0	1006.0
270.0	1062.0
271.0	1042.0
272.0	976.0
273.0	1033.0
274.0	966.0
275.0	913.0
276.0	967.0
277.0	899.0
278.0	981.0
279.0	904.0
280.0	895.0
281.0	944.0
282.0	877.0
283.0	861.0
284.0	868.0
285.0	861.0
286.0	841.0
287.0	905.0
288.0	826.0
289.0	839.0
290.0	810.0
291.0	825.0
292.0	801.0
293.0	828.0
294.0	839.0
295.0	729.0
296.0	824.0
297.0	773.0
298.0	762.0
299.0	786.0
300.0	767.0
301.0	740.0
302.0	777.0
303.0	776.0
304.0	724.0
305.0	730.0
306.0	727.0
307.0	735.0
308.0	650.0
309.0	703.0
310.0	719.0
311.0	695.0
312.0	645.0
313.0	690.0
314.0	676.0
315.0	680.0
316.0	686.0
317.0	702.0
318.0	761.0
319.0	642.0
320.0	669.0
321.0	620.0
322.0	683.0
323.0	650.0
324.0	661.0
325.0	652.0
326.0	684.0
327.0	672.0
328.0	679.0
329.0	620.0
330.0	659.0
331.0	613.0
332.0	585.0
333.0	607.0
334.0	605.0
335.0	620.0
336.0	616.0
337.0	607.0
338.0	606.0
339.0	644.0
340.0	625.0
341.0	591.0
342.0	525.0
343.0	561.0
344.0	556.0
345.0	516.0
346.0	560.0
347.0	576.0
348.0	565.0
349.0	511.0
350.0	519.0
351.0	517.0
352.0	505.0
353.0	530.0
354.0	520.0
355.0	506.0
356.0	525.0
357.0	484.0
358.0	529.0
359.0	519.0
360.0	499.0
361.0	472.0
362.0	497.0
363.0	450.0
364.0	479.0
365.0	454.0
366.0	451.0
367.0	506.0
368.0	472.0
369.0	474.0
370.0	475.0
371.0	487.0
372.0	495.0
373.0	499.0
374.0	493.0
375.0	495.0
376.0	499.0
377.0	462.0
378.0	469.0
379.0	451.0
380.0	421.0
381.0	422.0
382.0	449.0
383.0	430.0
384.0	404.0
385.0	428.0
386.0	432.0
387.0	428.0
388.0	459.0
389.0	418.0
390.0	458.0
391.0	425.0
392.0	400.0
393.0	398.0
394.0	434.0
395.0	398.0
396.0	415.0
397.0	445.0
398.0	358.0
399.0	404.0
400.0	374.0
401.0	381.0
402.0	410.0
403.0	425.0
404.0	391.0
405.0	363.0
406.0	400.0
407.0	403.0
408.0	351.0
409.0	374.0
410.0	370.0
411.0	352.0
412.0	327.0
413.0	376.0
414.0	356.0
415.0	415.0
416.0	392.0
417.0	371.0
418.0	381.0
419.0	369.0
420.0	374.0
421.0	352.0
422.0	342.0
423.0	364.0
424.0	329.0
425.0	361.0
426.0	333.0
427.0	317.0
428.0	280.0
429.0	318.0
430.0	304.0
431.0	301.0
432.0	337.0
433.0	333.0
434.0	288.0
435.0	307.0
436.0	278.0
437.0	287.0
438.0	285.0
439.0	282.0
440.0	329.0
441.0	317.0
442.0	311.0
443.0	305.0
444.0	292.0
445.0	267.0
446.0	279.0
447.0	301.0
448.0	282.0
449.0	271.0
450.0	244.0
451.0	259.0
452.0	270.0
453.0	273.0
454.0	255.0
455.0	273.0
456.0	240.0
457.0	233.0
458.0	240.0
459.0	246.0
460.0	252.0
461.0	246.0
462.0	270.0
463.0	275.0
464.0	280.0
465.0	252.0
466.0	247.0
467.0	255.0
468.0	255.0
469.0	268.0
470.0	231.0
471.0	259.0
472.0	243.0
473.0	248.0
474.0	225.0
475.0	236.0
476.0	243.0
477.0	239.0
478.0	249.0
479.0	271.0
480.0	265.0
481.0	274.0
482.0	298.0
483.0	264.0
484.0	247.0
485.0	263.0
486.0	272.0
487.0	256.0
488.0	253.0
489.0	226.0
490.0	277.0
491.0	235.0
492.0	235.0
493.0	198.0
494.0	244.0
495.0	244.0
496.0	259.0
497.0	236.0
498.0	238.0
499.0	255.0
500.0	227.0
501.0	253.0
502.0	252.0
503.0	255.0
504.0	219.0
505.0	233.0
506.0	236.0
507.0	241.0
508.0	211.0
509.0	203.0
510.0	250.0
511.0	205.0
512.0	244.0
513.0	218.0
514.0	231.0
515.0	239.0
516.0	215.0
517.0	231.0
518.0	224.0
519.0	212.0
520.0	257.0
521.0	228.0
522.0	233.0
523.0	221.0
524.0	210.0
525.0	201.0
526.0	218.0
527.0	220.0
528.0	200.0
529.0	222.0
530.0	223.0
531.0	210.0
532.0	214.0
533.0	219.0
534.0	186.0
535.0	213.0
536.0	224.0
537.0	186.0
538.0	200.0
539.0	181.0
540.0	185.0
541.0	217.0
542.0	186.0
543.0	175.0
544.0	187.0
545.0	213.0
546.0	173.0
547.0	200.0
548.0	219.0
549.0	185.0
550.0	174.0
551.0	182.0
552.0	165.0
553.0	172.0
554.0	185.0
555.0	178.0
556.0	174.0
557.0	147.0
558.0	181.0
559.0	157.0
560.0	167.0
561.0	175.0
562.0	167.0
563.0	174.0
564.0	169.0
565.0	138.0
566.0	141.0
567.0	178.0
568.0	153.0
569.0	156.0
570.0	163.0
571.0	157.0
572.0	155.0
573.0	154.0
574.0	151.0
575.0	175.0
576.0	166.0
577.0	161.0
578.0	149.0
579.0	166.0
580.0	150.0
581.0	155.0
582.0	143.0
583.0	169.0
584.0	160.0
585.0	164.0
586.0	149.0
587.0	121.0
588.0	146.0
589.0	162.0
590.0	170.0
591.0	169.0
592.0	140.0
593.0	153.0
594.0	135.0
595.0	146.0
596.0	128.0
597.0	132.0
598.0	155.0
599.0	135.0
600.0	135.0
601.0	140.0
602.0	123.0
603.0	144.0
604.0	133.0
605.0	132.0
606.0	157.0
607.0	133.0
608.0	117.0
609.0	142.0
610.0	136.0
611.0	139.0
612.0	153.0
613.0	156.0
614.0	139.0
615.0	141.0
616.0	149.0
617.0	156.0
618.0	140.0
619.0	134.0
620.0	155.0
621.0	171.0
622.0	147.0
623.0	156.0
624.0	146.0
625.0	166.0
626.0	136.0
627.0	138.0
628.0	130.0
629.0	139.0
630.0	132.0
631.0	133.0
632.0	148.0
633.0	120.0
634.0	163.0
635.0	142.0
636.0	121.0
637.0	141.0
638.0	118.0
639.0	144.0
640.0	119.0
641.0	156.0
642.0	126.0
643.0	104.0
644.0	144.0
645.0	132.0
646.0	115.0
647.0	136.0
648.0	126.0
649.0	95.0
650.0	108.0
651.0	96.0
652.0	112.0
653.0	110.0
654.0	108.0
655.0	120.0
656.0	126.0
657.0	121.0
658.0	114.0
659.0	111.0
660.0	97.0
661.0	121.0
662.0	107.0
663.0	92.0
664.0	102.0
665.0	117.0
666.0	102.0
667.0	89.0
668.0	93.0
669.0	96.0
670.0	100.0
671.0	83.0
672.0	95.0
673.0	96.0
674.0	126.0
675.0	99.0
676.0	90.0
677.0	104.0
678.0	103.0
679.0	115.0
680.0	115.0
681.0	115.0
682.0	110.0
683.0	122.0
684.0	108.0
685.0	120.0
686.0	127.0
687.0	104.0
688.0	119.0
689.0	120.0
690.0	87.0
691.0	92.0
692.0	87.0
693.0	109.0
694.0	97.0
695.0	94.0
696.0	119.0
697.0	96.0
698.0	76.0
699.0	91.0
700.0	97.0
701.0	97.0
702.0	84.0
703.0	101.0
704.0	82.0
705.0	101.0
706.0	95.0
707.0	97.0
708.0	88.0
709.0	87.0
710.0	114.0
711.0	87.0
712.0	86.0
713.0	89.0
714.0	95.0
715.0	87.0
716.0	91.0
717.0	90.0
718.0	76.0
719.0	101.0
720.0	94.0
721.0	81.0
722.0	82.0
723.0	78.0
724.0	96.0
725.0	100.0
726.0	71.0
727.0	76.0
728.0	76.0
729.0	87.0
730.0	67.0
731.0	84.0
732.0	82.0
733.0	84.0
734.0	95.0
735.0	90.0
736.0	83.0
737.0	66.0
738.0	86.0
739.0	65.0
740.0	77.0
741.0	72.0
742.0	68.0
743.0	83.0
744.0	64.0
745.0	65.0
746.0	98.0
747.0	92.0
748.0	72.0
749.0	69.0
750.0	82.0
751.0	79.0
752.0	74.0
753.0	86.0
754.0	75.0
755.0	81.0
756.0	80.0
757.0	83.0
758.0	84.0
759.0	81.0
760.0	93.0
761.0	97.0
762.0	64.0
763.0	99.0
764.0	65.0
765.0	76.0
766.0	81.0
767.0	59.0
768.0	80.0
769.0	60.0
770.0	66.0
771.0	82.0
772.0	85.0
773.0	93.0
774.0	63.0
775.0	86.0
776.0	89.0
777.0	101.0
778.0	86.0
779.0	95.0
780.0	93.0
781.0	83.0
782.0	50.0
783.0	76.0
784.0	68.0
785.0	78.0
786.0	71.0
787.0	72.0
788.0	60.0
789.0	60.0
790.0	67.0
791.0	72.0
792.0	75.0
793.0	81.0
794.0	72.0
795.0	79.0
796.0	84.0
797.0	86.0
798.0	95.0
799.0	80.0
800.0	82.0
801.0	96.0
802.0	100.0
803.0	96.0
804.0	84.0
805.0	74.0
806.0	89.0
807.0	84.0
808.0	75.0
809.0	90.0
810.0	81.0
811.0	76.0
812.0	72.0
813.0	82.0
814.0	68.0
815.0	88.0
816.0	75.0
817.0	89.0
818.0	71.0
819.0	76.0
820.0	67.0
821.0	72.0
822.0	68.0
823.0	60.0
824.0	77.0
825.0	58.0
826.0	72.0
827.0	73.0
828.0	61.0
829.0	55.0
830.0	59.0
831.0	62.0
832.0	58.0
833.0	61.0
834.0	69.0
835.0	53.0
836.0	49.0
837.0	52.0
838.0	54.0
839.0	43.0
840.0	49.0
841.0	62.0
842.0	63.0
843.0	74.0
844.0	70.0
845.0	76.0
846.0	73.0
847.0	44.0
848.0	67.0
849.0	52.0
850.0	59.0
851.0	64.0
852.0	57.0
853.0	80.0
854.0	61.0
855.0	70.0
856.0	66.0
857.0	75.0
858.0	75.0
859.0	68.0
860.0	48.0
861.0	66.0
862.0	46.0
863.0	60.0
864.0	46.0
865.0	56.0
866.0	62.0
867.0	65.0
868.0	55.0
869.0	66.0
870.0	68.0
871.0	73.0
872.0	70.0
873.0	72.0
874.0	69.0
875.0	68.0
876.0	71.0
877.0	59.0
878.0	57.0
879.0	64.0
880.0	62.0
881.0	51.0
882.0	53.0
883.0	60.0
884.0	58.0
885.0	58.0
886.0	65.0
887.0	45.0
888.0	48.0
889.0	53.0
890.0	67.0
891.0	45.0
892.0	57.0
893.0	59.0
894.0	49.0
895.0	59.0
896.0	47.0
897.0	51.0
898.0	57.0
899.0	56.0
900.0	37.0
901.0	47.0
902.0	46.0
903.0	56.0
904.0	46.0
905.0	59.0
906.0	67.0
907.0	46.0
908.0	53.0
909.0	48.0
910.0	58.0
911.0	39.0
912.0	57.0
913.0	51.0
914.0	48.0
915.0	60.0
916.0	57.0
917.0	56.0
918.0	55.0
919.0	49.0
920.0	51.0
921.0	70.0
922.0	59.0
923.0	50.0
924.0	43.0
925.0	48.0
926.0	52.0
927.0	38.0
928.0	51.0
929.0	42.0
930.0	45.0
931.0	48.0
932.0	42.0
933.0	37.0
934.0	44.0
935.0	37.0
936.0	42.0
937.0	41.0
938.0	46.0
939.0	48.0
940.0	50.0
941.0	59.0
942.0	49.0
943.0	50.0
944.0	40.0
945.0	46.0
946.0	44.0
947.0	32.0
948.0	45.0
949.0	36.0
950.0	36.0
951.0	43.0
952.0	46.0
953.0	60.0
954.0	46.0
955.0	59.0
956.0	58.0
957.0	47.0
958.0	47.0
959.0	46.0
960.0	39.0
961.0	52.0
962.0	46.0
963.0	49.0
964.0	28.0
965.0	42.0
966.0	46.0
967.0	39.0
968.0	39.0
969.0	56.0
970.0	48.0
971.0	47.0
972.0	51.0
973.0	40.0
974.0	44.0
975.0	42.0
976.0	39.0
977.0	64.0
978.0	47.0
979.0	52.0
980.0	52.0
981.0	46.0
982.0	58.0
983.0	45.0
984.0	55.0
985.0	43.0
986.0	55.0
987.0	37.0
988.0	46.0
989.0	57.0
990.0	61.0
991.0	37.0
992.0	38.0
993.0	47.0
994.0	43.0
995.0	42.0
996.0	31.0
997.0	43.0
998.0	53.0
999.0	42.0
1000.0	30.0
1001.0	53.0
1002.0	41.0
1003.0	57.0
1004.0	47.0
1005.0	46.0
1006.0	27.0
1007.0	37.0
1008.0	28.0
1009.0	42.0
1010.0	31.0
1011.0	39.0
1012.0	33.0
1013.0	34.0
1014.0	35.0
1015.0	45.0
1016.0	36.0
1017.0	29.0
1018.0	29.0
1019.0	33.0
1020.0	48.0
1021.0	37.0
1022.0	37.0
1023.0	37.0
1024.0	36.0
1025.0	37.0
1026.0	28.0
1027.0	43.0
1028.0	40.0
1029.0	50.0
1030.0	35.0
1031.0	45.0
1032.0	37.0
1033.0	35.0
1034.0	36.0
1035.0	39.0
1036.0	31.0
1037.0	29.0
1038.0	46.0
1039.0	44.0
1040.0	37.0
1041.0	28.0
1042.0	27.0
1043.0	36.0
1044.0	35.0
1045.0	32.0
1046.0	33.0
1047.0	34.0
1048.0	32.0
1049.0	34.0
1050.0	24.0
1051.0	30.0
1052.0	26.0
1053.0	33.0
1054.0	28.0
1055.0	23.0
1056.0	32.0
1057.0	31.0
1058.0	25.0
1059.0	32.0
1060.0	29.0
1061.0	29.0
1062.0	28.0
1063.0	34.0
1064.0	40.0
1065.0	43.0
1066.0	38.0
1067.0	26.0
1068.0	23.0
1069.0	19.0
1070.0	22.0
1071.0	32.0
1072.0	36.0
1073.0	29.0
1074.0	24.0
1075.0	19.0
1076.0	31.0
1077.0	31.0
1078.0	36.0
1079.0	21.0
1080.0	23.0
1081.0	20.0
1082.0	22.0
1083.0	12.0
1084.0	19.0
1085.0	27.0
1086.0	22.0
1087.0	23.0
1088.0	17.0
1089.0	14.0
1090.0	14.0
1091.0	21.0
1092.0	26.0
1093.0	24.0
1094.0	23.0
1095.0	16.0
1096.0	29.0
1097.0	18.0
1098.0	30.0
1099.0	16.0
1100.0	31.0
1101.0	28.0
1102.0	16.0
1103.0	28.0
1104.0	28.0
1105.0	19.0
1106.0	31.0
1107.0	24.0
1108.0	33.0
1109.0	23.0
1110.0	24.0
1111.0	15.0
1112.0	34.0
1113.0	16.0
1114.0	26.0
1115.0	30.0
1116.0	29.0
1117.0	25.0
1118.0	25.0
1119.0	28.0
1120.0	14.0
1121.0	30.0
1122.0	21.0
1123.0	30.0
1124.0	32.0
1125.0	36.0
1126.0	29.0
1127.0	15.0
1128.0	19.0
1129.0	19.0
1130.0	22.0
1131.0	25.0
1132.0	29.0
1133.0	21.0
1134.0	19.0
1135.0	20.0
1136.0	18.0
1137.0	22.0
1138.0	15.0
1139.0	19.0
1140.0	20.0
1141.0	15.0
1142.0	24.0
1143.0	18.0
1144.0	23.0
1145.0	18.0
1146.0	23.0
1147.0	23.0
1148.0	18.0
1149.0	20.0
1150.0	17.0
1151.0	30.0
1152.0	20.0
1153.0	25.0
1154.0	25.0
1155.0	21.0
1156.0	19.0
1157.0	24.0
1158.0	27.0
1159.0	38.0
1160.0	21.0
1161.0	26.0
1162.0	20.0
1163.0	15.0
1164.0	17.0
1165.0	26.0
1166.0	30.0
1167.0	18.0
1168.0	18.0
1169.0	17.0
1170.0	16.0
1171.0	21.0
1172.0	26.0
1173.0	25.0
1174.0	20.0
1175.0	19.0
1176.0	24.0
1177.0	21.0
1178.0	19.0
1179.0	15.0
1180.0	23.0
1181.0	19.0
1182.0	19.0
1183.0	19.0
1184.0	19.0
1185.0	17.0
1186.0	15.0
1187.0	19.0
1188.0	20.0
1189.0	27.0
1190.0	8.0
1191.0	17.0
1192.0	16.0
1193.0	15.0
1194.0	17.0
1195.0	21.0
1196.0	15.0
1197.0	31.0
1198.0	32.0
1199.0	19.0
1200.0	13.0
1201.0	18.0
1202.0	14.0
1203.0	18.0
1204.0	17.0
1205.0	15.0
1206.0	17.0
1207.0	12.0
1208.0	16.0
1209.0	12.0
1210.0	14.0
1211.0	22.0
1212.0	21.0
1213.0	20.0
1214.0	25.0
1215.0	18.0
1216.0	17.0
1217.0	18.0
1218.0	20.0
1219.0	30.0
1220.0	21.0
1221.0	21.0
1222.0	14.0
1223.0	16.0
1224.0	22.0
1225.0	15.0
1226.0	19.0
1227.0	19.0
1228.0	27.0
1229.0	15.0
1230.0	18.0
1231.0	20.0
1232.0	17.0
1233.0	20.0
1234.0	23.0
1235.0	17.0
1236.0	13.0
1237.0	17.0
1238.0	21.0
1239.0	20.0
1240.0	22.0
1241.0	28.0
1242.0	12.0
1243.0	15.0
1244.0	14.0
1245.0	17.0
1246.0	24.0
1247.0	16.0
1248.0	13.0
1249.0	24.0
1250.0	21.0
1251.0	16.0
1252.0	20.0
1253.0	18.0
1254.0	12.0
1255.0	19.0
1256.0	16.0
1257.0	15.0
1258.0	13.0
1259.0	21.0
1260.0	15.0
1261.0	16.0
1262.0	13.0
1263.0	13.0
1264.0	12.0
1265.0	17.0
1266.0	15.0
1267.0	18.0
1268.0	13.0
1269.0	13.0
1270.0	9.0
1271.0	12.0
1272.0	17.0
1273.0	13.0
1274.0	6.0
1275.0	14.0
1276.0	20.0
1277.0	14.0
1278.0	12.0
1279.0	10.0
1280.0	16.0
1281.0	9.0
1282.0	13.0
1283.0	1.0
1284.0	14.0
1285.0	17.0
1286.0	22.0
1287.0	12.0
1288.0	13.0
1289.0	12.0
1290.0	13.0
1291.0	15.0
1292.0	13.0
1293.0	14.0
1294.0	12.0
1295.0	10.0
1296.0	16.0
1297.0	12.0
1298.0	11.0
1299.0	16.0
1300.0	14.0
1301.0	19.0
1302.0	19.0
1303.0	17.0
1304.0	20.0
1305.0	19.0
1306.0	17.0
1307.0	23.0
1308.0	21.0
1309.0	20.0
1310.0	14.0
1311.0	20.0
1312.0	14.0
1313.0	16.0
1314.0	13.0
1315.0	15.0
1316.0	28.0
1317.0	10.0
1318.0	16.0
1319.0	15.0
1320.0	11.0
1321.0	10.0
1322.0	10.0
1323.0	8.0
1324.0	12.0
1325.0	13.0
1326.0	13.0
1327.0	12.0
1328.0	18.0
1329.0	10.0
1330.0	12.0
1331.0	10.0
1332.0	8.0
1333.0	13.0
1334.0	11.0
1335.0	13.0
1336.0	14.0
1337.0	10.0
1338.0	17.0
1339.0	14.0
1340.0	16.0
1341.0	14.0
1342.0	15.0
1343.0	9.0
1344.0	19.0
1345.0	15.0
1346.0	13.0
1347.0	16.0
1348.0	14.0
1349.0	25.0
1350.0	11.0
1351.0	13.0
1352.0	15.0
1353.0	20.0
1354.0	23.0
1355.0	18.0
1356.0	16.0
1357.0	15.0
1358.0	22.0
1359.0	12.0
1360.0	24.0
1361.0	12.0
1362.0	13.0
1363.0	10.0
1364.0	10.0
1365.0	10.0
1366.0	12.0
1367.0	13.0
1368.0	9.0
1369.0	13.0
1370.0	9.0
1371.0	21.0
1372.0	13.0
1373.0	14.0
1374.0	10.0
1375.0	20.0
1376.0	17.0
1377.0	9.0
1378.0	14.0
1379.0	9.0
1380.0	8.0
1381.0	8.0
1382.0	14.0
1383.0	14.0
1384.0	7.0
1385.0	7.0
1386.0	11.0
1387.0	9.0
1388.0	8.0
1389.0	9.0
1390.0	17.0
1391.0	6.0
1392.0	5.0
1393.0	10.0
1394.0	10.0
1395.0	4.0
1396.0	4.0
1397.0	11.0
1398.0	15.0
1399.0	14.0
1400.0	5.0
1401.0	3.0
1402.0	9.0
1403.0	5.0
1404.0	10.0
1405.0	9.0
1406.0	7.0
1407.0	18.0
1408.0	11.0
1409.0	16.0
1410.0	11.0
1411.0	14.0
1412.0	10.0
1413.0	12.0
1414.0	7.0
1415.0	7.0
1416.0	11.0
1417.0	14.0
1418.0	9.0
1419.0	13.0
1420.0	9.0
1421.0	11.0
1422.0	11.0
1423.0	11.0
1424.0	6.0
1425.0	11.0
1426.0	7.0
1427.0	9.0
1428.0	9.0
1429.0	5.0
1430.0	13.0
1431.0	5.0
1432.0	6.0
1433.0	10.0
1434.0	5.0
1435.0	10.0
1436.0	8.0
1437.0	8.0
1438.0	8.0
1439.0	7.0
1440.0	9.0
1441.0	6.0
1442.0	12.0
1443.0	8.0
1444.0	6.0
1445.0	5.0
1446.0	6.0
1447.0	9.0
1448.0	9.0
1449.0	3.0
1450.0	5.0
1451.0	12.0
1452.0	10.0
1453.0	4.0
1454.0	8.0
1455.0	12.0
1456.0	13.0
1457.0	11.0
1458.0	7.0
1459.0	12.0
1460.0	9.0
1461.0	9.0
1462.0	10.0
1463.0	11.0
1464.0	6.0
1465.0	12.0
1466.0	8.0
1467.0	8.0
1468.0	3.0
1469.0	9.0
1470.0	16.0
1471.0	10.0
1472.0	7.0
1473.0	4.0
1474.0	7.0
1475.0	2.0
1476.0	5.0
1477.0	10.0
1478.0	8.0
1479.0	8.0
1480.0	8.0
1481.0	8.0
1482.0	4.0
1483.0	7.0
1484.0	9.0
1485.0	4.0
1486.0	8.0
1487.0	9.0
1488.0	9.0
1489.0	12.0
1490.0	9.0
1491.0	6.0
1492.0	16.0
1493.0	10.0
1494.0	5.0
1495.0	11.0
1496.0	12.0
1497.0	6.0
1498.0	7.0
1499.0	13.0
1500.0	9.0
1501.0	10.0
1502.0	9.0
1503.0	2.0
1504.0	9.0
1505.0	9.0
1506.0	9.0
1507.0	6.0
1508.0	12.0
1509.0	6.0
1510.0	8.0
1511.0	7.0
1512.0	6.0
1513.0	8.0
1514.0	8.0
1515.0	13.0
1516.0	5.0
1517.0	6.0
1518.0	4.0
1519.0	8.0
1520.0	6.0
1521.0	6.0
1522.0	4.0
1523.0	7.0
1524.0	12.0
1525.0	7.0
1526.0	3.0
1527.0	9.0
1528.0	9.0
1529.0	8.0
1530.0	4.0
1531.0	5.0
1532.0	6.0
1533.0	2.0
1534.0	8.0
1535.0	11.0
1536.0	14.0
1537.0	7.0
1538.0	7.0
1539.0	5.0
1540.0	8.0
1541.0	4.0
1542.0	9.0
1543.0	10.0
1544.0	10.0
1545.0	12.0
1546.0	12.0
1547.0	12.0
1548.0	6.0
1549.0	7.0
1550.0	12.0
1551.0	10.0
1552.0	8.0
1553.0	7.0
1554.0	8.0
1555.0	8.0
1556.0	4.0
1557.0	13.0
1558.0	5.0
1559.0	9.0
1560.0	7.0
1561.0	6.0
1562.0	6.0
1563.0	8.0
1564.0	8.0
1565.0	6.0
1566.0	9.0
1567.0	11.0
1568.0	4.0
1569.0	6.0
1570.0	5.0
1571.0	7.0
1572.0	9.0
1573.0	5.0
1574.0	10.0
1575.0	9.0
1576.0	8.0
1577.0	10.0
1578.0	10.0
1579.0	8.0
1580.0	3.0
1581.0	6.0
1582.0	8.0
1583.0	10.0
1584.0	6.0
1585.0	10.0
1586.0	12.0
1587.0	11.0
1588.0	6.0
1589.0	9.0
1590.0	9.0
1591.0	11.0
1592.0	7.0
1593.0	11.0
1594.0	14.0
1595.0	11.0
1596.0	17.0
1597.0	11.0
1598.0	7.0
1599.0	9.0
1600.0	5.0
1601.0	8.0
1602.0	6.0
1603.0	9.0
1604.0	8.0
1605.0	9.0
1606.0	5.0
1607.0	6.0
1608.0	9.0
1609.0	9.0
1610.0	7.0
1611.0	6.0
1612.0	6.0
1613.0	6.0
1614.0	9.0
1615.0	7.0
1616.0	12.0
1617.0	10.0
1618.0	7.0
1619.0	9.0
1620.0	4.0
1621.0	6.0
1622.0	9.0
1623.0	5.0
1624.0	8.0
1625.0	6.0
1626.0	10.0
1627.0	7.0
1628.0	6.0
1629.0	8.0
1630.0	8.0
1631.0	8.0
1632.0	7.0
1633.0	9.0
1634.0	10.0
1635.0	2.0
1636.0	7.0
1637.0	12.0
1638.0	7.0
1639.0	11.0
1640.0	5.0
1641.0	5.0
1642.0	5.0
1643.0	5.0
1644.0	9.0
1645.0	7.0
1646.0	7.0
1647.0	9.0
1648.0	2.0
1649.0	5.0
1650.0	10.0
1651.0	7.0
1652.0	7.0
1653.0	5.0
1654.0	4.0
1655.0	3.0
1656.0	7.0
1657.0	8.0
1658.0	8.0
1659.0	4.0
1660.0	8.0
1661.0	12.0
1662.0	12.0
1663.0	11.0
1664.0	8.0
1665.0	3.0
1666.0	5.0
1667.0	6.0
1668.0	5.0
1669.0	8.0
1670.0	12.0
1671.0	5.0
1672.0	4.0
1673.0	7.0
1674.0	9.0
1675.0	6.0
1676.0	6.0
1677.0	9.0
1678.0	11.0
1679.0	3.0
1680.0	5.0
1681.0	4.0
1682.0	5.0
1683.0	5.0
1684.0	9.0
1685.0	5.0
1686.0	2.0
1687.0	7.0
1688.0	8.0
1689.0	13.0
1690.0	8.0
1691.0	10.0
1692.0	13.0
1693.0	4.0
1694.0	7.0
1695.0	4.0
1696.0	7.0
1697.0	8.0
1698.0	7.0
1699.0	3.0
1700.0	6.0
1701.0	7.0
1702.0	8.0
1703.0	5.0
1704.0	6.0
1705.0	5.0
1706.0	5.0
1707.0	7.0
1708.0	6.0
1709.0	6.0
1710.0	2.0
1711.0	8.0
1712.0	4.0
1713.0	4.0
1714.0	8.0
1715.0	3.0
1716.0	5.0
1717.0	4.0
1718.0	5.0
1719.0	6.0
1720.0	2.0
1721.0	7.0
1722.0	5.0
1723.0	1.0
1724.0	6.0
1725.0	5.0
1726.0	10.0
1727.0	8.0
1728.0	1.0
1729.0	6.0
1730.0	3.0
1731.0	10.0
1732.0	6.0
1733.0	7.0
1734.0	2.0
1735.0	5.0
1736.0	6.0
1737.0	7.0
1738.0	5.0
1739.0	8.0
1740.0	7.0
1741.0	5.0
1742.0	7.0
1743.0	12.0
1744.0	3.0
1745.0	7.0
1746.0	6.0
1747.0	8.0
1748.0	4.0
1749.0	5.0
1750.0	11.0
1751.0	3.0
1752.0	7.0
1753.0	8.0
1754.0	4.0
1755.0	4.0
1756.0	6.0
1757.0	11.0
1758.0	7.0
1759.0	5.0
1760.0	7.0
1761.0	5.0
1762.0	5.0
1763.0	3.0
1764.0	5.0
1765.0	5.0
1766.0	13.0
1767.0	8.0
1768.0	7.0
1769.0	6.0
1770.0	3.0
1771.0	5.0
1772.0	6.0
1773.0	4.0
1774.0	13.0
1775.0	1.0
1776.0	7.0
1777.0	9.0
1778.0	8.0
1779.0	8.0
1780.0	7.0
1781.0	8.0
1782.0	5.0
1783.0	5.0
1784.0	3.0
1785.0	6.0
1786.0	8.0
1787.0	5.0
1788.0	4.0
1789.0	7.0
1790.0	6.0
1791.0	3.0
1792.0	3.0
1793.0	3.0
1794.0	6.0
1795.0	5.0
1796.0	6.0
1797.0	10.0
1798.0	3.0
1799.0	5.0
1800.0	9.0
1801.0	7.0
1802.0	12.0
1803.0	8.0
1804.0	2.0
1805.0	5.0
1806.0	3.0
1807.0	9.0
1808.0	4.0
1809.0	4.0
1810.0	5.0
1811.0	6.0
1812.0	6.0
1813.0	3.0
1814.0	14.0
1815.0	9.0
1816.0	2.0
1817.0	8.0
1818.0	4.0
1819.0	6.0
1820.0	3.0
1821.0	7.0
1822.0	11.0
1823.0	3.0
1824.0	6.0
1825.0	6.0
1826.0	6.0
1827.0	3.0
1828.0	7.0
1829.0	8.0
1830.0	9.0
1831.0	8.0
1832.0	10.0
1833.0	5.0
1834.0	11.0
1835.0	5.0
1836.0	4.0
1837.0	6.0
1838.0	3.0
1839.0	7.0
1840.0	9.0
1841.0	10.0
1842.0	10.0
1843.0	6.0
1844.0	5.0
1845.0	1.0
1846.0	3.0
1847.0	5.0
1848.0	3.0
1849.0	8.0
1850.0	1.0
1851.0	4.0
1852.0	2.0
1853.0	4.0
1854.0	8.0
1855.0	13.0
1856.0	9.0
1857.0	5.0
1858.0	3.0
1859.0	5.0
1860.0	7.0
1861.0	8.0
1862.0	8.0
1863.0	8.0
1864.0	6.0
1865.0	4.0
1866.0	10.0
1867.0	5.0
1868.0	8.0
1869.0	7.0
1870.0	5.0
1871.0	5.0
1872.0	5.0
1873.0	6.0
1874.0	8.0
1875.0	6.0
1876.0	4.0
1877.0	6.0
1878.0	2.0
1879.0	10.0
1880.0	6.0
1881.0	3.0
1882.0	8.0
1883.0	15.0
1884.0	12.0
1885.0	3.0
1886.0	6.0
1887.0	7.0
1888.0	12.0
1889.0	2.0
1890.0	5.0
1891.0	9.0
1892.0	7.0
1893.0	7.0
1894.0	4.0
1895.0	6.0
1896.0	6.0
1897.0	3.0
1898.0	2.0
1899.0	7.0
1900.0	4.0
1901.0	9.0
1902.0	4.0
1903.0	10.0
1904.0	9.0
1905.0	3.0
1906.0	6.0
1907.0	5.0
1908.0	7.0
1909.0	6.0
1910.0	7.0
1911.0	9.0
1912.0	6.0
1913.0	4.0
1914.0	5.0
1915.0	6.0
1916.0	2.0
1917.0	4.0
1918.0	7.0
1919.0	5.0
1920.0	7.0
1921.0	7.0
1922.0	8.0
1923.0	6.0
1924.0	7.0
1925.0	11.0
1926.0	10.0
1927.0	16.0
1928.0	8.0
1929.0	2.0
1930.0	6.0
1931.0	6.0
1932.0	3.0
1933.0	2.0
1934.0	8.0
1935.0	3.0
1936.0	2.0
1937.0	7.0
1938.0	5.0
1939.0	4.0
1940.0	5.0
1941.0	5.0
1942.0	4.0
1943.0	7.0
1944.0	5.0
1945.0	3.0
1946.0	1.0
1947.0	4.0
1948.0	4.0
1949.0	6.0
1950.0	1.0
1951.0	6.0
1952.0	6.0
1953.0	3.0
1954.0	3.0
1955.0	3.0
1956.0	5.0
1957.0	7.0
1958.0	5.0
1959.0	4.0
1960.0	5.0
1961.0	6.0
1962.0	5.0
1963.0	6.0
1964.0	4.0
1965.0	8.0
1966.0	3.0
1967.0	3.0
1968.0	10.0
1969.0	5.0
1970.0	5.0
1971.0	4.0
1972.0	2.0
1973.0	12.0
1974.0	3.0
1975.0	5.0
1976.0	7.0
1977.0	7.0
1978.0	6.0
1979.0	4.0
1980.0	9.0
1981.0	4.0
1982.0	3.0
1983.0	5.0
1984.0	7.0
1985.0	7.0
1986.0	4.0
1987.0	3.0
1988.0	7.0
1989.0	2.0
1990.0	8.0
1991.0	4.0
1992.0	6.0
1993.0	6.0
1994.0	1.0
1995.0	3.0
1996.0	4.0
1997.0	6.0
1998.0	3.0
1999.0	5.0
2000.0	6.0
2001.0	2.0
2002.0	3.0
2003.0	2.0
2004.0	4.0
2005.0	7.0
2006.0	6.0
2007.0	2.0
2008.0	3.0
2009.0	1.0
2010.0	9.0
2011.0	2.0
2012.0	8.0
2013.0	6.0
2014.0	6.0
2015.0	2.0
2016.0	3.0
2017.0	3.0
2018.0	8.0
2019.0	4.0
2020.0	4.0
2021.0	2.0
2022.0	6.0
2023.0	6.0
2024.0	3.0
2025.0	3.0
2026.0	4.0
2027.0	3.0
2028.0	2.0
2029.0	5.0
2030.0	2.0
2031.0	2.0
2032.0	7.0
2033.0	3.0
2035.0	6.0
2036.0	2.0
2037.0	2.0
2038.0	3.0
2039.0	4.0
2040.0	6.0
2041.0	1.0
2042.0	3.0
2043.0	7.0
2044.0	5.0
2045.0	1.0
2046.0	3.0
2047.0	6.0
2048.0	1.0
2049.0	2.0
2050.0	2.0
2051.0	5.0
2052.0	7.0
2053.0	2.0
2054.0	6.0
2055.0	4.0
2056.0	1.0
2057.0	3.0
2058.0	2.0
2059.0	2.0
2060.0	5.0
2061.0	1.0
2062.0	3.0
2063.0	4.0
2064.0	2.0
2065.0	4.0
2066.0	2.0
2067.0	3.0
2068.0	5.0
2069.0	3.0
2070.0	3.0
2071.0	4.0
2072.0	2.0
2073.0	4.0
2074.0	1.0
2075.0	4.0
2076.0	6.0
2077.0	3.0
2078.0	1.0
2079.0	2.0
2080.0	8.0
2081.0	5.0
2082.0	5.0
2083.0	6.0
2084.0	4.0
2085.0	2.0
2086.0	5.0
2087.0	5.0
2088.0	9.0
2089.0	1.0
2091.0	1.0
2092.0	4.0
2093.0	2.0
2094.0	7.0
2095.0	8.0
2096.0	6.0
2097.0	6.0
2098.0	4.0
2099.0	8.0
2100.0	5.0
2101.0	5.0
2102.0	4.0
2103.0	6.0
2104.0	3.0
2105.0	3.0
2106.0	1.0
2107.0	2.0
2108.0	6.0
2109.0	2.0
2111.0	4.0
2112.0	2.0
2113.0	2.0
2114.0	2.0
2115.0	6.0
2116.0	4.0
2117.0	3.0
2118.0	2.0
2119.0	5.0
2120.0	3.0
2121.0	6.0
2122.0	4.0
2123.0	5.0
2124.0	4.0
2125.0	1.0
2126.0	4.0
2127.0	3.0
2129.0	2.0
2130.0	3.0
2131.0	3.0
2132.0	2.0
2133.0	1.0
2134.0	1.0
2135.0	3.0
2136.0	6.0
2137.0	1.0
2138.0	2.0
2139.0	1.0
2140.0	5.0
2141.0	2.0
2142.0	3.0
2143.0	5.0
2144.0	2.0
2145.0	2.0
2146.0	3.0
2147.0	3.0
2148.0	1.0
2149.0	3.0
2150.0	8.0
2151.0	9.0
2152.0	1.0
2154.0	1.0
2155.0	4.0
2156.0	4.0
2157.0	4.0
2158.0	7.0
2159.0	3.0
2161.0	5.0
2162.0	5.0
2163.0	2.0
2164.0	7.0
2165.0	6.0
2166.0	6.0
2167.0	3.0
2168.0	2.0
2169.0	3.0
2170.0	2.0
2171.0	3.0
2172.0	3.0
2173.0	5.0
2174.0	3.0
2175.0	9.0
2176.0	4.0
2177.0	3.0
2178.0	5.0
2180.0	9.0
2181.0	2.0
2182.0	2.0
2183.0	3.0
2184.0	3.0
2185.0	5.0
2186.0	6.0
2187.0	4.0
2188.0	4.0
2189.0	3.0
2190.0	6.0
2191.0	3.0
2193.0	6.0
2194.0	3.0
2195.0	4.0
2196.0	5.0
2197.0	6.0
2198.0	8.0
2199.0	6.0
2200.0	4.0
2201.0	11.0
2202.0	3.0
2203.0	4.0
2204.0	9.0
2205.0	3.0
2206.0	4.0
2207.0	4.0
2208.0	4.0
2209.0	3.0
2210.0	4.0
2211.0	4.0
2212.0	6.0
2213.0	4.0
2214.0	3.0
2215.0	6.0
2216.0	7.0
2217.0	6.0
2218.0	8.0
2219.0	7.0
2220.0	3.0
2221.0	8.0
2222.0	3.0
2223.0	9.0
2224.0	4.0
2225.0	5.0
2226.0	3.0
2227.0	3.0
2228.0	5.0
2229.0	5.0
2230.0	2.0
2231.0	4.0
2232.0	2.0
2233.0	1.0
2234.0	5.0
2235.0	3.0
2236.0	5.0
2237.0	5.0
2238.0	1.0
2239.0	1.0
2240.0	4.0
2241.0	3.0
2242.0	5.0
2243.0	1.0
2244.0	2.0
2245.0	3.0
2246.0	1.0
2247.0	1.0
2248.0	5.0
2249.0	4.0
2250.0	3.0
2251.0	2.0
2252.0	5.0
2253.0	2.0
2254.0	4.0
2255.0	3.0
2256.0	3.0
2257.0	8.0
2258.0	6.0
2259.0	3.0
2260.0	5.0
2261.0	2.0
2262.0	2.0
2263.0	2.0
2265.0	6.0
2266.0	7.0
2267.0	4.0
2268.0	4.0
2269.0	5.0
2270.0	4.0
2271.0	4.0
2272.0	1.0
2273.0	3.0
2274.0	3.0
2275.0	2.0
2276.0	4.0
2277.0	1.0
2278.0	1.0
2279.0	7.0
2280.0	3.0
2281.0	1.0
2282.0	3.0
2283.0	1.0
2284.0	5.0
2285.0	5.0
2286.0	2.0
2287.0	5.0
2288.0	1.0
2289.0	4.0
2290.0	3.0
2291.0	3.0
2292.0	1.0
2293.0	1.0
2294.0	4.0
2295.0	4.0
2296.0	7.0
2297.0	1.0
2298.0	8.0
2299.0	4.0
2300.0	8.0
2301.0	3.0
2302.0	2.0
2303.0	1.0
2304.0	4.0
2305.0	4.0
2306.0	2.0
2307.0	2.0
2309.0	5.0
2310.0	3.0
2311.0	3.0
2312.0	3.0
2314.0	1.0
2315.0	6.0
2316.0	6.0
2317.0	4.0
2318.0	5.0
2319.0	4.0
2320.0	5.0
2321.0	6.0
2322.0	2.0
2323.0	4.0
2324.0	3.0
2325.0	6.0
2326.0	2.0
2327.0	3.0
2328.0	8.0
2329.0	3.0
2330.0	6.0
2331.0	4.0
2332.0	8.0
2333.0	8.0
2334.0	6.0
2335.0	5.0
2336.0	7.0
2337.0	5.0
2338.0	1.0
2339.0	2.0
2340.0	7.0
2341.0	7.0
2342.0	4.0
2343.0	6.0
2344.0	5.0
2345.0	6.0
2346.0	5.0
2347.0	3.0
2348.0	6.0
2349.0	5.0
2350.0	9.0
2351.0	6.0
2352.0	7.0
2353.0	1.0
2354.0	4.0
2355.0	4.0
2356.0	6.0
2357.0	2.0
2358.0	3.0
2359.0	5.0
2360.0	7.0
2361.0	7.0
2362.0	2.0
2363.0	4.0
2364.0	4.0
2365.0	9.0
2366.0	7.0
2367.0	8.0
2368.0	5.0
2369.0	2.0
2370.0	3.0
2371.0	4.0
2372.0	3.0
2373.0	2.0
2374.0	5.0
2375.0	6.0
2376.0	2.0
2377.0	4.0
2378.0	8.0
2379.0	4.0
2380.0	7.0
2381.0	6.0
2382.0	4.0
2383.0	3.0
2384.0	5.0
2385.0	4.0
2386.0	1.0
2387.0	9.0
2388.0	4.0
2389.0	5.0
2390.0	4.0
2391.0	3.0
2392.0	8.0
2393.0	2.0
2394.0	7.0
2395.0	8.0
2396.0	1.0
2397.0	1.0
2398.0	2.0
2399.0	5.0
2400.0	2.0
2401.0	3.0
2402.0	1.0
2403.0	5.0
2404.0	1.0
2405.0	3.0
2406.0	3.0
2407.0	3.0
2408.0	6.0
2409.0	5.0
2410.0	5.0
2411.0	4.0
2412.0	6.0
2413.0	3.0
2414.0	6.0
2415.0	3.0
2416.0	3.0
2417.0	3.0
2418.0	3.0
2419.0	5.0
2420.0	2.0
2421.0	2.0
2422.0	4.0
2423.0	6.0
2424.0	5.0
2425.0	2.0
2426.0	6.0
2427.0	6.0
2428.0	7.0
2429.0	4.0
2430.0	4.0
2431.0	2.0
2432.0	5.0
2433.0	3.0
2434.0	2.0
2435.0	4.0
2436.0	8.0
2437.0	2.0
2438.0	2.0
2439.0	3.0
2440.0	2.0
2441.0	2.0
2442.0	3.0
2443.0	3.0
2444.0	6.0
2445.0	2.0
2446.0	6.0
2447.0	5.0
2448.0	5.0
2449.0	3.0
2450.0	5.0
2451.0	5.0
2452.0	2.0
2453.0	1.0
2454.0	5.0
2455.0	3.0
2456.0	4.0
2457.0	3.0
2458.0	3.0
2459.0	4.0
2460.0	7.0
2461.0	4.0
2462.0	7.0
2463.0	6.0
2464.0	2.0
2465.0	3.0
2466.0	3.0
2467.0	3.0
2468.0	2.0
2469.0	6.0
2470.0	5.0
2471.0	3.0
2472.0	4.0
2473.0	4.0
2474.0	3.0
2475.0	1.0
2476.0	5.0
2477.0	3.0
2478.0	3.0
2480.0	4.0
2481.0	2.0
2482.0	2.0
2483.0	3.0
2484.0	5.0
2485.0	6.0
2486.0	3.0
2487.0	4.0
2488.0	3.0
2489.0	4.0
2490.0	5.0
2491.0	2.0
2492.0	3.0
2493.0	3.0
2494.0	1.0
2495.0	4.0
2496.0	2.0
2497.0	7.0
2498.0	2.0
2499.0	2.0
2500.0	1.0
2501.0	3.0
2502.0	4.0
2503.0	5.0
2504.0	1.0
2505.0	3.0
2506.0	2.0
2507.0	6.0
2508.0	4.0
2509.0	4.0
2510.0	2.0
2512.0	3.0
2513.0	3.0
2514.0	4.0
2515.0	3.0
2516.0	3.0
2517.0	1.0
2518.0	6.0
2519.0	2.0
2520.0	2.0
2521.0	4.0
2522.0	2.0
2523.0	2.0
2525.0	8.0
2526.0	2.0
2527.0	4.0
2528.0	2.0
2529.0	8.0
2530.0	6.0
2531.0	4.0
2532.0	6.0
2533.0	3.0
2534.0	3.0
2535.0	3.0
2536.0	4.0
2538.0	3.0
2539.0	2.0
2540.0	4.0
2541.0	1.0
2542.0	3.0
2543.0	4.0
2544.0	5.0
2545.0	2.0
2546.0	3.0
2547.0	3.0
2548.0	2.0
2549.0	7.0
2550.0	5.0
2551.0	5.0
2552.0	6.0
2553.0	3.0
2554.0	2.0
2555.0	1.0
2556.0	5.0
2557.0	4.0
2558.0	4.0
2559.0	6.0
2560.0	7.0
2561.0	1.0
2562.0	2.0
2563.0	2.0
2564.0	2.0
2565.0	4.0
2566.0	4.0
2567.0	1.0
2568.0	4.0
2569.0	5.0
2570.0	4.0
2571.0	6.0
2572.0	3.0
2573.0	5.0
2574.0	7.0
2575.0	6.0
2576.0	2.0
2577.0	3.0
2578.0	2.0
2579.0	7.0
2580.0	5.0
2581.0	4.0
2582.0	4.0
2583.0	6.0
2584.0	3.0
2585.0	1.0
2586.0	2.0
2587.0	4.0
2588.0	4.0
2590.0	3.0
2591.0	1.0
2592.0	5.0
2593.0	5.0
2594.0	3.0
2595.0	3.0
2596.0	2.0
2597.0	3.0
2598.0	4.0
2599.0	3.0
2600.0	1.0
2601.0	4.0
2602.0	2.0
2603.0	3.0
2605.0	1.0
2606.0	1.0
2607.0	2.0
2608.0	3.0
2609.0	5.0
2610.0	2.0
2611.0	3.0
2612.0	6.0
2613.0	4.0
2614.0	2.0
2615.0	2.0
2616.0	2.0
2617.0	5.0
2618.0	6.0
2619.0	10.0
2620.0	5.0
2621.0	10.0
2622.0	4.0
2623.0	3.0
2624.0	6.0
2625.0	1.0
2626.0	3.0
2627.0	2.0
2628.0	1.0
2630.0	4.0
2631.0	5.0
2632.0	4.0
2633.0	1.0
2635.0	1.0
2636.0	2.0
2637.0	3.0
2638.0	4.0
2639.0	3.0
2640.0	2.0
2641.0	1.0
2642.0	2.0
2643.0	2.0
2645.0	2.0
2646.0	2.0
2648.0	4.0
2649.0	2.0
2651.0	2.0
2653.0	1.0
2655.0	2.0
2656.0	3.0
2657.0	2.0
2659.0	1.0
2660.0	2.0
2662.0	3.0
2663.0	1.0
2664.0	2.0
2666.0	1.0
2667.0	3.0
2668.0	1.0
2669.0	1.0
2670.0	3.0
2671.0	2.0
2672.0	2.0
2673.0	1.0
2674.0	4.0
2675.0	1.0
2676.0	4.0
2678.0	3.0
2679.0	1.0
2680.0	2.0
2681.0	1.0
2682.0	2.0
2683.0	2.0
2684.0	1.0
2685.0	3.0
2686.0	1.0
2688.0	1.0
2689.0	6.0
2690.0	1.0
2691.0	2.0
2692.0	4.0
2693.0	1.0
2695.0	1.0
2697.0	1.0
2698.0	2.0
2699.0	4.0
2700.0	2.0
2701.0	2.0
2702.0	3.0
2703.0	1.0
2704.0	1.0
2706.0	3.0
2709.0	5.0
2710.0	2.0
2711.0	3.0
2713.0	3.0
2714.0	2.0
2715.0	4.0
2716.0	4.0
2718.0	1.0
2719.0	1.0
2720.0	3.0
2721.0	1.0
2722.0	2.0
2723.0	5.0
2724.0	1.0
2725.0	1.0
2726.0	3.0
2728.0	1.0
2729.0	1.0
2730.0	3.0
2731.0	3.0
2732.0	1.0
2733.0	3.0
2734.0	3.0
2736.0	1.0
2737.0	3.0
2738.0	1.0
2739.0	2.0
2740.0	7.0
2741.0	3.0
2742.0	3.0
2743.0	3.0
2746.0	2.0
2747.0	1.0
2748.0	3.0
2749.0	3.0
2752.0	3.0
2753.0	5.0
2755.0	3.0
2756.0	6.0
2757.0	2.0
2758.0	1.0
2759.0	1.0
2760.0	1.0
2761.0	1.0
2762.0	3.0
2763.0	4.0
2764.0	4.0
2766.0	2.0
2767.0	3.0
2768.0	2.0
2769.0	1.0
2770.0	1.0
2771.0	1.0
2772.0	1.0
2773.0	2.0
2774.0	1.0
2775.0	2.0
2777.0	2.0
2778.0	1.0
2779.0	2.0
2780.0	1.0
2781.0	2.0
2782.0	2.0
2783.0	3.0
2784.0	3.0
2786.0	4.0
2787.0	5.0
2788.0	1.0
2790.0	2.0
2791.0	5.0
2792.0	1.0
2793.0	2.0
2794.0	2.0
2796.0	1.0
2797.0	3.0
2798.0	2.0
2799.0	1.0
2802.0	3.0
2803.0	3.0
2804.0	3.0
2805.0	3.0
2806.0	3.0
2807.0	3.0
2808.0	3.0
2809.0	4.0
2810.0	3.0
2811.0	3.0
2812.0	3.0
2813.0	1.0
2815.0	5.0
2816.0	5.0
2817.0	1.0
2818.0	4.0
2819.0	1.0
2820.0	5.0
2821.0	3.0
2822.0	3.0
2823.0	3.0
2824.0	3.0
2825.0	3.0
2826.0	5.0
2827.0	5.0
2829.0	3.0
2830.0	3.0
2831.0	1.0
2832.0	3.0
2833.0	5.0
2834.0	4.0
2835.0	1.0
2836.0	10.0
2837.0	2.0
2838.0	4.0
2839.0	3.0
2840.0	2.0
2841.0	3.0
2842.0	4.0
2843.0	2.0
2844.0	3.0
2845.0	5.0
2846.0	3.0
2847.0	2.0
2848.0	1.0
2850.0	2.0
2851.0	3.0
2852.0	1.0
2853.0	3.0
2856.0	2.0
2857.0	3.0
2858.0	1.0
2859.0	1.0
2860.0	1.0
2861.0	3.0
2862.0	4.0
2863.0	1.0
2864.0	3.0
2866.0	1.0
2867.0	4.0
2870.0	2.0
2871.0	3.0
2873.0	4.0
2875.0	1.0
2876.0	1.0
2877.0	1.0
2878.0	2.0
2879.0	1.0
2880.0	3.0
2881.0	1.0
2882.0	1.0
2883.0	2.0
2884.0	1.0
2885.0	1.0
2886.0	2.0
2887.0	2.0
2888.0	1.0
2889.0	2.0
2890.0	2.0
2891.0	1.0
2892.0	1.0
2894.0	2.0
2896.0	1.0
2897.0	2.0
2898.0	1.0
2899.0	1.0
2900.0	2.0
2902.0	3.0
2903.0	1.0
2904.0	2.0
2905.0	1.0
2907.0	2.0
2908.0	3.0
2909.0	2.0
2912.0	2.0
2913.0	3.0
2914.0	2.0
2917.0	1.0
2918.0	1.0
2919.0	4.0
2920.0	1.0
2921.0	1.0
2922.0	1.0
2923.0	2.0
2924.0	3.0
2926.0	1.0
2929.0	1.0
2931.0	1.0
2934.0	2.0
2936.0	1.0
2937.0	3.0
2938.0	2.0
2939.0	1.0
2940.0	3.0
2941.0	1.0
2942.0	3.0
2943.0	2.0
2944.0	2.0
2946.0	1.0
2948.0	3.0
2949.0	2.0
2950.0	2.0
2951.0	2.0
2952.0	6.0
2953.0	6.0
2954.0	1.0
2955.0	1.0
2956.0	3.0
2957.0	3.0
2958.0	1.0
2959.0	1.0
2960.0	1.0
2961.0	2.0
2963.0	1.0
2964.0	1.0
2966.0	2.0
2968.0	3.0
2971.0	1.0
2973.0	2.0
2974.0	1.0
2975.0	1.0
2976.0	1.0
2977.0	1.0
2978.0	4.0
2979.0	1.0
2983.0	1.0
2984.0	2.0
2985.0	2.0
2986.0	1.0
2987.0	2.0
2988.0	3.0
2989.0	1.0
2990.0	2.0
2991.0	2.0
2992.0	2.0
2994.0	2.0
2995.0	3.0
2996.0	3.0
2998.0	8.0
2999.0	1.0
3000.0	2.0
3001.0	3.0
3004.0	1.0
3005.0	4.0
3008.0	2.0
3009.0	1.0
3010.0	1.0
3011.0	2.0
3012.0	2.0
3014.0	2.0
3015.0	2.0
3016.0	3.0
3017.0	3.0
3019.0	1.0
3022.0	1.0
3023.0	1.0
3024.0	2.0
3025.0	3.0
3027.0	2.0
3029.0	2.0
3030.0	2.0
3031.0	2.0
3032.0	1.0
3034.0	1.0
3035.0	3.0
3036.0	1.0
3037.0	2.0
3041.0	1.0
3046.0	1.0
3047.0	1.0
3048.0	2.0
3052.0	2.0
3053.0	1.0
3055.0	2.0
3056.0	1.0
3057.0	1.0
3061.0	2.0
3063.0	2.0
3066.0	2.0
3070.0	1.0
3071.0	1.0
3073.0	1.0
3074.0	2.0
3082.0	1.0
3083.0	1.0
3085.0	2.0
3086.0	1.0
3089.0	1.0
3093.0	1.0
3094.0	4.0
3095.0	1.0
3096.0	1.0
3097.0	1.0
3099.0	1.0
3101.0	1.0
3103.0	1.0
3106.0	1.0
3108.0	1.0
3109.0	1.0
3111.0	1.0
3112.0	2.0
3113.0	3.0
3115.0	1.0
3116.0	1.0
3118.0	1.0
3119.0	2.0
3120.0	1.0
3121.0	1.0
3123.0	2.0
3125.0	1.0
3126.0	3.0
3127.0	1.0
3128.0	1.0
3129.0	2.0
3130.0	1.0
3134.0	1.0
3135.0	1.0
3136.0	1.0
3137.0	2.0
3139.0	1.0
3142.0	1.0
3143.0	2.0
3144.0	3.0
3150.0	2.0
3151.0	1.0
3153.0	1.0
3154.0	3.0
3157.0	3.0
3161.0	1.0
3162.0	1.0
3163.0	1.0
3164.0	1.0
3168.0	1.0
3169.0	1.0
3172.0	2.0
3174.0	2.0
3175.0	1.0
3177.0	3.0
3178.0	2.0
3179.0	1.0
3181.0	1.0
3182.0	1.0
3187.0	2.0
3190.0	2.0
3192.0	3.0
3193.0	1.0
3194.0	2.0
3198.0	2.0
3199.0	1.0
3200.0	1.0
3201.0	3.0
3202.0	2.0
3203.0	1.0
3205.0	1.0
3208.0	2.0
3209.0	3.0
3210.0	1.0
3214.0	2.0
3216.0	1.0
3218.0	2.0
3219.0	2.0
3220.0	1.0
3221.0	1.0
3222.0	1.0
3223.0	2.0
3224.0	1.0
3225.0	1.0
3227.0	2.0
3228.0	2.0
3229.0	1.0
3230.0	1.0
3231.0	2.0
3232.0	3.0
3233.0	1.0
3234.0	4.0
3236.0	1.0
3237.0	2.0
3239.0	2.0
3240.0	2.0
3241.0	3.0
3242.0	1.0
3243.0	2.0
3244.0	2.0
3245.0	1.0
3246.0	1.0
3247.0	1.0
3248.0	1.0
3250.0	1.0
3251.0	1.0
3252.0	1.0
3253.0	2.0
3254.0	2.0
3255.0	2.0
3256.0	1.0
3258.0	1.0
3260.0	2.0
3261.0	1.0
3262.0	1.0
3264.0	2.0
3265.0	1.0
3268.0	1.0
3269.0	2.0
3272.0	2.0
3276.0	1.0
3278.0	1.0
3284.0	1.0
3285.0	1.0
3287.0	2.0
3288.0	1.0
3291.0	1.0
3292.0	1.0
3293.0	2.0
3294.0	2.0
3296.0	2.0
3297.0	1.0
3299.0	1.0
3301.0	1.0
3304.0	1.0
3306.0	1.0
3308.0	1.0
3309.0	2.0
3310.0	1.0
3311.0	2.0
3318.0	1.0
3322.0	2.0
3324.0	1.0
3327.0	1.0
3328.0	2.0
3330.0	1.0
3331.0	2.0
3333.0	2.0
3334.0	2.0
3335.0	1.0
3336.0	1.0
3337.0	3.0
3338.0	1.0
3339.0	1.0
3340.0	1.0
3341.0	1.0
3343.0	1.0
3346.0	1.0
3347.0	3.0
3348.0	3.0
3354.0	2.0
3355.0	1.0
3357.0	1.0
3358.0	3.0
3360.0	1.0
3363.0	2.0
3365.0	1.0
3366.0	2.0
3367.0	1.0
3368.0	2.0
3370.0	1.0
3373.0	1.0
3374.0	1.0
3375.0	1.0
3382.0	1.0
3383.0	1.0
3386.0	1.0
3387.0	1.0
3389.0	1.0
3390.0	2.0
3393.0	1.0
3395.0	1.0
3396.0	1.0
3398.0	1.0
3402.0	2.0
3404.0	1.0
3406.0	2.0
3407.0	1.0
3409.0	2.0
3410.0	1.0
3412.0	1.0
3417.0	1.0
3418.0	2.0
3422.0	1.0
3425.0	4.0
3426.0	2.0
3428.0	1.0
3429.0	2.0
3431.0	1.0
3433.0	1.0
3434.0	1.0
3436.0	1.0
3438.0	1.0
3441.0	2.0
3442.0	1.0
3443.0	1.0
3446.0	1.0
3448.0	1.0
3450.0	1.0
3451.0	1.0
3452.0	1.0
3453.0	1.0
3454.0	1.0
3456.0	1.0
3462.0	1.0
3464.0	1.0
3465.0	2.0
3466.0	1.0
3467.0	3.0
3468.0	4.0
3474.0	2.0
3475.0	1.0
3476.0	1.0
3477.0	1.0
3479.0	1.0
3481.0	2.0
3482.0	1.0
3483.0	1.0
3484.0	1.0
3487.0	2.0
3488.0	2.0
3489.0	1.0
3490.0	1.0
3491.0	1.0
3492.0	1.0
3494.0	1.0
3495.0	1.0
3496.0	1.0
3497.0	2.0
3499.0	1.0
3500.0	1.0
3501.0	1.0
3502.0	3.0
3503.0	3.0
3505.0	3.0
3508.0	2.0
3510.0	1.0
3512.0	1.0
3513.0	2.0
3515.0	1.0
3516.0	1.0
3518.0	1.0
3519.0	1.0
3520.0	1.0
3522.0	1.0
3524.0	2.0
3526.0	2.0
3527.0	1.0
3529.0	1.0
3537.0	1.0
3538.0	2.0
3539.0	4.0
3542.0	2.0
3543.0	1.0
3544.0	2.0
3549.0	1.0
3553.0	2.0
3554.0	1.0
3557.0	3.0
3559.0	1.0
3560.0	3.0
3561.0	1.0
3562.0	1.0
3564.0	1.0
3565.0	1.0
3566.0	2.0
3567.0	1.0
3570.0	1.0
3571.0	1.0
3573.0	1.0
3574.0	2.0
3576.0	2.0
3577.0	2.0
3580.0	2.0
3582.0	1.0
3584.0	2.0
3585.0	1.0
3586.0	1.0
3589.0	1.0
3591.0	1.0
3592.0	1.0
3594.0	1.0
3595.0	3.0
3597.0	1.0
3598.0	1.0
3599.0	1.0
3600.0	1.0
3602.0	2.0
3605.0	1.0
3611.0	1.0
3612.0	1.0
3614.0	1.0
3616.0	1.0
3617.0	4.0
3619.0	1.0
3621.0	1.0
3622.0	2.0
3623.0	1.0
3626.0	1.0
3629.0	2.0
3631.0	1.0
3632.0	1.0
3633.0	1.0
3636.0	1.0
3637.0	1.0
3640.0	2.0
3643.0	2.0
3644.0	2.0
3647.0	1.0
3649.0	1.0
3652.0	3.0
3653.0	2.0
3656.0	2.0
3657.0	4.0
3658.0	5.0
3659.0	1.0
3660.0	1.0
3661.0	2.0
3662.0	2.0
3663.0	2.0
3665.0	1.0
3667.0	3.0
3668.0	1.0
3669.0	2.0
3670.0	1.0
3674.0	1.0
3676.0	1.0
3677.0	2.0
3679.0	2.0
3680.0	1.0
3683.0	1.0
3684.0	1.0
3685.0	1.0
3686.0	1.0
3687.0	1.0
3688.0	1.0
3693.0	4.0
3696.0	1.0
3699.0	1.0
3700.0	3.0
3701.0	2.0
3702.0	1.0
3704.0	1.0
3705.0	2.0
3706.0	1.0
3708.0	2.0
3709.0	1.0
3713.0	1.0
3714.0	1.0
3715.0	1.0
3718.0	1.0
3720.0	1.0
3721.0	1.0
3723.0	1.0
3724.0	3.0
3725.0	3.0
3727.0	1.0
3728.0	1.0
3729.0	1.0
3732.0	1.0
3733.0	1.0
3736.0	3.0
3739.0	1.0
3741.0	1.0
3745.0	1.0
3746.0	1.0
3748.0	3.0
3749.0	1.0
3750.0	1.0
3752.0	1.0
3754.0	1.0
3756.0	1.0
3757.0	1.0
3759.0	1.0
3761.0	1.0
3762.0	2.0
3763.0	1.0
3768.0	1.0
3770.0	1.0
3772.0	1.0
3773.0	1.0
3774.0	2.0
3776.0	1.0
3779.0	3.0
3780.0	3.0
3781.0	1.0
3783.0	1.0
3784.0	1.0
3786.0	1.0
3788.0	2.0
3790.0	2.0
3791.0	1.0
3793.0	2.0
3795.0	3.0
3796.0	2.0
3797.0	1.0
3800.0	1.0
3802.0	2.0
3803.0	1.0
3805.0	3.0
3806.0	2.0
3807.0	1.0
3810.0	2.0
3812.0	1.0
3814.0	1.0
3817.0	1.0
3818.0	2.0
3820.0	1.0
3821.0	1.0
3822.0	1.0
3824.0	1.0
3825.0	2.0
3827.0	1.0
3832.0	1.0
3836.0	1.0
3837.0	3.0
3838.0	2.0
3839.0	1.0
3840.0	2.0
3841.0	1.0
3844.0	2.0
3848.0	1.0
3850.0	1.0
3853.0	2.0
3855.0	1.0
3856.0	1.0
3858.0	1.0
3860.0	1.0
3862.0	2.0
3865.0	2.0
3866.0	1.0
3869.0	2.0
3870.0	2.0
3872.0	3.0
3876.0	1.0
3879.0	1.0
3881.0	1.0
3882.0	1.0
3883.0	2.0
3884.0	1.0
3885.0	2.0
3886.0	1.0
3887.0	3.0
3888.0	4.0
3891.0	1.0
3893.0	2.0
3894.0	1.0
3895.0	2.0
3896.0	1.0
3897.0	1.0
3901.0	2.0
3902.0	1.0
3903.0	2.0
3904.0	1.0
3906.0	1.0
3908.0	1.0
3909.0	1.0
3912.0	1.0
3913.0	1.0
3914.0	1.0
3916.0	2.0
3917.0	1.0
3921.0	3.0
3922.0	1.0
3924.0	2.0
3926.0	1.0
3928.0	1.0
3931.0	1.0
3932.0	1.0
3933.0	1.0
3934.0	1.0
3936.0	1.0
3937.0	1.0
3938.0	2.0
3940.0	1.0
3943.0	1.0
3944.0	1.0
3947.0	2.0
3949.0	1.0
3950.0	1.0
3952.0	3.0
3954.0	2.0
3955.0	1.0
3956.0	1.0
3959.0	1.0
3960.0	1.0
3961.0	1.0
3962.0	1.0
3963.0	1.0
3966.0	1.0
3967.0	1.0
3968.0	2.0
3971.0	1.0
3973.0	2.0
3976.0	1.0
3977.0	1.0
3981.0	1.0
3983.0	1.0
3985.0	1.0
3987.0	3.0
3988.0	1.0
3990.0	1.0
3991.0	1.0
3995.0	1.0
3997.0	1.0
3998.0	3.0
3999.0	2.0
4000.0	2.0
4001.0	4.0
4002.0	2.0
4004.0	1.0
4006.0	1.0
4007.0	1.0
4009.0	1.0
4011.0	3.0
4014.0	1.0
4015.0	1.0
4017.0	2.0
4024.0	2.0
4025.0	1.0
4026.0	2.0
4027.0	1.0
4028.0	3.0
4029.0	1.0
4030.0	1.0
4031.0	2.0
4034.0	1.0
4035.0	2.0
4036.0	1.0
4037.0	1.0
4040.0	1.0
4041.0	1.0
4044.0	1.0
4046.0	1.0
4047.0	2.0
4051.0	1.0
4052.0	1.0
4053.0	3.0
4056.0	2.0
4057.0	1.0
4058.0	1.0
4062.0	1.0
4064.0	1.0
4065.0	1.0
4066.0	3.0
4067.0	1.0
4070.0	2.0
4073.0	1.0
4074.0	2.0
4076.0	2.0
4077.0	1.0
4078.0	3.0
4079.0	2.0
4080.0	1.0
4081.0	1.0
4083.0	1.0
4084.0	2.0
4086.0	1.0
4087.0	1.0
4091.0	2.0
4093.0	3.0
4094.0	1.0
4095.0	3.0
4096.0	1.0
4097.0	1.0
4098.0	2.0
4099.0	1.0
4101.0	1.0
4102.0	1.0
4104.0	2.0
4105.0	1.0
4106.0	1.0
4108.0	2.0
4110.0	1.0
4112.0	2.0
4123.0	2.0
4124.0	3.0
4125.0	2.0
4129.0	2.0
4131.0	1.0
4133.0	1.0
4137.0	3.0
4139.0	1.0
4144.0	2.0
4145.0	1.0
4148.0	1.0
4150.0	1.0
4151.0	1.0
4152.0	3.0
4154.0	1.0
4158.0	1.0
4161.0	2.0
4164.0	1.0
4166.0	2.0
4167.0	1.0
4168.0	1.0
4170.0	1.0
4172.0	1.0
4173.0	1.0
4174.0	1.0
4175.0	1.0
4176.0	1.0
4177.0	2.0
4178.0	1.0
4179.0	2.0
4180.0	2.0
4181.0	1.0
4183.0	3.0
4184.0	2.0
4186.0	2.0
4187.0	2.0
4190.0	3.0
4191.0	4.0
4193.0	1.0
4194.0	2.0
4195.0	3.0
4196.0	1.0
4201.0	1.0
4202.0	1.0
4205.0	1.0
4210.0	1.0
4211.0	1.0
4213.0	1.0
4215.0	2.0
4221.0	1.0
4222.0	1.0
4223.0	1.0
4224.0	1.0
4226.0	1.0
4227.0	1.0
4228.0	1.0
4233.0	1.0
4234.0	2.0
4236.0	1.0
4240.0	1.0
4241.0	1.0
4242.0	1.0
4243.0	1.0
4244.0	1.0
4246.0	1.0
4248.0	1.0
4249.0	2.0
4250.0	2.0
4251.0	1.0
4253.0	1.0
4256.0	1.0
4260.0	1.0
4263.0	1.0
4265.0	2.0
4267.0	3.0
4268.0	1.0
4269.0	2.0
4271.0	1.0
4275.0	1.0
4276.0	1.0
4277.0	2.0
4278.0	2.0
4279.0	1.0
4281.0	2.0
4287.0	1.0
4288.0	1.0
4290.0	1.0
4291.0	1.0
4292.0	1.0
4294.0	2.0
4297.0	1.0
4298.0	1.0
4300.0	1.0
4301.0	2.0
4305.0	2.0
4307.0	1.0
4309.0	2.0
4310.0	1.0
4311.0	2.0
4312.0	1.0
4313.0	2.0
4322.0	3.0
4325.0	1.0
4333.0	1.0
4336.0	1.0
4339.0	1.0
4344.0	1.0
4349.0	1.0
4350.0	1.0
4351.0	1.0
4352.0	1.0
4353.0	2.0
4358.0	1.0
4359.0	2.0
4360.0	1.0
4361.0	2.0
4367.0	3.0
4370.0	2.0
4371.0	1.0
4373.0	1.0
4375.0	1.0
4382.0	2.0
4383.0	1.0
4386.0	1.0
4390.0	1.0
4394.0	2.0
4407.0	1.0
4408.0	1.0
4410.0	1.0
4413.0	3.0
4415.0	1.0
4417.0	1.0
4418.0	1.0
4419.0	2.0
4421.0	1.0
4426.0	1.0
4430.0	1.0
4431.0	1.0
4432.0	2.0
4433.0	1.0
4435.0	1.0
4438.0	1.0
4439.0	1.0
4441.0	1.0
4444.0	1.0
4448.0	1.0
4450.0	2.0
4452.0	1.0
4459.0	1.0
4460.0	2.0
4463.0	1.0
4465.0	2.0
4473.0	1.0
4475.0	1.0
4476.0	2.0
4484.0	2.0
4487.0	1.0
4488.0	1.0
4489.0	1.0
4490.0	1.0
4491.0	1.0
4492.0	1.0
4493.0	1.0
4500.0	1.0
4503.0	1.0
4506.0	1.0
4508.0	1.0
4510.0	1.0
4511.0	2.0
4514.0	1.0
4517.0	1.0
4518.0	1.0
4522.0	1.0
4524.0	2.0
4526.0	2.0
4527.0	1.0
4528.0	1.0
4529.0	1.0
4531.0	1.0
4532.0	2.0
4534.0	2.0
4538.0	1.0
4539.0	3.0
4540.0	2.0
4541.0	1.0
4542.0	4.0
4544.0	1.0
4549.0	1.0
4552.0	1.0
4554.0	1.0
4557.0	1.0
4562.0	1.0
4566.0	1.0
4569.0	1.0
4575.0	1.0
4580.0	1.0
4582.0	1.0
4584.0	1.0
4586.0	1.0
4589.0	2.0
4590.0	2.0
4596.0	2.0
4600.0	1.0
4604.0	1.0
4610.0	2.0
4612.0	1.0
4613.0	1.0
4616.0	2.0
4620.0	1.0
4621.0	1.0
4624.0	1.0
4637.0	1.0
4638.0	2.0
4639.0	1.0
4640.0	1.0
4643.0	1.0
4644.0	1.0
4645.0	1.0
4648.0	2.0
4651.0	2.0
4652.0	1.0
4654.0	1.0
4655.0	1.0
4666.0	1.0
4667.0	1.0
4668.0	1.0
4675.0	1.0
4677.0	1.0
4680.0	1.0
4681.0	1.0
4682.0	1.0
4685.0	1.0
4687.0	1.0
4693.0	1.0
4697.0	1.0
4698.0	1.0
4706.0	1.0
4709.0	1.0
4712.0	1.0
4714.0	1.0
4718.0	1.0
4719.0	1.0
4725.0	2.0
4729.0	1.0
4732.0	1.0
4733.0	1.0
4734.0	2.0
4737.0	1.0
4739.0	1.0
4741.0	1.0
4745.0	1.0
4747.0	1.0
4748.0	1.0
4749.0	2.0
4752.0	1.0
4754.0	1.0
4755.0	1.0
4758.0	2.0
4761.0	1.0
4764.0	1.0
4766.0	1.0
4768.0	1.0
4771.0	1.0
4773.0	1.0
4774.0	1.0
4776.0	1.0
4779.0	3.0
4780.0	1.0
4781.0	1.0
4785.0	1.0
4787.0	1.0
4788.0	3.0
4793.0	1.0
4794.0	1.0
4799.0	1.0
4804.0	1.0
4806.0	1.0
4816.0	1.0
4818.0	1.0
4819.0	1.0
4820.0	1.0
4821.0	1.0
4823.0	1.0
4829.0	2.0
4831.0	1.0
4833.0	2.0
4836.0	1.0
4842.0	1.0
4845.0	2.0
4846.0	2.0
4849.0	2.0
4850.0	1.0
4852.0	2.0
4854.0	3.0
4863.0	1.0
4864.0	1.0
4865.0	1.0
4866.0	2.0
4867.0	1.0
4870.0	1.0
4872.0	1.0
4873.0	1.0
4874.0	1.0
4875.0	1.0
4876.0	1.0
4881.0	1.0
4883.0	1.0
4884.0	1.0
4885.0	2.0
4889.0	1.0
4891.0	1.0
4898.0	1.0
4900.0	1.0
4907.0	1.0
4908.0	2.0
4910.0	1.0
4911.0	1.0
4912.0	1.0
4913.0	1.0
4914.0	1.0
4916.0	1.0
4917.0	1.0
4923.0	2.0
4926.0	1.0
4927.0	1.0
4931.0	1.0
4933.0	1.0
4934.0	2.0
4936.0	1.0
4937.0	1.0
4953.0	2.0
4954.0	1.0
4955.0	1.0
4958.0	3.0
4960.0	1.0
4961.0	1.0
4962.0	1.0
4966.0	1.0
4970.0	1.0
4971.0	2.0
4972.0	1.0
4975.0	2.0
4976.0	1.0
4982.0	1.0
4983.0	1.0
4984.0	1.0
4985.0	1.0
4986.0	1.0
4988.0	1.0
4993.0	1.0
4997.0	1.0
4998.0	2.0
4999.0	2.0
5000.0	1.0
5001.0	2.0
5003.0	1.0
5004.0	1.0
5006.0	2.0
5010.0	2.0
5012.0	1.0
5020.0	1.0
5021.0	1.0
5022.0	1.0
5024.0	1.0
5030.0	1.0
5032.0	1.0
5033.0	2.0
5035.0	2.0
5036.0	1.0
5037.0	1.0
5040.0	1.0
5041.0	1.0
5042.0	1.0
5043.0	1.0
5044.0	2.0
5045.0	2.0
5051.0	1.0
5053.0	1.0
5057.0	3.0
5060.0	2.0
5061.0	1.0
5065.0	1.0
5066.0	1.0
5068.0	2.0
5069.0	4.0
5070.0	1.0
5072.0	1.0
5073.0	1.0
5074.0	1.0
5079.0	1.0
5086.0	1.0
5089.0	1.0
5092.0	2.0
5094.0	1.0
5095.0	1.0
5098.0	2.0
5101.0	2.0
5102.0	1.0
5103.0	2.0
5105.0	1.0
5106.0	2.0
5107.0	1.0
5108.0	1.0
5109.0	1.0
5111.0	1.0
5112.0	1.0
5113.0	2.0
5119.0	1.0
5122.0	1.0
5123.0	1.0
5124.0	1.0
5126.0	1.0
5129.0	1.0
5132.0	1.0
5133.0	1.0
5134.0	1.0
5139.0	1.0
5143.0	1.0
5144.0	3.0
5146.0	2.0
5148.0	1.0
5150.0	1.0
5154.0	1.0
5156.0	2.0
5160.0	1.0
5168.0	2.0
5170.0	2.0
5177.0	1.0
5178.0	1.0
5183.0	1.0
5184.0	1.0
5186.0	1.0
5187.0	1.0
5188.0	1.0
5192.0	1.0
5194.0	1.0
5195.0	1.0
5196.0	1.0
5198.0	1.0
5199.0	1.0
5205.0	1.0
5208.0	1.0
5214.0	1.0
5215.0	1.0
5216.0	1.0
5224.0	1.0
5225.0	1.0
5226.0	1.0
5228.0	2.0
5234.0	1.0
5235.0	1.0
5240.0	1.0
5244.0	1.0
5245.0	1.0
5246.0	1.0
5247.0	1.0
5248.0	1.0
5249.0	3.0
5255.0	1.0
5258.0	2.0
5261.0	2.0
5264.0	1.0
5265.0	1.0
5268.0	1.0
5269.0	2.0
5270.0	1.0
5271.0	1.0
5277.0	2.0
5279.0	1.0
5280.0	1.0
5283.0	1.0
5284.0	1.0
5285.0	1.0
5286.0	3.0
5290.0	1.0
5291.0	1.0
5292.0	1.0
5293.0	1.0
5300.0	1.0
5302.0	1.0
5303.0	1.0
5307.0	1.0
5308.0	1.0
5309.0	1.0
5311.0	2.0
5313.0	2.0
5316.0	1.0
5318.0	1.0
5325.0	1.0
5326.0	1.0
5328.0	1.0
5329.0	1.0
5330.0	1.0
5334.0	1.0
5339.0	4.0
5346.0	1.0
5348.0	1.0
5350.0	1.0
5355.0	1.0
5360.0	1.0
5363.0	1.0
5368.0	2.0
5369.0	2.0
5373.0	1.0
5379.0	1.0
5383.0	2.0
5384.0	2.0
5385.0	1.0
5393.0	2.0
5395.0	1.0
5396.0	1.0
5400.0	1.0
5406.0	1.0
5407.0	1.0
5408.0	2.0
5409.0	1.0
5411.0	1.0
5413.0	1.0
5420.0	1.0
5423.0	1.0
5425.0	1.0
5427.0	1.0
5429.0	1.0
5431.0	1.0
5434.0	1.0
5435.0	1.0
5443.0	1.0
5446.0	1.0
5447.0	1.0
5448.0	1.0
5451.0	1.0
5455.0	1.0
5458.0	1.0
5460.0	1.0
5461.0	1.0
5468.0	1.0
5472.0	3.0
5477.0	1.0
5478.0	2.0
5482.0	2.0
5483.0	1.0
5485.0	1.0
5486.0	1.0
5488.0	1.0
5490.0	1.0
5496.0	1.0
5497.0	1.0
5500.0	1.0
5503.0	1.0
5505.0	1.0
5507.0	1.0
5509.0	1.0
5511.0	1.0
5512.0	1.0
5516.0	1.0
5518.0	1.0
5524.0	2.0
5527.0	1.0
5536.0	1.0
5538.0	1.0
5545.0	2.0
5546.0	1.0
5550.0	2.0
5551.0	1.0
5552.0	1.0
5554.0	1.0
5557.0	1.0
5558.0	1.0
5559.0	2.0
5561.0	1.0
5563.0	1.0
5564.0	2.0
5565.0	1.0
5566.0	1.0
5568.0	1.0
5573.0	1.0
5575.0	1.0
5578.0	1.0
5579.0	1.0
5583.0	1.0
5587.0	1.0
5590.0	1.0
5592.0	1.0
5594.0	2.0
5596.0	1.0
5603.0	1.0
5604.0	3.0
5607.0	1.0
5608.0	1.0
5610.0	3.0
5613.0	1.0
5614.0	2.0
5619.0	1.0
5620.0	1.0
5625.0	1.0
5630.0	1.0
5633.0	2.0
5636.0	1.0
5642.0	1.0
5644.0	1.0
5649.0	1.0
5650.0	1.0
5652.0	1.0
5656.0	1.0
5657.0	1.0
5662.0	2.0
5666.0	1.0
5669.0	1.0
5670.0	1.0
5677.0	1.0
5681.0	2.0
5682.0	2.0
5684.0	1.0
5686.0	1.0
5687.0	1.0
5690.0	2.0
5691.0	1.0
5692.0	1.0
5693.0	1.0
5695.0	1.0
5697.0	2.0
5699.0	1.0
5705.0	1.0
5707.0	1.0
5709.0	1.0
5714.0	1.0
5715.0	2.0
5717.0	2.0
5722.0	1.0
5723.0	1.0
5725.0	1.0
5729.0	2.0
5735.0	1.0
5738.0	3.0
5742.0	1.0
5743.0	1.0
5744.0	2.0
5746.0	1.0
5747.0	1.0
5748.0	1.0
5750.0	2.0
5751.0	1.0
5753.0	1.0
5757.0	1.0
5758.0	1.0
5759.0	1.0
5762.0	1.0
5763.0	2.0
5764.0	1.0
5765.0	1.0
5768.0	1.0
5769.0	2.0
5776.0	1.0
5785.0	3.0
5787.0	1.0
5789.0	2.0
5790.0	1.0
5792.0	1.0
5793.0	1.0
5796.0	2.0
5797.0	1.0
5800.0	1.0
5803.0	1.0
5804.0	1.0
5805.0	1.0
5806.0	2.0
5809.0	2.0
5811.0	2.0
5812.0	1.0
5813.0	2.0
5819.0	1.0
5820.0	1.0
5821.0	1.0
5823.0	2.0
5829.0	3.0
5830.0	1.0
5835.0	1.0
5836.0	1.0
5837.0	1.0
5838.0	1.0
5842.0	1.0
5848.0	2.0
5849.0	1.0
5850.0	1.0
5851.0	1.0
5853.0	1.0
5854.0	2.0
5856.0	1.0
5857.0	1.0
5861.0	2.0
5865.0	1.0
5868.0	2.0
5876.0	1.0
5877.0	1.0
5883.0	2.0
5884.0	1.0
5887.0	1.0
5889.0	2.0
5891.0	1.0
5892.0	2.0
5893.0	1.0
5896.0	1.0
5897.0	1.0
5898.0	2.0
5904.0	1.0
5908.0	3.0
5913.0	1.0
5916.0	1.0
5917.0	2.0
5922.0	1.0
5923.0	1.0
5926.0	2.0
5929.0	1.0
5931.0	2.0
5936.0	1.0
5938.0	2.0
5939.0	2.0
5940.0	1.0
5945.0	1.0
5947.0	1.0
5950.0	1.0
5951.0	2.0
5955.0	1.0
5957.0	3.0
5959.0	1.0
5961.0	1.0
5963.0	1.0
5964.0	1.0
5966.0	2.0
5970.0	1.0
5971.0	1.0
5978.0	1.0
5980.0	1.0
5981.0	2.0
5985.0	2.0
5986.0	1.0
5988.0	4.0
5990.0	1.0
5991.0	1.0
5994.0	1.0
5996.0	1.0
5998.0	1.0
6003.0	1.0
6004.0	1.0
6005.0	1.0
6008.0	1.0
6009.0	2.0
6011.0	1.0
6013.0	2.0
6017.0	1.0
6018.0	2.0
6020.0	1.0
6023.0	1.0
6024.0	1.0
6031.0	1.0
6035.0	2.0
6038.0	1.0
6041.0	1.0
6042.0	1.0
6044.0	2.0
6047.0	1.0
6049.0	1.0
6053.0	2.0
6055.0	2.0
6057.0	1.0
6058.0	1.0
6059.0	1.0
6061.0	1.0
6065.0	1.0
6068.0	1.0
6069.0	1.0
6071.0	1.0
6072.0	2.0
6074.0	1.0
6077.0	1.0
6078.0	1.0
6079.0	1.0
6084.0	1.0
6085.0	1.0
6086.0	1.0
6089.0	1.0
6092.0	1.0
6093.0	1.0
6095.0	2.0
6096.0	1.0
6099.0	1.0
6103.0	2.0
6105.0	1.0
6106.0	3.0
6112.0	1.0
6113.0	1.0
6116.0	1.0
6135.0	1.0
6141.0	1.0
6144.0	1.0
6147.0	1.0
6150.0	1.0
6151.0	1.0
6153.0	4.0
6155.0	1.0
6167.0	1.0
6169.0	2.0
6170.0	2.0
6172.0	1.0
6173.0	1.0
6178.0	1.0
6183.0	1.0
6185.0	1.0
6189.0	1.0
6202.0	1.0
6207.0	1.0
6214.0	1.0
6215.0	1.0
6222.0	2.0
6223.0	1.0
6224.0	1.0
6229.0	1.0
6235.0	1.0
6240.0	1.0
6243.0	1.0
6249.0	1.0
6252.0	1.0
6253.0	1.0
6257.0	1.0
6258.0	1.0
6262.0	1.0
6264.0	1.0
6266.0	1.0
6269.0	1.0
6270.0	1.0
6271.0	1.0
6276.0	2.0
6280.0	1.0
6282.0	2.0
6284.0	1.0
6285.0	1.0
6286.0	1.0
6287.0	1.0
6291.0	1.0
6293.0	1.0
6302.0	1.0
6305.0	1.0
6311.0	1.0
6312.0	1.0
6320.0	1.0
6325.0	1.0
6326.0	1.0
6327.0	1.0
6328.0	1.0
6332.0	1.0
6333.0	1.0
6336.0	1.0
6345.0	1.0
6349.0	1.0
6359.0	1.0
6360.0	1.0
6364.0	1.0
6369.0	1.0
6370.0	3.0
6371.0	1.0
6374.0	1.0
6378.0	1.0
6381.0	1.0
6383.0	1.0
6384.0	1.0
6387.0	1.0
6390.0	1.0
6392.0	1.0
6396.0	1.0
6401.0	1.0
6410.0	1.0
6411.0	1.0
6413.0	2.0
6416.0	1.0
6418.0	1.0
6420.0	1.0
6421.0	1.0
6423.0	1.0
6425.0	1.0
6429.0	1.0
6436.0	1.0
6439.0	1.0
6448.0	1.0
6450.0	2.0
6457.0	1.0
6460.0	1.0
6466.0	1.0
6468.0	1.0
6477.0	1.0
6482.0	1.0
6487.0	1.0
6494.0	1.0
6495.0	2.0
6504.0	1.0
6513.0	1.0
6514.0	2.0
6517.0	1.0
6520.0	1.0
6523.0	1.0
6526.0	1.0
6528.0	1.0
6530.0	1.0
6533.0	3.0
6535.0	2.0
6539.0	1.0
6542.0	1.0
6544.0	1.0
6546.0	1.0
6548.0	1.0
6549.0	1.0
6551.0	1.0
6552.0	1.0
6554.0	1.0
6560.0	2.0
6563.0	1.0
6565.0	1.0
6577.0	2.0
6588.0	1.0
6590.0	1.0
6591.0	1.0
6599.0	2.0
6607.0	1.0
6608.0	1.0
6610.0	1.0
6611.0	2.0
6615.0	1.0
6617.0	1.0
6623.0	1.0
6636.0	1.0
6643.0	1.0
6649.0	1.0
6651.0	1.0
6652.0	1.0
6654.0	1.0
6657.0	1.0
6658.0	1.0
6660.0	1.0
6675.0	1.0
6678.0	1.0
6683.0	1.0
6686.0	1.0
6688.0	1.0
6689.0	1.0
6692.0	1.0
6707.0	1.0
6708.0	2.0
6710.0	2.0
6716.0	1.0
6731.0	1.0
6732.0	1.0
6734.0	3.0
6738.0	1.0
6742.0	1.0
6747.0	1.0
6748.0	1.0
6749.0	1.0
6751.0	1.0
6753.0	1.0
6754.0	1.0
6763.0	1.0
6764.0	1.0
6767.0	1.0
6773.0	1.0
6774.0	1.0
6783.0	1.0
6785.0	1.0
6789.0	1.0
6793.0	1.0
6795.0	1.0
6796.0	1.0
6798.0	1.0
6803.0	1.0
6807.0	4.0
6809.0	1.0
6811.0	1.0
6825.0	1.0
6827.0	1.0
6830.0	1.0
6831.0	1.0
6832.0	1.0
6837.0	1.0
6840.0	1.0
6842.0	1.0
6843.0	1.0
6847.0	1.0
6852.0	2.0
6859.0	1.0
6860.0	1.0
6865.0	1.0
6867.0	1.0
6868.0	1.0
6869.0	1.0
6870.0	1.0
6878.0	2.0
6880.0	1.0
6882.0	1.0
6884.0	3.0
6887.0	1.0
6888.0	2.0
6891.0	1.0
6892.0	2.0
6897.0	1.0
6903.0	2.0
6905.0	1.0
6906.0	2.0
6908.0	1.0
6911.0	1.0
6915.0	1.0
6929.0	1.0
6930.0	1.0
6932.0	1.0
6933.0	1.0
6934.0	1.0
6937.0	1.0
6938.0	1.0
6941.0	1.0
6942.0	1.0
6943.0	1.0
6944.0	3.0
6945.0	1.0
6947.0	1.0
6949.0	1.0
6953.0	1.0
6954.0	1.0
6956.0	1.0
6957.0	1.0
6959.0	2.0
6960.0	2.0
6964.0	2.0
6965.0	3.0
6969.0	1.0
6973.0	1.0
6977.0	1.0
6978.0	1.0
6979.0	1.0
6980.0	1.0
6982.0	1.0
6983.0	1.0
6984.0	1.0
6992.0	1.0
6995.0	1.0
7001.0	2.0
7002.0	1.0
7003.0	1.0
7008.0	1.0
7010.0	1.0
7014.0	1.0
7015.0	1.0
7020.0	1.0
7024.0	1.0
7028.0	1.0
7038.0	1.0
7039.0	1.0
7040.0	1.0
7047.0	1.0
7054.0	1.0
7065.0	1.0
7068.0	1.0
7071.0	1.0
7090.0	1.0
7111.0	1.0
7121.0	2.0
7123.0	1.0
7124.0	1.0
7127.0	1.0
7128.0	1.0
7130.0	1.0
7138.0	1.0
7139.0	1.0
7143.0	1.0
7145.0	1.0
7147.0	2.0
7149.0	1.0
7152.0	1.0
7153.0	1.0
7154.0	4.0
7155.0	1.0
7156.0	4.0
7157.0	3.0
7168.0	1.0
7174.0	1.0
7175.0	1.0
7187.0	1.0
7202.0	1.0
7204.0	1.0
7213.0	1.0
7214.0	1.0
7215.0	1.0
7217.0	1.0
7224.0	1.0
7227.0	1.0
7230.0	1.0
7235.0	1.0
7237.0	1.0
7242.0	1.0
7253.0	1.0
7257.0	1.0
7265.0	1.0
7277.0	1.0
7283.0	1.0
7285.0	1.0
7292.0	1.0
7295.0	1.0
7299.0	1.0
7305.0	1.0
7307.0	1.0
7312.0	1.0
7314.0	1.0
7320.0	1.0
7339.0	1.0
7341.0	1.0
7342.0	1.0
7345.0	1.0
7346.0	1.0
7348.0	1.0
7354.0	1.0
7377.0	1.0
7381.0	1.0
7386.0	1.0
7389.0	1.0
7405.0	1.0
7410.0	1.0
7411.0	2.0
7423.0	1.0
7426.0	1.0
7431.0	1.0
7434.0	1.0
7436.0	1.0
7437.0	1.0
7441.0	1.0
7442.0	2.0
7457.0	1.0
7474.0	1.0
7489.0	2.0
7490.0	1.0
7493.0	1.0
7495.0	1.0
7500.0	2.0
7502.0	1.0
7509.0	1.0
7513.0	1.0
7515.0	1.0
7524.0	1.0
7530.0	1.0
7533.0	1.0
7537.0	2.0
7541.0	1.0
7545.0	1.0
7549.0	1.0
7551.0	1.0
7570.0	1.0
7573.0	1.0
7576.0	1.0
7577.0	1.0
7579.0	1.0
7583.0	1.0
7584.0	1.0
7586.0	1.0
7591.0	1.0
7592.0	2.0
7602.0	1.0
7610.0	1.0
7614.0	1.0
7619.0	1.0
7624.0	1.0
7625.0	1.0
7630.0	1.0
7632.0	1.0
7637.0	1.0
7639.0	1.0
7641.0	1.0
7643.0	1.0
7652.0	1.0
7669.0	1.0
7674.0	1.0
7680.0	1.0
7683.0	1.0
7684.0	1.0
7689.0	2.0
7691.0	1.0
7694.0	1.0
7698.0	1.0
7700.0	2.0
7701.0	1.0
7710.0	1.0
7717.0	1.0
7719.0	1.0
7727.0	1.0
7728.0	1.0
7730.0	1.0
7737.0	1.0
7740.0	1.0
7749.0	1.0
7753.0	1.0
7757.0	1.0
7758.0	1.0
7761.0	1.0
7764.0	1.0
7773.0	1.0
7775.0	1.0
7779.0	1.0
7784.0	1.0
7793.0	1.0
7799.0	1.0
7800.0	1.0
7803.0	1.0
7804.0	1.0
7807.0	1.0
7808.0	1.0
7811.0	2.0
7823.0	1.0
7826.0	1.0
7836.0	1.0
7841.0	1.0
7843.0	1.0
7846.0	2.0
7848.0	1.0
7853.0	2.0
7856.0	1.0
7869.0	1.0
7875.0	1.0
7876.0	1.0
7877.0	1.0
7879.0	2.0
7882.0	1.0
7887.0	1.0
7888.0	1.0
7889.0	1.0
7890.0	1.0
7892.0	1.0
7894.0	1.0
7897.0	1.0
7900.0	1.0
7912.0	1.0
7914.0	1.0
7919.0	1.0
7923.0	1.0
7925.0	1.0
7926.0	1.0
7929.0	1.0
7938.0	1.0
7939.0	2.0
7940.0	1.0
7945.0	1.0
7951.0	1.0
7960.0	1.0
7963.0	1.0
7966.0	2.0
7968.0	1.0
7974.0	2.0
7975.0	1.0
7977.0	1.0
7982.0	3.0
7984.0	1.0
7986.0	1.0
7987.0	1.0
7991.0	1.0
7999.0	1.0
8001.0	1.0
8002.0	1.0
8005.0	1.0
8006.0	2.0
8007.0	1.0
8014.0	1.0
8015.0	1.0
8016.0	1.0
8019.0	1.0
8025.0	2.0
8029.0	1.0
8034.0	1.0
8035.0	1.0
8036.0	1.0
8037.0	1.0
8039.0	1.0
8045.0	3.0
8056.0	1.0
8059.0	1.0
8066.0	1.0
8069.0	1.0
8073.0	1.0
8077.0	1.0
8078.0	1.0
8081.0	3.0
8086.0	3.0
8087.0	1.0
8088.0	1.0
8090.0	1.0
8095.0	1.0
8096.0	1.0
8097.0	1.0
8103.0	1.0
8108.0	1.0
8110.0	1.0
8115.0	1.0
8116.0	1.0
8119.0	1.0
8121.0	1.0
8127.0	1.0
8130.0	1.0
8131.0	1.0
8133.0	1.0
8134.0	2.0
8138.0	1.0
8140.0	1.0
8146.0	1.0
8148.0	1.0
8154.0	1.0
8157.0	2.0
8164.0	1.0
8165.0	1.0
8184.0	1.0
8192.0	1.0
8204.0	1.0
8206.0	1.0
8207.0	1.0
8208.0	1.0
8220.0	1.0
8222.0	1.0
8227.0	1.0
8228.0	1.0
8229.0	1.0
8231.0	1.0
8233.0	1.0
8236.0	1.0
8237.0	1.0
8239.0	1.0
8241.0	2.0
8242.0	1.0
8244.0	2.0
8245.0	1.0
8257.0	1.0
8275.0	1.0
8282.0	1.0
8285.0	1.0
8288.0	2.0
8300.0	1.0
8306.0	1.0
8307.0	1.0
8311.0	1.0
8318.0	1.0
8323.0	1.0
8345.0	1.0
8363.0	1.0
8368.0	1.0
8374.0	1.0
8378.0	1.0
8381.0	1.0
8385.0	2.0
8394.0	1.0
8409.0	1.0
8428.0	1.0
8437.0	1.0
8439.0	1.0
8442.0	1.0
8443.0	1.0
8448.0	1.0
8451.0	1.0
8452.0	2.0
8471.0	1.0
8477.0	1.0
8479.0	1.0
8481.0	1.0
8496.0	1.0
8515.0	1.0
8519.0	1.0
8522.0	1.0
8533.0	1.0
8538.0	1.0
8540.0	1.0
8553.0	1.0
8568.0	1.0
8573.0	1.0
8581.0	1.0
8584.0	1.0
8587.0	1.0
8598.0	1.0
8609.0	1.0
8618.0	1.0
8625.0	1.0
8643.0	1.0
8653.0	1.0
8654.0	1.0
8668.0	1.0
8684.0	1.0
8688.0	1.0
8694.0	1.0
8704.0	1.0
8721.0	1.0
8727.0	1.0
8741.0	1.0
8745.0	1.0
8746.0	1.0
8767.0	1.0
8772.0	1.0
8777.0	1.0
8814.0	1.0
8815.0	1.0
8836.0	1.0
8857.0	1.0
8877.0	1.0
8878.0	1.0
8888.0	1.0
8899.0	1.0
8908.0	1.0
8925.0	1.0
8949.0	1.0
8956.0	1.0
8982.0	1.0
8983.0	1.0
8987.0	1.0
8999.0	1.0
9000.0	1.0
9009.0	1.0
9019.0	1.0
9024.0	1.0
9027.0	1.0
9037.0	1.0
9039.0	1.0
9053.0	1.0
9060.0	1.0
9070.0	1.0
9079.0	1.0
9082.0	1.0
9115.0	1.0
9135.0	1.0
9136.0	1.0
9142.0	1.0
9143.0	1.0
9144.0	1.0
9183.0	1.0
9184.0	1.0
9192.0	1.0
9200.0	1.0
9214.0	1.0
9227.0	1.0
9229.0	1.0
9244.0	1.0
9245.0	1.0
9268.0	1.0
9274.0	1.0
9279.0	1.0
9287.0	1.0
9288.0	1.0
9301.0	1.0
9331.0	1.0
9348.0	1.0
9355.0	1.0
9360.0	1.0
9364.0	1.0
9365.0	1.0
9370.0	1.0
9373.0	1.0
9378.0	1.0
9386.0	1.0
9394.0	1.0
9414.0	1.0
9416.0	1.0
9430.0	1.0
9458.0	1.0
9493.0	1.0
9496.0	1.0
9519.0	1.0
9525.0	1.0
9540.0	1.0
9555.0	1.0
9561.0	1.0
9569.0	1.0
9580.0	1.0
9591.0	1.0
9621.0	1.0
9653.0	1.0
9654.0	1.0
9661.0	1.0
9677.0	1.0
9696.0	1.0
9708.0	1.0
9710.0	1.0
9715.0	2.0
9734.0	1.0
9739.0	1.0
9742.0	1.0
9745.0	1.0
9747.0	1.0
9761.0	1.0
9793.0	1.0
9803.0	1.0
9811.0	1.0
9840.0	1.0
9841.0	1.0
9849.0	1.0
9860.0	1.0
9869.0	1.0
9899.0	1.0
9903.0	1.0
9910.0	1.0
9920.0	1.0
9921.0	1.0
9923.0	1.0
9946.0	1.0
9965.0	1.0
9985.0	1.0
9992.0	1.0
9995.0	1.0
10001.0	1.0
10010.0	1.0
10032.0	1.0
10033.0	1.0
10047.0	1.0
10048.0	1.0
10070.0	1.0
10073.0	2.0
10078.0	1.0
10080.0	1.0
10100.0	1.0
10107.0	1.0
10114.0	1.0
10116.0	1.0
10118.0	1.0
10120.0	1.0
10129.0	2.0
10131.0	1.0
10150.0	1.0
10158.0	1.0
10161.0	1.0
10204.0	1.0
10216.0	1.0
10221.0	1.0
10250.0	1.0
10251.0	1.0
10254.0	1.0
10271.0	2.0
10279.0	1.0
10294.0	1.0
10309.0	1.0
10316.0	1.0
10319.0	1.0
10338.0	1.0
10354.0	1.0
10360.0	3.0
10365.0	1.0
10382.0	1.0
10383.0	1.0
10388.0	1.0
10394.0	1.0
10407.0	1.0
10412.0	2.0
10413.0	1.0
10416.0	1.0
10419.0	1.0
10424.0	1.0
10435.0	1.0
10443.0	2.0
10445.0	2.0
10448.0	2.0
10449.0	2.0
10452.0	1.0
10454.0	1.0
10455.0	1.0
10460.0	1.0
10477.0	1.0
10499.0	1.0
10503.0	1.0
10510.0	1.0
10514.0	1.0
10518.0	1.0
10527.0	1.0
10559.0	1.0
10577.0	1.0
10578.0	1.0
10586.0	1.0
10614.0	1.0
10616.0	1.0
10617.0	1.0
10625.0	2.0
10626.0	1.0
10644.0	1.0
10652.0	1.0
10655.0	1.0
10665.0	1.0
10674.0	1.0
10697.0	1.0
10708.0	1.0
10737.0	1.0
10747.0	1.0
10757.0	1.0
10775.0	1.0
10776.0	2.0
10802.0	1.0
10806.0	1.0
10836.0	1.0
10870.0	1.0
10882.0	1.0
10890.0	1.0
10894.0	1.0
10920.0	1.0
10932.0	1.0
10938.0	2.0
10953.0	1.0
10960.0	1.0
10983.0	2.0
11028.0	1.0
11047.0	1.0
11080.0	1.0
11088.0	1.0
11094.0	1.0
11099.0	1.0
11121.0	1.0
11126.0	1.0
11134.0	2.0
11135.0	1.0
11137.0	1.0
11143.0	1.0
11169.0	1.0
11172.0	1.0
11205.0	1.0
11220.0	1.0
11234.0	1.0
11259.0	1.0
11265.0	1.0
11269.0	1.0
11271.0	1.0
11288.0	1.0
11316.0	1.0
11322.0	1.0
11342.0	1.0
11346.0	1.0
11379.0	1.0
11381.0	1.0
11385.0	1.0
11389.0	1.0
11397.0	1.0
11401.0	1.0
11402.0	2.0
11407.0	2.0
11408.0	1.0
11459.0	1.0
11470.0	1.0
11472.0	2.0
11473.0	1.0
11499.0	1.0
11504.0	1.0
11512.0	1.0
11522.0	1.0
11530.0	1.0
11538.0	1.0
11574.0	1.0
11578.0	1.0
11595.0	1.0
11596.0	1.0
11601.0	1.0
11602.0	1.0
11607.0	1.0
11610.0	1.0
11650.0	1.0
11690.0	1.0
11709.0	1.0
11717.0	1.0
11718.0	1.0
11719.0	1.0
11728.0	1.0
11773.0	1.0
11788.0	1.0
11795.0	1.0
11796.0	1.0
11797.0	1.0
11812.0	1.0
11819.0	1.0
11825.0	2.0
11826.0	1.0
11834.0	1.0
11842.0	1.0
11844.0	1.0
11886.0	1.0
11902.0	1.0
11919.0	1.0
11926.0	1.0
11928.0	1.0
11929.0	1.0
11937.0	1.0
11949.0	1.0
11951.0	1.0
11958.0	1.0
11964.0	1.0
11970.0	1.0
11998.0	1.0
12033.0	1.0
12040.0	2.0
12044.0	1.0
12084.0	1.0
12094.0	1.0
12095.0	1.0
12103.0	1.0
12118.0	1.0
12127.0	1.0
12128.0	1.0
12143.0	1.0
12148.0	1.0
12152.0	1.0
12153.0	1.0
12165.0	1.0
12166.0	1.0
12174.0	1.0
12180.0	1.0
12182.0	1.0
12196.0	1.0
12215.0	1.0
12219.0	1.0
12248.0	1.0
12278.0	1.0
12284.0	1.0
12291.0	2.0
12294.0	1.0
12299.0	1.0
12304.0	1.0
12349.0	1.0
12365.0	1.0
12375.0	1.0
12392.0	2.0
12394.0	1.0
12400.0	1.0
12409.0	1.0
12412.0	1.0
12414.0	1.0
12422.0	1.0
12427.0	1.0
12434.0	1.0
12469.0	1.0
12488.0	2.0
12489.0	2.0
12491.0	1.0
12540.0	1.0
12542.0	1.0
12547.0	1.0
12549.0	2.0
12564.0	1.0
12570.0	1.0
12577.0	1.0
12584.0	1.0
12593.0	1.0
12597.0	1.0
12599.0	1.0
12603.0	1.0
12619.0	1.0
12623.0	1.0
12666.0	1.0
12668.0	1.0
12672.0	1.0
12675.0	1.0
12687.0	1.0
12716.0	2.0
12757.0	1.0
12759.0	1.0
12760.0	1.0
12766.0	1.0
12769.0	1.0
12798.0	1.0
12801.0	1.0
12805.0	1.0
12822.0	1.0
12826.0	1.0
12827.0	1.0
12837.0	1.0
12864.0	1.0
12870.0	1.0
12882.0	1.0
12898.0	1.0
12904.0	1.0
12921.0	1.0
12924.0	1.0
12934.0	2.0
12939.0	1.0
12943.0	1.0
12948.0	1.0
12956.0	1.0
12966.0	1.0
12972.0	1.0
12981.0	1.0
12988.0	1.0
12991.0	1.0
13016.0	1.0
13023.0	2.0
13024.0	1.0
13028.0	1.0
13031.0	1.0
13033.0	1.0
13052.0	1.0
13058.0	1.0
13064.0	1.0
13073.0	1.0
13084.0	1.0
13111.0	1.0
13112.0	1.0
13119.0	1.0
13134.0	1.0
13137.0	1.0
13142.0	1.0
13145.0	1.0
13148.0	1.0
13154.0	1.0
13162.0	1.0
13163.0	1.0
13170.0	1.0
13172.0	1.0
13180.0	1.0
13181.0	1.0
13186.0	1.0
13194.0	1.0
13196.0	1.0
13199.0	1.0
13204.0	1.0
13207.0	1.0
13218.0	1.0
13221.0	1.0
13222.0	2.0
13228.0	1.0
13233.0	1.0
13236.0	2.0
13238.0	1.0
13242.0	1.0
13272.0	1.0
13275.0	1.0
13280.0	1.0
13281.0	1.0
13283.0	1.0
13345.0	3.0
13346.0	1.0
13349.0	1.0
13354.0	1.0
13356.0	1.0
13378.0	1.0
13380.0	1.0
13382.0	1.0
13383.0	1.0
13395.0	2.0
13415.0	1.0
13431.0	1.0
13432.0	1.0
13444.0	1.0
13450.0	1.0
13477.0	1.0
13480.0	1.0
13495.0	1.0
13496.0	1.0
13498.0	1.0
13500.0	1.0
13521.0	2.0
13524.0	1.0
13525.0	1.0
13526.0	1.0
13527.0	1.0
13546.0	1.0
13559.0	2.0
13560.0	1.0
13565.0	1.0
13581.0	1.0
13600.0	1.0
13602.0	1.0
13617.0	1.0
13621.0	1.0
13631.0	1.0
13647.0	1.0
13654.0	1.0
13656.0	1.0
13658.0	1.0
13663.0	1.0
13667.0	1.0
13673.0	1.0
13674.0	1.0
13676.0	1.0
13691.0	1.0
13694.0	2.0
13695.0	1.0
13717.0	2.0
13725.0	2.0
13727.0	1.0
13731.0	1.0
13734.0	1.0
13739.0	2.0
13750.0	1.0
13759.0	1.0
13763.0	1.0
13765.0	1.0
13766.0	1.0
13768.0	1.0
13770.0	1.0
13776.0	1.0
13783.0	1.0
13784.0	1.0
13795.0	1.0
13800.0	1.0
13812.0	2.0
13816.0	1.0
13818.0	1.0
13825.0	1.0
13828.0	1.0
13829.0	1.0
13839.0	1.0
13841.0	1.0
13848.0	1.0
13850.0	1.0
13872.0	1.0
13875.0	1.0
13876.0	1.0
13877.0	2.0
13879.0	1.0
13883.0	1.0
13884.0	1.0
13889.0	1.0
13891.0	3.0
13897.0	1.0
13900.0	1.0
13905.0	1.0
13913.0	1.0
13915.0	1.0
13919.0	1.0
13921.0	2.0
13922.0	1.0
13926.0	1.0
13928.0	1.0
13929.0	2.0
13931.0	1.0
13932.0	1.0
13937.0	1.0
13939.0	1.0
13943.0	2.0
13948.0	1.0
13950.0	1.0
13951.0	1.0
13958.0	2.0
13960.0	1.0
13963.0	1.0
13968.0	1.0
13974.0	2.0
13988.0	1.0
13995.0	1.0
14009.0	1.0
14011.0	2.0
14013.0	2.0
14019.0	2.0
14023.0	1.0
14025.0	1.0
14035.0	1.0
14040.0	1.0
14044.0	1.0
14045.0	1.0
14048.0	1.0
14050.0	1.0
14055.0	1.0
14059.0	1.0
14060.0	1.0
14068.0	1.0
14076.0	1.0
14078.0	1.0
14081.0	1.0
14083.0	2.0
14094.0	1.0
14098.0	1.0
14102.0	1.0
14111.0	1.0
14113.0	1.0
14120.0	1.0
14121.0	1.0
14122.0	1.0
14124.0	2.0
14125.0	1.0
14130.0	1.0
14136.0	1.0
14138.0	1.0
14144.0	1.0
14150.0	1.0
14151.0	1.0
14152.0	1.0
14156.0	1.0
14163.0	1.0
14164.0	1.0
14165.0	1.0
14168.0	1.0
14180.0	1.0
14181.0	1.0
14184.0	1.0
14188.0	1.0
14190.0	1.0
14193.0	1.0
14194.0	1.0
14196.0	1.0
14198.0	1.0
14220.0	1.0
14223.0	1.0
14224.0	1.0
14230.0	2.0
14244.0	1.0
14252.0	1.0
14254.0	1.0
14258.0	1.0
14263.0	1.0
14286.0	1.0
14300.0	1.0
14308.0	1.0
14313.0	1.0
14315.0	1.0
14345.0	1.0
14360.0	1.0
14375.0	1.0
14377.0	1.0
14386.0	1.0
14387.0	1.0
14392.0	1.0
14404.0	1.0
14413.0	1.0
14419.0	1.0
14440.0	1.0
14469.0	1.0
14479.0	1.0
14521.0	1.0
14546.0	1.0
14579.0	1.0
14632.0	1.0
14646.0	1.0
14653.0	1.0
14656.0	1.0
14673.0	1.0
14694.0	1.0
14700.0	1.0
14705.0	1.0
14732.0	1.0
14775.0	1.0
14776.0	1.0
14780.0	1.0
14783.0	1.0
14792.0	1.0
14804.0	1.0
14819.0	1.0
14873.0	1.0
14874.0	1.0
14889.0	1.0
14893.0	1.0
14916.0	1.0
14917.0	1.0
14931.0	1.0
14946.0	1.0
14949.0	1.0
14991.0	1.0
14997.0	1.0
15030.0	2.0
15051.0	1.0
15056.0	1.0
15058.0	1.0
15084.0	1.0
15085.0	1.0
15098.0	1.0
15173.0	1.0
15182.0	1.0
15184.0	1.0
15192.0	1.0
15194.0	1.0
15210.0	1.0
15260.0	1.0
15269.0	1.0
15310.0	1.0
15318.0	1.0
15321.0	1.0
15347.0	1.0
15353.0	1.0
15363.0	1.0
15423.0	1.0
15426.0	1.0
15448.0	1.0
15464.0	1.0
15502.0	1.0
15509.0	1.0
15537.0	1.0
15538.0	1.0
15541.0	1.0
15548.0	1.0
15553.0	1.0
15554.0	1.0
15589.0	1.0
15598.0	1.0
15617.0	1.0
15619.0	1.0
15638.0	1.0
15652.0	1.0
15660.0	1.0
15667.0	1.0
15670.0	1.0
15697.0	1.0
15698.0	1.0
15699.0	1.0
15713.0	1.0
15722.0	1.0
15732.0	1.0
15735.0	1.0
15745.0	1.0
15749.0	1.0
15766.0	1.0
15770.0	1.0
15782.0	1.0
15788.0	1.0
15798.0	1.0
15799.0	1.0
15806.0	1.0
15811.0	1.0
15828.0	1.0
15846.0	1.0
15847.0	1.0
15852.0	1.0
15856.0	1.0
15901.0	1.0
15921.0	1.0
15940.0	1.0
15959.0	1.0
15966.0	1.0
15983.0	1.0
16008.0	1.0
16024.0	1.0
16025.0	1.0
16038.0	1.0
16042.0	1.0
16085.0	1.0
16103.0	1.0
16131.0	1.0
16214.0	1.0
16250.0	1.0
16265.0	1.0
16273.0	1.0
16279.0	1.0
16287.0	1.0
16288.0	1.0
16308.0	1.0
16318.0	1.0
16330.0	1.0
16342.0	1.0
16352.0	1.0
16353.0	1.0
16377.0	1.0
16406.0	1.0
16468.0	1.0
16471.0	1.0
16483.0	1.0
16513.0	1.0
16530.0	1.0
16542.0	1.0
16544.0	1.0
16618.0	1.0
16665.0	2.0
16668.0	1.0
16672.0	1.0
16692.0	1.0
16745.0	1.0
16762.0	1.0
16772.0	1.0
16822.0	1.0
16828.0	1.0
16845.0	1.0
16847.0	1.0
16855.0	1.0
16914.0	1.0
16919.0	1.0
16923.0	1.0
16941.0	1.0
16955.0	1.0
16979.0	1.0
17008.0	1.0
17017.0	1.0
17022.0	1.0
17050.0	1.0
17105.0	1.0
17124.0	1.0
17132.0	1.0
17139.0	1.0
17161.0	1.0
17174.0	1.0
17190.0	1.0
17205.0	1.0
17220.0	1.0
17232.0	1.0
17271.0	1.0
17280.0	1.0
17299.0	1.0
17303.0	1.0
17316.0	1.0
17324.0	1.0
17342.0	1.0
17357.0	1.0
17390.0	1.0
17397.0	1.0
17400.0	1.0
17412.0	1.0
17490.0	2.0
17502.0	1.0
17515.0	1.0
17516.0	1.0
17532.0	1.0
17561.0	1.0
17576.0	2.0
17582.0	1.0
17590.0	1.0
17598.0	1.0
17635.0	1.0
17636.0	1.0
17643.0	1.0
17644.0	1.0
17650.0	1.0
17670.0	1.0
17687.0	1.0
17699.0	1.0
17718.0	1.0
17725.0	1.0
17743.0	2.0
17760.0	1.0
17766.0	1.0
17788.0	1.0
17793.0	1.0
17806.0	1.0
17810.0	1.0
17819.0	1.0
17820.0	1.0
17846.0	2.0
17850.0	1.0
17851.0	1.0
17853.0	1.0
17869.0	1.0
17880.0	1.0
17881.0	1.0
17890.0	1.0
17897.0	1.0
17899.0	1.0
17904.0	1.0
17913.0	1.0
17914.0	1.0
17916.0	1.0
17924.0	1.0
17925.0	1.0
17929.0	1.0
17932.0	1.0
17933.0	1.0
17937.0	1.0
17938.0	1.0
17943.0	1.0
17944.0	1.0
17945.0	1.0
17948.0	2.0
17950.0	1.0
17953.0	1.0
17985.0	1.0
17988.0	1.0
18014.0	1.0
18022.0	1.0
18056.0	1.0
18061.0	1.0
18093.0	1.0
18098.0	1.0
18100.0	1.0
18103.0	1.0
18116.0	1.0
18123.0	1.0
18127.0	1.0
18132.0	2.0
18137.0	1.0
18143.0	1.0
18158.0	1.0
18163.0	1.0
18171.0	1.0
18173.0	2.0
18180.0	1.0
18181.0	1.0
18194.0	1.0
18229.0	1.0
18237.0	1.0
18265.0	1.0
18281.0	1.0
18322.0	1.0
18331.0	1.0
18333.0	1.0
18334.0	1.0
18361.0	1.0
18394.0	1.0
18398.0	1.0
18423.0	1.0
18429.0	2.0
18435.0	1.0
18462.0	1.0
18489.0	1.0
18496.0	1.0
18504.0	1.0
18532.0	1.0
18538.0	1.0
18542.0	1.0
18550.0	1.0
18558.0	1.0
18578.0	2.0
18590.0	1.0
18605.0	1.0
18626.0	1.0
18629.0	1.0
18630.0	1.0
18634.0	1.0
18664.0	1.0
18665.0	1.0
18681.0	1.0
18706.0	1.0
18746.0	1.0
18780.0	1.0
18801.0	1.0
18939.0	1.0
18952.0	1.0
19044.0	1.0
19076.0	1.0
19089.0	2.0
19133.0	1.0
19134.0	1.0
19167.0	1.0
19175.0	1.0
19178.0	1.0
19203.0	1.0
19250.0	1.0
19291.0	1.0
19329.0	1.0
19342.0	1.0
19348.0	1.0
19372.0	1.0
19405.0	1.0
19486.0	1.0
19487.0	1.0
19616.0	1.0
19683.0	1.0
19690.0	1.0
19719.0	1.0
19752.0	1.0
19781.0	1.0
19799.0	1.0
19833.0	1.0
19844.0	1.0
19847.0	1.0
19879.0	1.0
19930.0	1.0
19949.0	1.0
19973.0	1.0
19988.0	1.0
20059.0	1.0
20071.0	1.0
20184.0	1.0
20190.0	1.0
20194.0	1.0
20204.0	1.0
20245.0	1.0
20312.0	1.0
20348.0	2.0
20405.0	1.0
20447.0	2.0
20496.0	1.0
20511.0	1.0
20541.0	1.0
20554.0	1.0
20599.0	1.0
20625.0	2.0
20640.0	1.0
20645.0	1.0
20661.0	1.0
20707.0	1.0
20752.0	1.0
20775.0	1.0
20781.0	1.0
20787.0	1.0
20796.0	1.0
20836.0	1.0
20867.0	1.0
20926.0	1.0
20974.0	1.0
21040.0	1.0
21060.0	1.0
21062.0	1.0
21073.0	2.0
21091.0	1.0
21184.0	1.0
21202.0	1.0
21225.0	1.0
21228.0	1.0
21248.0	1.0
21289.0	1.0
21293.0	1.0
21295.0	1.0
21316.0	1.0
21324.0	1.0
21356.0	1.0
21412.0	1.0
21417.0	1.0
21463.0	1.0
21520.0	1.0
21533.0	1.0
21564.0	1.0
21570.0	1.0
21583.0	1.0
21595.0	1.0
21610.0	1.0
21619.0	1.0
21713.0	1.0
21714.0	1.0
21730.0	1.0
21750.0	1.0
21757.0	1.0
21761.0	1.0
21763.0	1.0
21767.0	1.0
21822.0	1.0
21824.0	1.0
21840.0	1.0
21852.0	1.0
21864.0	1.0
21879.0	1.0
21882.0	1.0
21892.0	1.0
21893.0	1.0
21920.0	1.0
21929.0	1.0
21963.0	1.0
21968.0	1.0
22037.0	1.0
22061.0	1.0
22072.0	1.0
22090.0	1.0
22139.0	1.0
22190.0	1.0
22211.0	1.0
22222.0	1.0
22229.0	1.0
22268.0	1.0
22298.0	1.0
22299.0	1.0
22301.0	1.0
22330.0	1.0
22352.0	1.0
22375.0	1.0
22396.0	1.0
22413.0	1.0
22419.0	1.0
22421.0	1.0
22422.0	1.0
22427.0	1.0
22451.0	1.0
22454.0	1.0
22461.0	1.0
22462.0	1.0
22466.0	1.0
22479.0	1.0
22488.0	1.0
22489.0	1.0
22495.0	1.0
22498.0	1.0
22518.0	1.0
22540.0	1.0
22541.0	1.0
22542.0	1.0
22547.0	2.0
22555.0	1.0
22562.0	1.0
22566.0	1.0
22587.0	3.0
22588.0	1.0
22590.0	1.0
22605.0	1.0
22622.0	1.0
22625.0	1.0
22631.0	1.0
22632.0	1.0
22637.0	1.0
22639.0	1.0
22645.0	1.0
22647.0	1.0
22658.0	1.0
22660.0	1.0
22683.0	1.0
22698.0	1.0
22734.0	1.0
22903.0	1.0
22958.0	1.0
22968.0	1.0
22986.0	1.0
22990.0	1.0
22996.0	1.0
23058.0	1.0
23190.0	1.0
23200.0	1.0
23248.0	1.0
23329.0	1.0
23393.0	1.0
23397.0	1.0
23401.0	1.0
23463.0	1.0
23477.0	1.0
23489.0	1.0
23548.0	1.0
23614.0	1.0
23623.0	1.0
23672.0	1.0
23674.0	1.0
23690.0	1.0
23737.0	1.0
23769.0	1.0
23799.0	1.0
23846.0	1.0
23894.0	1.0
23921.0	1.0
23943.0	1.0
23954.0	1.0
23967.0	1.0
23987.0	1.0
24018.0	1.0
24026.0	1.0
24028.0	1.0
24033.0	1.0
24040.0	1.0
24061.0	1.0
24063.0	1.0
24070.0	1.0
24073.0	1.0
24076.0	1.0
24103.0	1.0
24124.0	1.0
24128.0	1.0
24137.0	1.0
24141.0	1.0
24162.0	1.0
24166.0	1.0
24174.0	1.0
24201.0	1.0
24223.0	1.0
24234.0	1.0
24238.0	1.0
24371.0	1.0
24481.0	1.0
24492.0	1.0
24519.0	1.0
24629.0	1.0
24632.0	1.0
24638.0	1.0
24763.0	2.0
24799.0	1.0
24801.0	1.0
24810.0	1.0
24834.0	1.0
24991.0	1.0
25021.0	1.0
25066.0	1.0
25067.0	1.0
25212.0	1.0
25256.0	1.0
25338.0	1.0
25344.0	1.0
25356.0	1.0
25358.0	1.0
25519.0	1.0
25523.0	1.0
25582.0	1.0
25670.0	1.0
25727.0	1.0
25846.0	1.0
25863.0	1.0
25909.0	2.0
26104.0	2.0
26147.0	1.0
26155.0	1.0
26252.0	1.0
26297.0	1.0
26368.0	1.0
26385.0	1.0
26593.0	1.0
26601.0	1.0
26728.0	1.0
26733.0	1.0
26745.0	1.0
26759.0	1.0
26831.0	1.0
26883.0	1.0
26900.0	1.0
26911.0	1.0
27022.0	1.0
27056.0	1.0
27101.0	1.0
27146.0	1.0
27173.0	1.0
27238.0	1.0
27270.0	2.0
27368.0	1.0
27396.0	1.0
27404.0	1.0
27524.0	1.0
27552.0	1.0
27580.0	1.0
27650.0	1.0
27659.0	1.0
27799.0	1.0
27819.0	1.0
27909.0	1.0
27929.0	1.0
27969.0	1.0
27987.0	1.0
28036.0	1.0
28075.0	1.0
28078.0	1.0
28153.0	1.0
28164.0	1.0
28174.0	1.0
28208.0	1.0
28223.0	1.0
28291.0	1.0
28297.0	2.0
28336.0	1.0
28347.0	1.0
28363.0	1.0
28365.0	1.0
28389.0	1.0
28422.0	1.0
28434.0	1.0
28439.0	1.0
28482.0	1.0
28543.0	1.0
28551.0	1.0
28727.0	1.0
28749.0	1.0
28866.0	1.0
28918.0	1.0
29017.0	1.0
29062.0	1.0
29155.0	1.0
29223.0	1.0
29260.0	1.0
29276.0	1.0
29279.0	1.0
29297.0	1.0
29405.0	1.0
29494.0	1.0
29644.0	1.0
29784.0	1.0
29855.0	1.0
29876.0	1.0
29893.0	1.0
29928.0	1.0
29990.0	1.0
30117.0	1.0
30154.0	1.0
30163.0	1.0
30192.0	1.0
30297.0	1.0
30301.0	1.0
30320.0	1.0
30364.0	1.0
30414.0	1.0
30449.0	1.0
30455.0	1.0
30469.0	1.0
30495.0	1.0
30499.0	1.0
30521.0	1.0
30532.0	1.0
30534.0	1.0
30537.0	1.0
30548.0	1.0
30593.0	1.0
31118.0	1.0
31199.0	1.0
31327.0	1.0
31449.0	1.0
31569.0	1.0
31687.0	1.0
31752.0	1.0
31998.0	1.0
32536.0	1.0
32754.0	1.0
32824.0	1.0
33037.0	1.0
33474.0	1.0
33499.0	1.0
33587.0	1.0
33638.0	1.0
33870.0	1.0
34329.0	1.0
34359.0	1.0
34429.0	1.0
34821.0	1.0
34876.0	1.0
35340.0	1.0
35493.0	1.0
35500.0	1.0
35853.0	1.0
35932.0	1.0
35952.0	1.0
36205.0	1.0
36635.0	1.0
36737.0	1.0
36753.0	1.0
37208.0	1.0
37368.0	1.0
37373.0	1.0
37456.0	1.0
37691.0	1.0
37766.0	1.0
38005.0	1.0
38027.0	1.0
38158.0	1.0
38896.0	1.0
38983.0	1.0
39027.0	1.0
39511.0	1.0
39518.0	1.0
39841.0	1.0
39967.0	1.0
40128.0	1.0
40285.0	1.0
40802.0	1.0
40982.0	1.0
41027.0	1.0
41067.0	1.0
41295.0	1.0
41428.0	1.0
41633.0	1.0
41809.0	1.0
41921.0	1.0
42169.0	1.0
42266.0	1.0
42288.0	1.0
42511.0	1.0
42711.0	1.0
42808.0	1.0
43300.0	1.0
43322.0	1.0
43476.0	1.0
43619.0	1.0
43981.0	1.0
44023.0	1.0
44032.0	1.0
44396.0	1.0
44437.0	1.0
44519.0	1.0
44563.0	1.0
44598.0	1.0
44734.0	1.0
45230.0	1.0
45240.0	1.0
45412.0	1.0
45486.0	1.0
45639.0	1.0
45656.0	1.0
45762.0	1.0
45891.0	1.0
45938.0	1.0
45954.0	1.0
46160.0	1.0
46247.0	1.0
46467.0	1.0
46619.0	1.0
46656.0	1.0
46716.0	1.0
46742.0	1.0
46913.0	1.0
47017.0	1.0
47202.0	1.0
47264.0	1.0
47369.0	1.0
47466.0	1.0
47606.0	1.0
47642.0	1.0
47721.0	1.0
47844.0	1.0
47994.0	1.0
48016.0	1.0
48120.0	1.0
48144.0	1.0
48203.0	1.0
48318.0	1.0
48333.0	1.0
48440.0	1.0
48454.0	1.0
48573.0	1.0
48709.0	1.0
48717.0	1.0
48727.0	1.0
48740.0	1.0
48817.0	1.0
48826.0	1.0
48840.0	1.0
48889.0	1.0
48983.0	1.0
49002.0	1.0
49029.0	1.0
49074.0	1.0
49082.0	1.0
49116.0	1.0
49121.0	1.0
49172.0	1.0
49177.0	1.0
49178.0	1.0
49218.0	1.0
49227.0	1.0
49228.0	1.0
49248.0	1.0
49312.0	1.0
49392.0	1.0
49394.0	1.0
49424.0	1.0
49514.0	1.0
49526.0	1.0
49611.0	1.0
49631.0	1.0
49680.0	1.0
49725.0	1.0
49760.0	1.0
49769.0	1.0
49781.0	1.0
49799.0	1.0
49821.0	1.0
49910.0	1.0
49944.0	1.0
49964.0	1.0
49982.0	1.0
50022.0	1.0
50078.0	1.0
50082.0	1.0
50092.0	1.0
50124.0	1.0
50132.0	1.0
50139.0	1.0
50201.0	1.0
50202.0	1.0
50228.0	1.0
50232.0	1.0
50245.0	1.0
50256.0	1.0
50267.0	1.0
50273.0	1.0
50334.0	1.0
50343.0	1.0
50350.0	1.0
50359.0	1.0
50367.0	1.0
50371.0	1.0
50374.0	1.0
50383.0	2.0
50408.0	1.0
51129.0	1.0
51662.0	1.0
54180.0	1.0
54911.0	1.0
56269.0	1.0
57056.0	1.0
59458.0	1.0
60175.0	1.0
63045.0	1.0
63488.0	1.0
64978.0	1.0
67120.0	1.0
69083.0	1.0
69461.0	1.0
71832.0	1.0
72002.0	1.0
74159.0	1.0
75536.0	1.0
76538.0	1.0
78701.0	1.0
78761.0	1.0
80888.0	1.0
81767.0	1.0
83377.0	1.0
84888.0	1.0
85017.0	1.0
86509.0	1.0
87568.0	1.0
87704.0	1.0
88836.0	1.0
90992.0	1.0
91364.0	1.0
92901.0	1.0
94536.0	1.0
94995.0	1.0
95708.0	1.0
96506.0	1.0
96928.0	1.0
98053.0	1.0
98939.0	1.0
99662.0	1.0
99965.0	1.0
100763.0	1.0
100814.0	1.0
101404.0	1.0
102025.0	1.0
102272.0	1.0
102876.0	1.0
103294.0	1.0
103590.0	1.0
103960.0	1.0
104536.0	1.0
104582.0	1.0
104873.0	1.0
105088.0	1.0
105404.0	1.0
105660.0	1.0
106095.0	1.0
106145.0	1.0
106491.0	1.0
106790.0	1.0
106874.0	1.0
107025.0	1.0
107051.0	1.0
107287.0	1.0
107384.0	1.0
107484.0	1.0
107556.0	1.0
107713.0	1.0
107718.0	1.0
107894.0	1.0
107991.0	1.0
108033.0	1.0
108043.0	1.0
108133.0	1.0
108155.0	1.0
108181.0	1.0
108274.0	1.0
108279.0	1.0
108281.0	1.0
108288.0	1.0
108352.0	1.0
108382.0	1.0
108405.0	1.0
108429.0	1.0
108470.0	1.0
108477.0	1.0
108506.0	1.0
108541.0	1.0
108559.0	1.0
