#Position (bp)	Coverage
1473116.5	18.588791378275708
4419348.5	17.07919098020794
7365580.5	15.921228878106001
1.03118125E7	11.273716394364056
1.32580445E7	13.740230572473587
1.62042765E7	15.482418220968341
1.91505085E7	9.891873416621637
2.20967405E7	12.881268345466346
2.50429725E7	12.872479492450017
2.79892045E7	13.377786270734958
3.09354365E7	12.362621477195278
3.38816685E7	13.878773294160133
3.68279005E7	14.325182130938773
3.97741325E7	14.080250299365426
4.27203645E7	13.585085288599133
4.56665965E7	9.773871168326188
4.86128285E7	13.506138348914817
5.15590605E7	13.73566168584144
5.45052925E7	17.362774893491075
5.74515245E7	18.560328582406274
6.03977565E7	15.2310989087078
6.33439885E7	16.04186465967378
6.62902205E7	15.871259289831894
6.92364525E7	14.663290603048232
7.21826845E7	13.60033697278422
7.51289165E7	24.45769036518509
7.80751485E7	15.494229239245247
8.10213805E7	13.93573588230662
8.39676125E7	14.571836841090587
8.69138445E7	16.806503357508845
8.98600765E7	17.297612340100848
9.28063085E7	14.949886159677853
9.57525405E7	13.863643460528566
9.86987725E7	12.556972091810827
1.016450045E8	14.720146953804045
1.045912365E8	10.939197931459573
1.075374685E8	12.334596528718716
1.104837005E8	9.364189242395032
1.134299325E8	14.930138902842682
1.163761645E8	15.49412469893749
1.193223965E8	16.36031208676031
1.222686285E8	16.26857219662267
1.252148605E8	11.631093206509195
1.281610925E8	12.399685428710299
1.311073245E8	14.788222380314924
1.340535565E8	15.12496436125872
1.369997885E8	12.71670900322853
1.399460205E8	11.711813937259523
1.428922525E8	14.617733090944638
1.458384845E8	14.985191593873123
1.487847165E8	15.961563787237393
1.517309485E8	14.149612454144819
1.546771805E8	10.45306954781565
1.576234125E8	14.379961252202813
1.605696445E8	11.454544652288075
1.635158765E8	8.83868276496895
1.664621085E8	9.409996904520757
1.694083405E8	13.351421408768894
1.723545725E8	10.095247421112798
1.753008045E8	8.822460688771285
1.782470365E8	9.513449382126051
1.811932685E8	13.402479166610098
1.841395005E8	15.820378707447343
1.870857325E8	14.998252683427511
1.900319645E8	13.992673014209336
1.929781965E8	16.08261535412011
1.959244285E8	15.72817856842231
1.988706605E8	13.68445051170444
2.018168925E8	13.210319146625249
2.047631245E8	16.36906394336902
2.077093565E8	18.24967789366214
2.106555885E8	15.633024486870008
2.136018205E8	14.930864236081884
2.154737165E8	16.883987411605396
2.169468325E8	16.81450495934233
2.194942845E8	15.1892491833637
2.224405165E8	16.95673490750219
2.253867485E8	14.720397103826175
2.283329805E8	13.320135345756885
2.312792125E8	14.619390801539051
2.342254445E8	15.079056231824241
2.371716765E8	13.564548888207039
2.401179085E8	13.64055071019526
2.430641405E8	14.715916126089187
2.460103725E8	10.713188235006612
2.489566045E8	13.468666758082867
2.519028365E8	14.629533247890866
2.548490685E8	13.848019775767828
2.577953005E8	13.732456575042292
2.607415325E8	14.437082008477269
2.636877645E8	13.942677630274874
2.666339965E8	14.919136035451384
2.695802285E8	14.145710860516076
2.725264605E8	14.677578344135831
2.754726925E8	11.819585490891416
2.784189245E8	18.20883046548948
2.813651565E8	19.299745233912333
2.843113885E8	16.125236573358784
2.872576205E8	15.710330347372508
2.902038525E8	15.111186423879722
2.931500845E8	12.007351423784685
2.960963165E8	9.594467781220215
2.990425485E8	11.52077772558305
3.019887805E8	12.52206038085256
3.049350125E8	13.065113677402186
3.078812445E8	12.05450249674839
3.108274765E8	13.224813931828859
3.137737085E8	12.914034943616118
3.167199405E8	15.01351115594427
3.196661725E8	9.138297662913171
3.226124045E8	11.311671653827668
3.255586365E8	14.043628607658867
3.285048685E8	14.360072798068856
3.314511005E8	13.957474156821323
3.343973325E8	14.025456922604873
3.373435645E8	11.982102563545572
3.402897965E8	13.897680494950839
3.432360285E8	13.966846806361481
3.461822605E8	12.671144702793264
3.491284925E8	12.731264204584024
3.520747245E8	12.212620051645628
3.550209565E8	15.977814374428084
3.579671885E8	14.480494407772369
3.609134205E8	12.599396110014418
3.638596525E8	11.172444668308538
3.668058845E8	17.00086449403849
3.697521165E8	16.1794546390101
3.726983485E8	13.911667512945348
3.756445805E8	15.251652279929075
3.785908125E8	15.895569323800705
3.804938555E8	18.094539305510004
3.819669715E8	21.817266573938184
3.844832765E8	14.333388205681018
3.874295085E8	17.795620643588148
3.903757405E8	13.77197416904032
3.933219725E8	16.504918485713276
3.962682045E8	16.65507366697531
3.992144365E8	16.305415527358335
4.021606685E8	14.62865008594028
4.051069005E8	14.2916735681372
4.080531325E8	13.671080553058959
4.109993645E8	14.31999245137518
4.139455965E8	15.134839007926056
4.168918285E8	14.822592721822314
4.198380605E8	13.808745204043673
4.227842925E8	12.001420118985877
4.257305245E8	16.051459627076213
4.286767565E8	14.836341808791705
4.316229885E8	13.552736172847217
4.345692205E8	14.19621333282647
4.375154525E8	15.352158621588524
4.404616845E8	14.281861034704667
4.434079165E8	15.34258401918111
4.463541485E8	13.799070473744091
4.493003805E8	13.858676098827248
4.522466125E8	13.417666701060881
4.551928445E8	14.354053923791474
4.581390765E8	13.568591679134569
4.610853085E8	11.833117351247289
4.640315405E8	11.052050551348298
4.669777725E8	15.29001042687745
4.699240045E8	13.614535786726911
4.728702365E8	13.590824823028193
4.758164685E8	9.687703819658465
4.787627005E8	15.300878885301632
4.817089325E8	11.11571899293742
4.846551645E8	12.92154453552877
4.876013965E8	13.411663779362929
4.905476285E8	14.723790590829235
4.934938605E8	12.77228609288067
4.964400925E8	14.716155754197226
4.993863245E8	15.734014836577703
5.023325565E8	15.773951610056507
5.05119797E8	17.584615080230222
5.06592913E8	15.352270404392687
5.082250205E8	14.649243508318422
5.111712525E8	12.543656439818724
5.141174845E8	13.902152647856653
5.170637165E8	11.000604840352016
5.200099485E8	13.765191268033202
5.229561805E8	13.126618338270713
5.259024125E8	16.330329044012828
5.288486445E8	16.11521224397807
5.317948765E8	14.301153473317784
5.347411085E8	13.747303335243117
5.376873405E8	13.209750284431097
5.406335725E8	15.37128983732442
5.435798045E8	10.577349645241787
5.465260365E8	14.284043143920778
5.494722685E8	17.60417713201133
5.524185005E8	11.83900792605606
5.553647325E8	15.392697859503256
5.583109645E8	13.447644313143025
5.612571965E8	14.215595377417664
5.642034285E8	12.984492735127445
5.671496605E8	12.070793135095947
5.700958925E8	9.079419068152134
5.730421245E8	14.463731640956992
5.759883565E8	15.347751297250182
5.789345885E8	12.192438341583419
5.818808205E8	13.230418039041053
5.848270525E8	12.488575237795258
5.875864595E8	14.159477132312984
5.890595755E8	15.881359561086578
5.907195165E8	17.58244666407805
5.936657485E8	17.127730606415245
5.966119805E8	14.868337931296653
5.995582125E8	15.795014784986382
6.025044445E8	16.52993688209211
6.054506765E8	16.13945473404674
6.083969085E8	12.436916033767877
6.113431405E8	14.576071402387864
6.142893725E8	16.957555616801393
6.172356045E8	15.240075119678288
6.201818365E8	13.509915716073955
6.231280685E8	10.27342822968456
6.260743005E8	10.40019998425107
6.290205325E8	13.411298567118951
6.319667645E8	17.241768129597396
6.349129965E8	10.198873340592323
6.378592285E8	14.400126330852425
6.408054605E8	15.940520298469368
6.437516925E8	12.917702000385578
6.466979245E8	13.192335158941997
6.496441565E8	13.02227964396558
6.525903885E8	12.374467455380296
6.555366205E8	14.878656195438785
6.58437679E8	18.783503537432356
6.59910795E8	16.01870565707771
6.614290845E8	17.163220004398838
6.643753165E8	15.865549963478776
6.673215485E8	14.891360558163784
6.702677805E8	17.427768756839246
6.732140125E8	18.913505793162248
6.761602445E8	13.474016642273929
6.791064765E8	17.195202210823858
6.820527085E8	12.993677347880276
6.849989405E8	15.629829558568368
6.879451725E8	18.198789165279585
6.908914045E8	20.91139801617795
6.938376365E8	16.010665147890595
6.967838685E8	11.657376947911773
6.997301005E8	16.798557275869655
7.026763325E8	19.13770164739233
7.056225645E8	17.359798888885873
7.085687965E8	18.60645597495377
7.112236495E8	18.32602135669781
7.126967655E8	23.558957577587954
7.144612605E8	18.765149180376834
7.174074925E8	19.189254953445623
7.203537245E8	13.541042253291662
7.232999565E8	14.454489327384945
7.262461885E8	14.434034726389504
7.291924205E8	10.199387896133095
7.321386525E8	13.816965873699017
7.350848845E8	19.877610452944644
7.380311165E8	36.48247388528806
7.409773485E8	13.83072378549958
7.439235805E8	11.7150702999628
7.468698125E8	13.46269438387744
7.498160445E8	15.158848658218362
7.527622765E8	13.53764571153935
7.557085085E8	14.979593935576018
7.586547405E8	19.696440741937497
7.601416665E8	59.16147719044171
7.616147825E8	18.14990104885473
7.645472045E8	18.57339815737525
7.674934365E8	19.996990053736432
7.704396685E8	14.115419627510665
7.733859005E8	13.214558120338113
7.763321325E8	15.954184531292851
7.792783645E8	21.204975711349277
7.822245965E8	18.174315532517465
7.851708285E8	12.640455334135261
7.881170605E8	12.025702660211415
7.910632925E8	14.045770665718111
7.940095245E8	17.021120196915927
7.969557565E8	16.667614430907
7.999019885E8	16.488405190086862
8.026961355E8	19.073041056568695
8.041692515E8	12.853641055988428
8.057944525E8	16.552492471740177
8.087406845E8	14.584479090580782
8.116869165E8	14.205185470797955
8.146331485E8	15.774868713665455
8.175793805E8	15.94886180042848
8.205256125E8	16.558283597489947
8.234718445E8	14.422804110470594
8.264180765E8	13.984469994216342
8.293643085E8	12.373768596634617
8.323105405E8	13.774544231411511
8.352567725E8	14.831265154950458
8.382030045E8	14.065936423200888
8.411492365E8	15.098568612383547
8.440954685E8	17.307027416713957
8.466781495E8	17.610216165794704
8.481512655E8	17.027994696755062
8.499879325E8	14.861647012183697
8.529341645E8	13.246040026718873
8.558803965E8	14.509004043130345
8.588266285E8	12.124319130333253
8.617728605E8	12.261977332402878
8.647190925E8	12.751035899413216
8.676653245E8	16.898181473828267
8.706115565E8	11.980393940463616
8.735577885E8	19.2876467297891
8.765040205E8	15.415560281742918
8.794502525E8	13.926364590432797
8.823964845E8	15.66778379978223
8.853427165E8	16.30348526524727
8.88046739E8	18.56501854527537
8.89519855E8	18.39018287887139
8.912351805E8	13.525743729618034
8.941814125E8	18.68044335951819
8.971276445E8	16.985948832271184
9.000738765E8	17.128666717352875
9.030201085E8	16.658224810537664
9.059663405E8	19.161669888861432
9.089125725E8	16.949143176776303
9.118588045E8	14.739121019661724
9.148050365E8	22.20618199788747
9.177512685E8	18.02196975662473
9.206975005E8	18.614447877831754
9.236437325E8	19.23865873427483
9.265899645E8	16.470615009272862
9.281577005E8	14.543796237581907
9.296308165E8	20.576261012001485
9.324824285E8	16.97117708313534
9.354286605E8	14.449648907485901
9.383748925E8	11.51571464840515
9.413211245E8	11.744185454505958
9.442673565E8	13.598426396835007
9.472135885E8	13.35679878570323
9.501598205E8	14.634061404532977
9.531060525E8	18.732739987889616
9.560522845E8	14.366764056598393
9.589985165E8	17.573477241439235
9.619447485E8	17.102418275274996
9.63608251E8	21.755691711334574
9.65081367E8	17.194116920208042
9.678372125E8	19.473035388930676
9.707834445E8	17.47342639683501
9.737296765E8	18.535236532628794
9.766759085E8	20.100629889295888
9.796221405E8	26.749327615747845
9.825683725E8	19.3658313398266
9.855146045E8	17.164312246964936
9.884608365E8	15.956700965843831
9.914070685E8	15.761775379535624
9.943533005E8	18.075171948441263
9.96973979E8	19.03651130112739
9.98447095E8	34.110292163960764
1.0002457645E9	17.54258795641348
1.0031919965E9	18.14196438026605
1.0061382285E9	18.489297855701793
1.0090844605E9	17.84460219018733
1.0109513325E9	19.05701500421581
1.0124244485E9	20.443049584939224
1.0149769245E9	18.631795120004128
1.0179231565E9	19.404499713532402
1.0208693885E9	17.2141708460162
1.023418539E9	21.905276736015434
1.024891655E9	19.27409990140563
1.0267618525E9	15.507558128484112
1.0297080845E9	17.418662209900646
1.0326543165E9	17.625036317574448
1.034194805E9	107.59357304538202
1.035667921E9	20.86861045418314
1.0385467805E9	17.825771697544525
1.0414841345E9	21.75092403010986
1.0429572505E9	305.8593151610723
1.0444392445E9	16.303039611272975
1.0473854765E9	17.519040252091486
1.0500931455E9	18.645999807217674
1.0515662615E9	19.694860477106676
1.0532779405E9	16.59296416575477
1.0562241725E9	20.183677660143534
1.0585794415E9	18.401314737919613
1.0600525575E9	21.563019173789222
1.0621166365E9	17.907913904947065
1.0650628685E9	20.40307416388119
1.0668876105E9	18.83543310221656
1.0683607265E9	26.199785107312593
1.0709553325E9	19.24798013191086
1.0733928775E9	19.32944260282509
1.0748659935E9	36.46580018754165
1.0768477965E9	16.069186336989077
1.0794745915E9	18.61781223373226
1.0809477075E9	13.806509577788422
1.082564658E9	18.32892952558875
1.084037774E9	9.609359206161644
1.085319423E9	18.408721966029457
1.086792539E9	21.118453044995565
1.087255665E9	14.762369022398277
1.088728781E9	16.64632719210753
1.0915789565E9	14.768508386304948
1.0945251885E9	6.0082244032377625
1.0974714205E9	9.931015276461595
1.1004176525E9	8.110540174704504
1.1033638845E9	7.04636464473945
1.1063101165E9	6.814346935339783
1.1092563485E9	7.241107285509084
1.1122025805E9	6.719264131270043
1.1151488125E9	7.501360042250576
1.1180950445E9	6.4698204350506
1.1210412765E9	5.317647082782347
1.1239875085E9	6.313391477656885
1.1269337405E9	6.100797561088196
1.1298799725E9	6.129818697237692
1.1328262045E9	6.237272556947314
1.1357724365E9	5.593945758514605
1.1387186685E9	7.280058053812462
1.1416649005E9	7.326308315163232
1.1446111325E9	5.747933971255488
1.1475573645E9	5.5885822976601975
1.1505035965E9	6.6637494942692905
1.1534498285E9	5.686428970970378
1.1563960605E9	7.20528152569112
1.1593422925E9	6.084540864399002
1.1622885245E9	8.503520768221918
1.1652347565E9	6.40924950920362
1.1681809885E9	6.818465416165462
1.1707663265E9	8.795369539534374
1.1718881035E9	1893.7033490319204
1.171912573E9	8.158369372087567
1.1719423915E9	2.4476650563607087
1.1719716865E9	102.11528038357307
1.1719998695E9	6.60165313225058
1.1720271865E9	16.14147874306839
1.172053963E9	8.77572350299966
1.172080324E9	6.843357870246767
1.172105473E9	13.632210639976742
1.1721293445E9	10.013438133874239
1.1721530725E9	6.569855413584398
1.1721767445E9	5.110224184782608
1.1722002915E9	3.734559510661796
1.1722236575E9	2.4235015092712375
1.172246207E9	14.54315578072938
1.1722677735E9	4.085139464756879
1.1722889615E9	5.194402420574886
1.1723099925E9	4.080153036824486
1.1723290745E9	181.72922220934277
1.172344497E9	5.933043926127584
1.1724758145E9	12.675169849504504
1.172785965E9	19.22896537977735
1.173312376E9	33.4461364653408
1.173847659E9	21.828661108840336
1.1742281915E9	9.358707104154124
1.1745383545E9	20.31690713842634
1.1747839385E9	44.265592451400956
1.175021832E9	21.75916884589125
1.1752406195E9	153.11500581355585
1.1754447675E9	11.682149487726054
1.1756302895E9	9.322129453781011
1.1758017095E9	7.872512799461796
1.1759743985E9	11.635615954818213
1.1761449175E9	152.15498836651895
1.1763080145E9	11.705116800742575
1.176454614E9	10.386953781969101
1.1765908095E9	3.7389226371270325
1.1767148905E9	10.473276876855772
1.176828827E9	8.403476003823254
1.1769415455E9	18.445205479452056
1.1770466005E9	6.487600291757841
1.1771437885E9	29.0333667837431
1.177227665E9	9.49129548197367
1.1772982075E9	16.735738303669777
1.1773658055E9	181.10003021148037
1.1774300485E9	30.127492534437916
1.1774925145E9	13.328704147112346
1.17755326E9	7.953199082334947
1.1776102095E9	11.61437861009191
1.177664105E9	10.612776608453268
1.177715901E9	11.600668567495822
1.1777667665E9	1.2727415677333123
1.177815724E9	116.24294734156763
1.1778623185E9	14.555796316359697
1.177908416E9	39.50911065262243
1.1779522895E9	26.28058606301856
1.1779928755E9	10.139371674689638
1.178031512E9	20.08777081184033
1.178069269E9	92.81310492959614
1.1781066915E9	0.00573598319599289
1.178143855E9	129.98050708466647
1.178180591E9	9.86074588604978
1.178216752E9	12.954887218045112
1.178252379E9	9.690125244951862
1.178286871E9	4.063689929825601
1.1783202805E9	7.059281002239302
1.1783530415E9	15.090743933982017
1.1783849895E9	5.8723106301718655
1.1784162885E9	10.33828340496504
1.178447326E9	2.009094734116581
1.1784776715E9	195.72091696314695
