#Position (bp)	insert size	chromosomes
1473116.5	245.89814182901105	0.0
4419348.5	248.85869949279078	254.47010483063795
7365580.5	248.9433247981574	0.0
1.03118125E7	250.30065708311096	0.0
1.32580445E7	249.4038753038753	254.47010483063795
1.62042765E7	249.3806708357021	0.0
1.91505085E7	249.90012615643397	0.0
2.20967405E7	250.02440233347315	254.47010483063795
2.50429725E7	250.24287471258222	0.0
2.79892045E7	250.23376413807267	0.0
3.09354365E7	250.46077610607475	254.47010483063795
3.38816685E7	250.93623475340286	0.0
3.68279005E7	249.66762974195046	0.0
3.97741325E7	249.9506380962996	254.47010483063795
4.27203645E7	250.63052243596678	0.0
4.56665965E7	250.30101736696943	0.0
4.86128285E7	249.99799701002945	254.47010483063795
5.15590605E7	249.36531828159298	0.0
5.45052925E7	248.53502051831038	0.0
5.74515245E7	247.8458565171989	254.47010483063795
6.03977565E7	250.27430898480088	0.0
6.33439885E7	249.67179243963687	0.0
6.62902205E7	249.37601923478988	254.47010483063795
6.92364525E7	250.00575325662325	0.0
7.21826845E7	249.93076657458565	0.0
7.51289165E7	241.32402681143193	254.47010483063795
7.80751485E7	249.37990489764513	0.0
8.10213805E7	249.79631433958826	0.0
8.39676125E7	249.39338647612269	254.47010483063795
8.69138445E7	248.74926901429612	0.0
8.98600765E7	249.59902955695455	0.0
9.28063085E7	249.28215431457488	254.47010483063795
9.57525405E7	250.34213243197374	0.0
9.86987725E7	250.12784898333086	0.0
1.016450045E8	249.8688739616042	254.47010483063795
1.045912365E8	250.7064614718849	0.0
1.075374685E8	250.2208113942503	0.0
1.104837005E8	249.90155709159424	254.47010483063795
1.134299325E8	249.6682764133882	0.0
1.163761645E8	250.38545767871295	0.0
1.193223965E8	248.97586130965487	254.47010483063795
1.222686285E8	249.1233667996149	0.0
1.252148605E8	250.01671368183858	0.0
1.281610925E8	249.82796755959694	254.47010483063795
1.311073245E8	249.52736213186697	0.0
1.340535565E8	249.746391099446	0.0
1.369997885E8	250.33305505955832	254.47010483063795
1.399460205E8	249.90763666947015	0.0
1.428922525E8	249.86930113575485	0.0
1.458384845E8	249.5082572751969	254.47010483063795
1.487847165E8	249.31356853927093	0.0
1.517309485E8	249.8957233861541	0.0
1.546771805E8	250.67646142664313	254.47010483063795
1.576234125E8	249.87781330793305	0.0
1.605696445E8	249.99102961432507	0.0
1.635158765E8	249.25420026124948	254.47010483063795
1.664621085E8	248.12205549412943	0.0
1.694083405E8	250.11645047386233	0.0
1.723545725E8	249.53720850647764	254.47010483063795
1.753008045E8	249.3649118464429	0.0
1.782470365E8	249.4172297121441	0.0
1.811932685E8	249.63798769019095	254.47010483063795
1.841395005E8	248.94042477046105	0.0
1.870857325E8	249.65852592007624	0.0
1.900319645E8	249.8778542975763	254.47010483063795
1.929781965E8	249.08484231449833	0.0
1.959244285E8	247.76777177334407	0.0
1.988706605E8	248.25911643952784	254.47010483063795
2.018168925E8	249.66006076047154	0.0
2.047631245E8	246.48032443248135	0.0
2.077093565E8	245.9872380035647	254.47010483063795
2.106555885E8	248.35985826151625	0.0
2.136018205E8	248.43326982458444	0.0
2.154737165E8	236.65575194337083	254.47010483063795
2.169468325E8	246.53373794231177	0.0
2.194942845E8	249.33196167941875	0.0
2.224405165E8	248.93189364008052	254.47010483063795
2.253867485E8	250.06592830851875	0.0
2.283329805E8	250.28470207913557	0.0
2.312792125E8	250.23853333869002	254.47010483063795
2.342254445E8	250.30163843052873	0.0
2.371716765E8	249.93138622808604	0.0
2.401179085E8	249.87544294315924	254.47010483063795
2.430641405E8	250.08850482850482	0.0
2.460103725E8	250.58967041060578	0.0
2.489566045E8	250.3623749972687	254.47010483063795
2.519028365E8	249.4110048738914	0.0
2.548490685E8	250.31503247648195	0.0
2.577953005E8	249.88546195845868	254.47010483063795
2.607415325E8	250.16705201530579	0.0
2.636877645E8	249.46630606582136	0.0
2.666339965E8	250.00337611936385	254.47010483063795
2.695802285E8	250.04028205039577	0.0
2.725264605E8	249.40885498217676	0.0
2.754726925E8	249.46810655867478	254.47010483063795
2.784189245E8	245.98975292141043	0.0
2.813651565E8	249.0259992219432	0.0
2.843113885E8	249.6691569804341	254.47010483063795
2.872576205E8	249.56926483449007	0.0
2.902038525E8	249.67581034505014	0.0
2.931500845E8	249.96007567195716	254.47010483063795
2.960963165E8	249.69003419386164	0.0
2.990425485E8	249.441751274472	0.0
3.019887805E8	250.18092564420257	254.47010483063795
3.049350125E8	250.2753093659314	0.0
3.078812445E8	250.27097992105715	0.0
3.108274765E8	249.99007836385763	254.47010483063795
3.137737085E8	250.12233634131323	0.0
3.167199405E8	249.63348731748317	0.0
3.196661725E8	250.0628710725894	254.47010483063795
3.226124045E8	250.00624439354485	0.0
3.255586365E8	249.85972443880715	0.0
3.285048685E8	249.18589053967563	254.47010483063795
3.314511005E8	250.43257422201026	0.0
3.343973325E8	250.0576192869308	0.0
3.373435645E8	250.4711671043992	254.47010483063795
3.402897965E8	249.6684197910351	0.0
3.432360285E8	250.3344861452122	0.0
3.461822605E8	249.737943267905	254.47010483063795
3.491284925E8	250.52612946859904	0.0
3.520747245E8	249.72404428998627	0.0
3.550209565E8	250.08246428135303	254.47010483063795
3.579671885E8	249.59697831712805	0.0
3.609134205E8	249.85376495425757	0.0
3.638596525E8	250.21163254852783	254.47010483063795
3.668058845E8	249.34191857497606	0.0
3.697521165E8	249.55062947360798	0.0
3.726983485E8	249.75631345267385	254.47010483063795
3.756445805E8	248.6022427864533	0.0
3.785908125E8	247.5600780545277	0.0
3.804938555E8	244.01004778603485	254.47010483063795
3.819669715E8	243.71699146661024	0.0
3.844832765E8	249.81602650448318	0.0
3.874295085E8	248.14785023825732	254.47010483063795
3.903757405E8	248.96142585064953	0.0
3.933219725E8	248.19026522604895	0.0
3.962682045E8	249.30365808137364	254.47010483063795
3.992144365E8	248.97755740194765	0.0
4.021606685E8	243.83367733058137	0.0
4.051069005E8	249.48126911576543	254.47010483063795
4.080531325E8	250.3895119559694	0.0
4.109993645E8	249.73678638993042	0.0
4.139455965E8	249.28936820126825	254.47010483063795
4.168918285E8	249.49053817040524	0.0
4.198380605E8	249.7542209615617	0.0
4.227842925E8	250.49068343348063	254.47010483063795
4.257305245E8	249.44604085101216	0.0
4.286767565E8	249.70102182663865	0.0
4.316229885E8	250.26555468067124	254.47010483063795
4.345692205E8	249.85236993264184	0.0
4.375154525E8	249.81453447727995	0.0
4.404616845E8	249.71564114350008	254.47010483063795
4.434079165E8	249.7043801426744	0.0
4.463541485E8	250.259930976694	0.0
4.493003805E8	249.86789328426863	254.47010483063795
4.522466125E8	250.21324453931402	0.0
4.551928445E8	249.44522662377932	0.0
4.581390765E8	249.84744038385224	254.47010483063795
4.610853085E8	250.03625006229962	0.0
4.640315405E8	249.7961464423214	0.0
4.669777725E8	249.44321334953008	254.47010483063795
4.699240045E8	250.09684113442472	0.0
4.728702365E8	250.66314177573605	0.0
4.758164685E8	250.11083030644087	254.47010483063795
4.787627005E8	249.75866346178566	0.0
4.817089325E8	250.3919426607338	0.0
4.846551645E8	250.10100848529166	254.47010483063795
4.876013965E8	250.25368202001846	0.0
4.905476285E8	249.9316057350055	0.0
4.934938605E8	250.09951868192897	254.47010483063795
4.964400925E8	249.5412455449758	0.0
4.993863245E8	249.02989864130942	0.0
5.023325565E8	248.01317271860646	254.47010483063795
5.05119797E8	245.30566602522984	0.0
5.06592913E8	245.15683669343193	0.0
5.082250205E8	245.8070411621004	254.47010483063795
5.111712525E8	249.46974524768018	0.0
5.141174845E8	249.9859566135858	0.0
5.170637165E8	250.4758259036252	254.47010483063795
5.200099485E8	249.57267386099645	0.0
5.229561805E8	249.63148645931838	0.0
5.259024125E8	242.24155671438072	254.47010483063795
5.288486445E8	249.43287541793865	0.0
5.317948765E8	249.22152426520847	0.0
5.347411085E8	249.76342646336167	254.47010483063795
5.376873405E8	250.08987362449696	0.0
5.406335725E8	249.2626986995365	0.0
5.435798045E8	250.21355010522004	254.47010483063795
5.465260365E8	248.05595308076406	0.0
5.494722685E8	249.0943161692719	0.0
5.524185005E8	250.3001592356688	254.47010483063795
5.553647325E8	249.57495072158807	0.0
5.583109645E8	250.01435064603442	0.0
5.612571965E8	250.11784234090626	254.47010483063795
5.642034285E8	250.36768339214072	0.0
5.671496605E8	250.35183770339907	0.0
5.700958925E8	249.5897906159254	254.47010483063795
5.730421245E8	249.19870068349462	0.0
5.759883565E8	249.65224985179472	0.0
5.789345885E8	249.83369318273367	254.47010483063795
5.818808205E8	248.94339944140287	0.0
5.848270525E8	248.83241816677827	0.0
5.875864595E8	247.41563244129753	254.47010483063795
5.890595755E8	245.84713804713806	0.0
5.907195165E8	247.32577772892162	0.0
5.936657485E8	248.4226487632509	254.47010483063795
5.966119805E8	250.05687704761968	0.0
5.995582125E8	248.65599271447383	0.0
6.025044445E8	249.2420804227698	254.47010483063795
6.054506765E8	249.15697597238815	0.0
6.083969085E8	237.33532961265132	0.0
6.113431405E8	249.7576072455704	254.47010483063795
6.142893725E8	249.592231618174	0.0
6.172356045E8	250.2583059194706	0.0
6.201818365E8	249.97429497475076	254.47010483063795
6.231280685E8	250.30351198641637	0.0
6.260743005E8	250.4008216630612	0.0
6.290205325E8	249.22731648967206	254.47010483063795
6.319667645E8	249.12930096156558	0.0
6.349129965E8	250.54610903601633	0.0
6.378592285E8	249.22423319763215	254.47010483063795
6.408054605E8	248.86520544272403	0.0
6.437516925E8	249.85534324240334	0.0
6.466979245E8	250.2580173629146	254.47010483063795
6.496441565E8	249.83508853751374	0.0
6.525903885E8	249.32831965004596	0.0
6.555366205E8	249.6979558902636	254.47010483063795
6.58437679E8	244.67779890906812	0.0
6.59910795E8	248.02672209026127	0.0
6.614290845E8	247.63832737356782	254.47010483063795
6.643753165E8	248.95638867635807	0.0
6.673215485E8	249.76030164287639	0.0
6.702677805E8	248.48382944578796	254.47010483063795
6.732140125E8	248.7824407195421	0.0
6.761602445E8	249.7188992263814	0.0
6.791064765E8	248.45588921382324	254.47010483063795
6.820527085E8	250.1648491704374	0.0
6.849989405E8	248.6838082391952	0.0
6.879451725E8	246.76404285888484	254.47010483063795
6.908914045E8	228.9962858584277	0.0
6.938376365E8	248.4296606568324	0.0
6.967838685E8	250.24708433897618	254.47010483063795
6.997301005E8	248.73012354231614	0.0
7.026763325E8	248.0912107142496	0.0
7.056225645E8	249.12132241940353	254.47010483063795
7.085687965E8	247.42303086851723	0.0
7.112236495E8	247.32243256126787	0.0
7.126967655E8	244.48579690077176	254.47010483063795
7.144612605E8	246.69691699118042	0.0
7.174074925E8	246.61911770595538	0.0
7.203537245E8	249.9182110151469	254.47010483063795
7.232999565E8	250.07290588402444	0.0
7.262461885E8	250.21550094517957	0.0
7.291924205E8	250.52366875338126	254.47010483063795
7.321386525E8	248.53875097767036	0.0
7.350848845E8	246.74256075585643	0.0
7.380311165E8	193.02033680709212	254.47010483063795
7.409773485E8	250.0426013554015	0.0
7.439235805E8	250.44618221439947	0.0
7.468698125E8	249.94975246446668	254.47010483063795
7.498160445E8	250.08176606981837	0.0
7.527622765E8	249.8730484858131	0.0
7.557085085E8	248.15162046025213	254.47010483063795
7.586547405E8	246.62190098739947	0.0
7.601416665E8	249.84962274083173	0.0
7.616147825E8	248.2172489259078	254.47010483063795
7.645472045E8	246.9137450158048	0.0
7.674934365E8	248.01137528823335	0.0
7.704396685E8	249.94791500571944	254.47010483063795
7.733859005E8	250.91208326846518	0.0
7.763321325E8	247.57444552175494	0.0
7.792783645E8	236.83592410536147	254.47010483063795
7.822245965E8	247.8316990162191	0.0
7.851708285E8	250.56261109170646	0.0
7.881170605E8	250.62777360830125	254.47010483063795
7.910632925E8	249.69389800079327	0.0
7.940095245E8	249.02204366593398	0.0
7.969557565E8	249.3874795179603	254.47010483063795
7.999019885E8	249.19829135366032	0.0
8.026961355E8	245.9040938748559	0.0
8.041692515E8	249.03727810650886	254.47010483063795
8.057944525E8	247.77925570789606	0.0
8.087406845E8	249.79958161232975	0.0
8.116869165E8	250.1100785340314	254.47010483063795
8.146331485E8	249.33361772106508	0.0
8.175793805E8	249.91178465580984
8.205256125E8	248.96291014506306
8.234718445E8	249.05213184032732
8.264180765E8	248.0390171383692
8.293643085E8	248.8298264925521
8.323105405E8	249.66080641264338
8.352567725E8	249.94296542920685
8.382030045E8	249.83907750283328
8.411492365E8	249.55590294341374
8.440954685E8	247.44332610542318
8.466781495E8	248.69517444328946
8.481512655E8	247.23760818253345
8.499879325E8	249.6645601252088
8.529341645E8	248.2714783965152
8.558803965E8	249.6540927519834
8.588266285E8	250.71654404615285
8.617728605E8	250.1327969575187
8.647190925E8	250.1243365546863
8.676653245E8	249.61990500069007
8.706115565E8	250.29733289699746
8.735577885E8	247.87322037945341
8.765040205E8	249.90698941075138
8.794502525E8	249.8574913942385
8.823964845E8	249.4188470922127
8.853427165E8	248.3297800590886
8.88046739E8	247.63974767737145
8.89519855E8	247.19791866181447
8.912351805E8	247.3426899076522
8.941814125E8	247.7047137821224
8.971276445E8	248.81318203904308
9.000738765E8	249.2790236382905
9.030201085E8	249.98067127125137
9.059663405E8	248.2869953799907
9.089125725E8	248.27273975266837
9.118588045E8	249.46140168127442
9.148050365E8	211.65497979415923
9.177512685E8	247.26962863017218
9.206975005E8	247.47234277801888
9.236437325E8	247.14802564294445
9.265899645E8	247.7255879630172
9.281577005E8	248.61803413530743
9.296308165E8	247.43070173683367
9.324824285E8	246.9252056715754
9.354286605E8	248.87472646224504
9.383748925E8	249.92860804921816
9.413211245E8	249.81332205150545
9.442673565E8	249.5597497842968
9.472135885E8	250.10474011162694
9.501598205E8	249.4118093867434
9.531060525E8	247.81028127233188
9.560522845E8	250.03131118120513
9.589985165E8	248.2946439399786
9.619447485E8	247.4943745826212
9.63608251E8	245.64807745696834
9.65081367E8	248.4088350916733
9.678372125E8	246.72928111698602
9.707834445E8	248.81208794255454
9.737296765E8	248.5818323501109
9.766759085E8	247.3675438723398
9.796221405E8	243.48794309960797
9.825683725E8	245.88491145312415
9.855146045E8	248.6920356971932
9.884608365E8	249.27454023339646
9.914070685E8	248.603032450923
9.943533005E8	247.20280953797763
9.96973979E8	247.7147886174083
9.98447095E8	219.23299321899702
1.0002457645E9	248.12918236696933
1.0031919965E9	248.37806373202272
1.0061382285E9	247.50347758686164
1.0090844605E9	247.71723988985477
1.0109513325E9	248.53355933487367
1.0124244485E9	245.9676973923939
1.0149769245E9	247.81350091327272
1.0179231565E9	247.89935293709001
1.0208693885E9	247.71753806095364
1.023418539E9	246.00485095908505
1.024891655E9	246.85753839338452
1.0267618525E9	248.52081691867082
1.0297080845E9	248.55816022913712
1.0326543165E9	246.67965863388156
1.034194805E9	240.63359990474868
1.035667921E9	246.49744069463432
1.0385467805E9	246.142641829231
1.0414841345E9	242.0901285827296
1.0429572505E9	254.47010483063795
1.0444392445E9	246.40134000188732
1.0473854765E9	248.31563714545604
1.0500931455E9	247.07227450305905
1.0515662615E9	248.5392486208278
1.0532779405E9	245.9796401762544
1.0562241725E9	243.14698639137444
1.0585794415E9	245.5660443427166
1.0600525575E9	245.97616351363354
1.0621166365E9	245.7360394492829
1.0650628685E9	246.204011746273
1.0668876105E9	248.1825828797625
1.0683607265E9	243.7204159322892
1.0709553325E9	244.57575054773702
1.0733928775E9	246.26830594079587
1.0748659935E9	226.09486358992848
1.0768477965E9	247.04455401004086
1.0794745915E9	246.20528039163767
1.0809477075E9	239.36249885275492
1.082564658E9	244.47365093489128
1.084037774E9	243.13104006475112
1.085319423E9	243.72336959093582
1.086792539E9	240.85962111154964
1.087255665E9	239.73764774268554
1.088728781E9	246.20705315266756
1.0915789565E9	247.04091843233553
1.0945251885E9	247.21720891824938
1.0974714205E9	247.69137128186105
1.1004176525E9	247.47951569420374
1.1033638845E9	248.77334376265836
1.1063101165E9	248.75297537273502
1.1092563485E9	248.26702978769646
1.1122025805E9	249.03698614116132
1.1151488125E9	249.07541022218732
1.1180950445E9	249.34899461564203
1.1210412765E9	248.55368303571427
1.1239875085E9	249.05003903200625
1.1269337405E9	249.35246432154298
1.1298799725E9	249.31518855029347
1.1328262045E9	248.24211740174397
1.1357724365E9	248.1174984095568
1.1387186685E9	248.8765205911277
1.1416649005E9	248.24366187771466
1.1446111325E9	248.3620467323464
1.1475573645E9	248.94452304318608
1.1505035965E9	248.96642346525167
1.1534498285E9	249.5550777660257
1.1563960605E9	248.84973331882009
1.1593422925E9	249.43062557751227
1.1622885245E9	247.27728882378048
1.1652347565E9	249.55285176940203
1.1681809885E9	249.21064788247446
1.1707663265E9	246.76836859948563
1.1718881035E9	222.5671409429242
1.171912573E9	236.15401301518438
1.1719423915E9	199.00651465798046
1.1719716865E9	241.3915776868576
1.1719998695E9	242.3188811188811
1.1720271865E9	233.1804461942257
1.172053963E9	239.4891922639363
1.172080324E9	229.9280245022971
1.172105473E9	240.86784140969164
1.1721293445E9	234.65638766519822
1.1721530725E9	234.3312101910828
1.1721767445E9	236.78158458244113
1.1722002915E9	216.51752021563343
1.1722236575E9	224.96601941747574
1.172246207E9	234.79769299023957
1.1722677735E9	219.27173913043478
1.1722889615E9	204.0909090909091
1.1723099925E9	221.86206896551724
1.1723290745E9	241.00055488763525
1.172344497E9	235.42214532871972
1.1724758145E9	239.3092012667136
1.172785965E9	245.19949976179132
1.173312376E9	243.83547440247017
1.173847659E9	243.40858468677493
1.1742281915E9	214.18835174293503
1.1745383545E9	235.2086417722213
1.1747839385E9	239.00916797321358
1.175021832E9	214.43005412644385
1.1752406195E9	248.02231636533458
1.1754447675E9	241.02584515980155
1.1756302895E9	212.4242731575389
1.1758017095E9	247.22736710963454
1.1759743985E9	245.78796189376445
1.1761449175E9	240.28346378569066
1.1763080145E9	238.31968526883287
1.176454614E9	234.07419712070876
1.1765908095E9	218.6307615230461
1.1767148905E9	239.69686098654708
1.176828827E9	234.93078175895766
1.1769415455E9	240.480738575983
1.1770466005E9	222.00894593543367
1.1771437885E9	93.33134952549462
1.177227665E9	235.5854572713643
1.1772982075E9	243.15778301886792
1.1773658055E9	243.0537755248434
1.1774300485E9	198.66073194856577
1.1774925145E9	241.51616062683644
1.17755326E9	240.5356308411215
1.1776102095E9	114.95037220843672
1.177664105E9	235.82483156881617
1.177715901E9	237.06435185185185
1.1777667665E9	231.44285714285715
1.177815724E9	237.48404029692472
1.1778623185E9	241.864038616251
1.177908416E9	245.6148101064675
1.1779522895E9	172.5699061151992
1.1779928755E9	226.673273657289
1.178031512E9	236.74157303370785
1.178069269E9	239.28542026837903
1.1781066915E9	220.5
1.178143855E9	244.25545929266556
1.178180591E9	231.5404081632653
1.178216752E9	232.8454794520548
1.178252379E9	221.9903448275862
1.178286871E9	239.434693877551
1.1783202805E9	236.91912568306012
1.1783530415E9	234.5494748479823
1.1783849895E9	230.16098707403054
1.1784162885E9	226.03762755102042
1.178447326E9	217.28440366972478
1.1784776715E9	247.62626361762685
