#Insert size (bp)	insert size
1.0	2028.0
2.0	1843.0
3.0	1879.0
4.0	1866.0
5.0	1868.0
6.0	1968.0
7.0	2110.0
8.0	2039.0
9.0	1968.0
10.0	1914.0
11.0	1870.0
12.0	1739.0
13.0	1822.0
14.0	1870.0
15.0	1813.0
16.0	1821.0
17.0	1699.0
18.0	1641.0
19.0	1517.0
20.0	1521.0
21.0	1534.0
22.0	1504.0
23.0	1568.0
24.0	1425.0
25.0	1410.0
26.0	1390.0
27.0	1434.0
28.0	1321.0
29.0	1448.0
30.0	1463.0
31.0	1031.0
32.0	959.0
33.0	967.0
34.0	829.0
35.0	806.0
36.0	787.0
37.0	827.0
38.0	844.0
39.0	904.0
40.0	13274.0
41.0	14187.0
42.0	13813.0
43.0	13856.0
44.0	14170.0
45.0	14455.0
46.0	14451.0
47.0	15050.0
48.0	15447.0
49.0	15769.0
50.0	15836.0
51.0	15511.0
52.0	15576.0
53.0	15346.0
54.0	15912.0
55.0	15928.0
56.0	16084.0
57.0	16248.0
58.0	16108.0
59.0	16509.0
60.0	16222.0
61.0	16285.0
62.0	16197.0
63.0	16296.0
64.0	15787.0
65.0	15922.0
66.0	16185.0
67.0	15979.0
68.0	16370.0
69.0	15922.0
70.0	15908.0
71.0	16095.0
72.0	15912.0
73.0	16235.0
74.0	16490.0
75.0	16743.0
76.0	16189.0
77.0	16662.0
78.0	16845.0
79.0	16616.0
80.0	16495.0
81.0	16368.0
82.0	16367.0
83.0	16376.0
84.0	16204.0
85.0	16076.0
86.0	16316.0
87.0	16588.0
88.0	16210.0
89.0	17136.0
90.0	16498.0
91.0	16406.0
92.0	16134.0
93.0	16341.0
94.0	16683.0
95.0	16535.0
96.0	16232.0
97.0	16559.0
98.0	16465.0
99.0	16606.0
100.0	16595.0
101.0	16969.0
102.0	16718.0
103.0	16511.0
104.0	16304.0
105.0	16198.0
106.0	16615.0
107.0	16488.0
108.0	16302.0
109.0	16576.0
110.0	16924.0
111.0	16640.0
112.0	16747.0
113.0	16338.0
114.0	16448.0
115.0	16423.0
116.0	16461.0
117.0	16686.0
118.0	16575.0
119.0	16933.0
120.0	17032.0
121.0	17231.0
122.0	17176.0
123.0	17157.0
124.0	17565.0
125.0	17153.0
126.0	17265.0
127.0	17534.0
128.0	17679.0
129.0	17953.0
130.0	17669.0
131.0	18500.0
132.0	17872.0
133.0	18709.0
134.0	18820.0
135.0	18684.0
136.0	18627.0
137.0	18624.0
138.0	18697.0
139.0	18780.0
140.0	19221.0
141.0	19685.0
142.0	19834.0
143.0	20337.0
144.0	19630.0
145.0	19711.0
146.0	19851.0
147.0	20012.0
148.0	19777.0
149.0	20338.0
150.0	20805.0
151.0	23885.0
152.0	24056.0
153.0	24538.0
154.0	23923.0
155.0	23513.0
156.0	23853.0
157.0	24000.0
158.0	24083.0
159.0	24437.0
160.0	24132.0
161.0	23985.0
162.0	23824.0
163.0	23321.0
164.0	23679.0
165.0	24592.0
166.0	24340.0
167.0	24173.0
168.0	24406.0
169.0	24187.0
170.0	24101.0
171.0	24080.0
172.0	23850.0
173.0	24400.0
174.0	24665.0
175.0	24877.0
176.0	24815.0
177.0	24687.0
178.0	24080.0
179.0	24649.0
180.0	23893.0
181.0	23858.0
182.0	23844.0
183.0	24846.0
184.0	24734.0
185.0	24790.0
186.0	25372.0
187.0	24827.0
188.0	24015.0
189.0	23135.0
190.0	23407.0
191.0	24013.0
192.0	23492.0
193.0	24104.0
194.0	23896.0
195.0	22798.0
196.0	22646.0
197.0	23363.0
198.0	22069.0
199.0	22226.0
200.0	22267.0
201.0	22356.0
202.0	22069.0
203.0	21513.0
204.0	21098.0
205.0	21115.0
206.0	20477.0
207.0	21029.0
208.0	20723.0
209.0	20287.0
210.0	19054.0
211.0	17667.0
212.0	16941.0
213.0	17406.0
214.0	17223.0
215.0	16859.0
216.0	16375.0
217.0	15963.0
218.0	16095.0
219.0	16280.0
220.0	17167.0
221.0	17386.0
222.0	16991.0
223.0	16914.0
224.0	16627.0
225.0	17257.0
226.0	17209.0
227.0	17105.0
228.0	16974.0
229.0	16322.0
230.0	16365.0
231.0	16042.0
232.0	16445.0
233.0	16821.0
234.0	16896.0
235.0	16772.0
236.0	17126.0
237.0	17377.0
238.0	18324.0
239.0	19130.0
240.0	19306.0
241.0	19583.0
242.0	19897.0
243.0	20424.0
244.0	20934.0
245.0	21365.0
246.0	21934.0
247.0	22465.0
248.0	22950.0
249.0	23622.0
250.0	24140.0
251.0	24579.0
252.0	25320.0
253.0	26104.0
254.0	26782.0
255.0	27271.0
256.0	27619.0
257.0	29150.0
258.0	30086.0
259.0	30585.0
260.0	31609.0
261.0	32548.0
262.0	33662.0
263.0	34322.0
264.0	35692.0
265.0	36776.0
266.0	37888.0
267.0	39065.0
268.0	40507.0
269.0	41665.0
270.0	42887.0
271.0	44026.0
272.0	45277.0
273.0	46217.0
274.0	47535.0
275.0	49047.0
276.0	50070.0
277.0	51615.0
278.0	53747.0
279.0	55735.0
280.0	57006.0
281.0	58855.0
282.0	60407.0
283.0	62564.0
284.0	64518.0
285.0	65291.0
286.0	67985.0
287.0	69584.0
288.0	71500.0
289.0	73477.0
290.0	76222.0
291.0	77452.0
292.0	79920.0
293.0	82075.0
294.0	84248.0
295.0	86414.0
296.0	88276.0
297.0	90415.0
298.0	92384.0
299.0	94758.0
300.0	97198.0
301.0	100196.0
302.0	102712.0
303.0	105024.0
304.0	107920.0
305.0	110255.0
306.0	112397.0
307.0	115218.0
308.0	117437.0
309.0	119752.0
310.0	122800.0
311.0	124870.0
312.0	127597.0
313.0	130204.0
314.0	133440.0
315.0	135811.0
316.0	138902.0
317.0	141394.0
318.0	143990.0
319.0	146881.0
320.0	148189.0
321.0	151976.0
322.0	154329.0
323.0	157468.0
324.0	160184.0
325.0	162652.0
326.0	165615.0
327.0	167887.0
328.0	170818.0
329.0	173133.0
330.0	175401.0
331.0	176896.0
332.0	180950.0
333.0	184503.0
334.0	187242.0
335.0	188217.0
336.0	191539.0
337.0	194318.0
338.0	196189.0
339.0	197901.0
340.0	201138.0
341.0	204636.0
342.0	205973.0
343.0	209804.0
344.0	212376.0
345.0	214293.0
346.0	216302.0
347.0	218227.0
348.0	221204.0
349.0	221781.0
350.0	224673.0
351.0	226595.0
352.0	228909.0
353.0	232719.0
354.0	234636.0
355.0	236912.0
356.0	237681.0
357.0	240549.0
358.0	241306.0
359.0	243690.0
360.0	245055.0
361.0	245292.0
362.0	249036.0
363.0	250490.0
364.0	253295.0
365.0	255893.0
366.0	255970.0
367.0	258677.0
368.0	259858.0
369.0	260655.0
370.0	262084.0
371.0	264489.0
372.0	264780.0
373.0	267644.0
374.0	267932.0
375.0	270472.0
376.0	272078.0
377.0	272395.0
378.0	272774.0
379.0	274073.0
380.0	274273.0
381.0	275707.0
382.0	277404.0
383.0	278573.0
384.0	279635.0
385.0	279059.0
386.0	279779.0
387.0	280293.0
388.0	281343.0
389.0	281820.0
390.0	282048.0
391.0	282160.0
392.0	282141.0
393.0	283216.0
394.0	283888.0
395.0	282695.0
396.0	284170.0
397.0	283442.0
398.0	284496.0
399.0	283636.0
400.0	283066.0
401.0	283035.0
402.0	282963.0
403.0	283425.0
404.0	282065.0
405.0	282374.0
406.0	281125.0
407.0	280749.0
408.0	281953.0
409.0	280738.0
410.0	280133.0
411.0	279590.0
412.0	279143.0
413.0	278354.0
414.0	277950.0
415.0	276073.0
416.0	275203.0
417.0	275713.0
418.0	275071.0
419.0	274825.0
420.0	272741.0
421.0	271257.0
422.0	270122.0
423.0	269460.0
424.0	267851.0
425.0	267273.0
426.0	266224.0
427.0	265729.0
428.0	264951.0
429.0	262467.0
430.0	261366.0
431.0	259508.0
432.0	258803.0
433.0	257138.0
434.0	255672.0
435.0	254081.0
436.0	253525.0
437.0	251067.0
438.0	251635.0
439.0	250020.0
440.0	247461.0
441.0	246624.0
442.0	244159.0
443.0	242798.0
444.0	241225.0
445.0	239689.0
446.0	237489.0
447.0	237061.0
448.0	235292.0
449.0	234442.0
450.0	232539.0
451.0	229799.0
452.0	228807.0
453.0	228264.0
454.0	225849.0
455.0	224528.0
456.0	222926.0
457.0	222563.0
458.0	219540.0
459.0	218416.0
460.0	217638.0
461.0	215970.0
462.0	214504.0
463.0	212040.0
464.0	210588.0
465.0	209388.0
466.0	207935.0
467.0	204871.0
468.0	204614.0
469.0	203092.0
470.0	201075.0
471.0	200412.0
472.0	198875.0
473.0	196844.0
474.0	194603.0
475.0	194118.0
476.0	192736.0
477.0	190911.0
478.0	188955.0
479.0	188378.0
480.0	186194.0
481.0	184757.0
482.0	184271.0
483.0	181901.0
484.0	180702.0
485.0	178985.0
486.0	178022.0
487.0	176113.0
488.0	174842.0
489.0	173153.0
490.0	171668.0
491.0	169762.0
492.0	168898.0
493.0	167987.0
494.0	166549.0
495.0	164517.0
496.0	163691.0
497.0	161234.0
498.0	160652.0
499.0	159219.0
500.0	158361.0
501.0	150212.0
502.0	149330.0
503.0	147484.0
504.0	145562.0
505.0	144888.0
506.0	142795.0
507.0	142049.0
508.0	139356.0
509.0	139536.0
510.0	137753.0
511.0	136348.0
512.0	134586.0
513.0	134815.0
514.0	134592.0
515.0	137392.0
516.0	130311.0
517.0	128231.0
518.0	127660.0
519.0	126582.0
520.0	124916.0
521.0	124414.0
522.0	123755.0
523.0	123207.0
524.0	122813.0
525.0	135926.0
526.0	196308.0
527.0	366563.0
528.0	700088.0
529.0	57896.0
530.0	56709.0
531.0	57386.0
532.0	56318.0
533.0	55886.0
534.0	55252.0
535.0	55026.0
536.0	54357.0
537.0	54241.0
538.0	53440.0
539.0	53432.0
540.0	53425.0
541.0	53206.0
542.0	53034.0
543.0	52772.0
544.0	52653.0
545.0	52816.0
546.0	53944.0
547.0	55396.0
548.0	58438.0
549.0	62930.0
550.0	66091.0
551.0	73365.0
552.0	78242.0
553.0	80807.0
554.0	81819.0
555.0	81146.0
556.0	80476.0
557.0	79219.0
558.0	78519.0
559.0	76683.0
560.0	76462.0
561.0	75552.0
562.0	74953.0
563.0	73179.0
564.0	72601.0
565.0	71362.0
566.0	70338.0
567.0	69470.0
568.0	68763.0
569.0	68086.0
570.0	66624.0
571.0	65206.0
572.0	64588.0
573.0	64199.0
574.0	62975.0
575.0	62247.0
576.0	61395.0
577.0	60421.0
578.0	59498.0
579.0	58400.0
580.0	58204.0
581.0	57054.0
582.0	56301.0
583.0	55327.0
584.0	54859.0
585.0	53967.0
586.0	53500.0
587.0	52711.0
588.0	52040.0
589.0	51137.0
590.0	49883.0
591.0	49233.0
592.0	48895.0
593.0	48098.0
594.0	46919.0
595.0	46379.0
596.0	45894.0
597.0	45280.0
598.0	44520.0
599.0	44049.0
600.0	43340.0
601.0	42891.0
602.0	42163.0
603.0	41307.0
604.0	40786.0
605.0	40187.0
606.0	39535.0
607.0	39047.0
608.0	38279.0
609.0	37575.0
610.0	36949.0
611.0	36114.0
612.0	36040.0
613.0	35322.0
614.0	34400.0
615.0	33821.0
616.0	34000.0
617.0	33136.0
618.0	32583.0
619.0	32376.0
620.0	31268.0
621.0	30738.0
622.0	30684.0
623.0	29893.0
624.0	29784.0
625.0	29010.0
626.0	28214.0
627.0	28497.0
628.0	27526.0
629.0	26934.0
630.0	26722.0
631.0	26039.0
632.0	25996.0
633.0	25671.0
634.0	24814.0
635.0	24383.0
636.0	24255.0
637.0	23312.0
638.0	23372.0
639.0	22531.0
640.0	22587.0
641.0	22105.0
642.0	21645.0
643.0	21185.0
644.0	20506.0
645.0	20298.0
646.0	20011.0
647.0	19680.0
648.0	19618.0
649.0	19084.0
650.0	19042.0
651.0	18268.0
652.0	17836.0
653.0	17789.0
654.0	17646.0
655.0	17108.0
656.0	16964.0
657.0	16375.0
658.0	16010.0
659.0	15503.0
660.0	15340.0
661.0	14918.0
662.0	14956.0
663.0	14756.0
664.0	14129.0
665.0	14180.0
666.0	13818.0
667.0	13534.0
668.0	13238.0
669.0	13067.0
670.0	13027.0
671.0	12505.0
672.0	12552.0
673.0	11970.0
674.0	11811.0
675.0	11605.0
676.0	11273.0
677.0	11040.0
678.0	10659.0
679.0	10733.0
680.0	10416.0
681.0	10355.0
682.0	10022.0
683.0	9847.0
684.0	9691.0
685.0	9516.0
686.0	9366.0
687.0	9179.0
688.0	9006.0
689.0	8757.0
690.0	8502.0
691.0	8638.0
692.0	8397.0
693.0	8119.0
694.0	8038.0
695.0	7813.0
696.0	7625.0
697.0	7573.0
698.0	7285.0
699.0	7165.0
700.0	7089.0
701.0	6873.0
702.0	6862.0
703.0	6703.0
704.0	6716.0
705.0	6413.0
706.0	6411.0
707.0	6187.0
708.0	6124.0
709.0	5880.0
710.0	5867.0
711.0	5603.0
712.0	5666.0
713.0	5586.0
714.0	5446.0
715.0	5296.0
716.0	5013.0
717.0	5118.0
718.0	4888.0
719.0	4875.0
720.0	4771.0
721.0	4744.0
722.0	4640.0
723.0	4562.0
724.0	4611.0
725.0	4157.0
726.0	4278.0
727.0	4163.0
728.0	4117.0
729.0	3975.0
730.0	3959.0
731.0	3742.0
732.0	3684.0
733.0	3613.0
734.0	3576.0
735.0	3400.0
736.0	3433.0
737.0	3345.0
738.0	3248.0
739.0	3222.0
740.0	3174.0
741.0	3129.0
742.0	3132.0
743.0	2978.0
744.0	2869.0
745.0	2896.0
746.0	2747.0
747.0	2827.0
748.0	2647.0
749.0	2639.0
750.0	2528.0
751.0	2580.0
752.0	2528.0
753.0	2452.0
754.0	2456.0
755.0	2316.0
756.0	2346.0
757.0	2284.0
758.0	2150.0
759.0	2197.0
760.0	2047.0
761.0	2075.0
762.0	1986.0
763.0	2069.0
764.0	1943.0
765.0	1926.0
766.0	1849.0
767.0	1906.0
768.0	1805.0
769.0	1762.0
770.0	1713.0
771.0	1804.0
772.0	1664.0
773.0	1640.0
774.0	1570.0
775.0	1566.0
776.0	1578.0
777.0	1442.0
778.0	1485.0
779.0	1403.0
780.0	1393.0
781.0	1383.0
782.0	1375.0
783.0	1292.0
784.0	1257.0
785.0	1266.0
786.0	1240.0
787.0	1203.0
788.0	1217.0
789.0	1176.0
790.0	1180.0
791.0	1077.0
792.0	1110.0
793.0	1064.0
794.0	1041.0
795.0	1021.0
796.0	973.0
797.0	979.0
798.0	965.0
799.0	974.0
800.0	995.0
801.0	940.0
802.0	909.0
803.0	877.0
804.0	860.0
805.0	816.0
806.0	866.0
807.0	838.0
808.0	781.0
809.0	824.0
810.0	787.0
811.0	793.0
812.0	780.0
813.0	767.0
814.0	720.0
815.0	724.0
816.0	733.0
817.0	705.0
818.0	663.0
819.0	688.0
820.0	690.0
821.0	671.0
822.0	625.0
823.0	618.0
824.0	690.0
825.0	601.0
826.0	629.0
827.0	606.0
828.0	604.0
829.0	558.0
830.0	545.0
831.0	554.0
832.0	521.0
833.0	528.0
834.0	525.0
835.0	523.0
836.0	505.0
837.0	465.0
838.0	484.0
839.0	435.0
840.0	508.0
841.0	465.0
842.0	482.0
843.0	460.0
844.0	447.0
845.0	456.0
846.0	447.0
847.0	409.0
848.0	414.0
849.0	448.0
850.0	399.0
851.0	377.0
852.0	397.0
853.0	382.0
854.0	356.0
855.0	389.0
856.0	333.0
857.0	338.0
858.0	305.0
859.0	354.0
860.0	337.0
861.0	357.0
862.0	317.0
863.0	314.0
864.0	283.0
865.0	326.0
866.0	287.0
867.0	315.0
868.0	332.0
869.0	314.0
870.0	302.0
871.0	270.0
872.0	295.0
873.0	290.0
874.0	265.0
875.0	261.0
876.0	283.0
877.0	298.0
878.0	283.0
879.0	267.0
880.0	274.0
881.0	236.0
882.0	250.0
883.0	288.0
884.0	259.0
885.0	251.0
886.0	256.0
887.0	236.0
888.0	243.0
889.0	224.0
890.0	189.0
891.0	215.0
892.0	223.0
893.0	195.0
894.0	214.0
895.0	207.0
896.0	211.0
897.0	228.0
898.0	224.0
899.0	198.0
900.0	212.0
901.0	196.0
902.0	189.0
903.0	200.0
904.0	182.0
905.0	186.0
906.0	196.0
907.0	200.0
908.0	170.0
909.0	208.0
910.0	205.0
911.0	174.0
912.0	164.0
913.0	143.0
914.0	168.0
915.0	179.0
916.0	146.0
917.0	208.0
918.0	154.0
919.0	146.0
920.0	166.0
921.0	151.0
922.0	150.0
923.0	185.0
924.0	163.0
925.0	140.0
926.0	145.0
927.0	161.0
928.0	150.0
929.0	174.0
930.0	159.0
931.0	166.0
932.0	149.0
933.0	145.0
934.0	149.0
935.0	132.0
936.0	137.0
937.0	123.0
938.0	155.0
939.0	136.0
940.0	121.0
941.0	146.0
942.0	130.0
943.0	115.0
944.0	154.0
945.0	137.0
946.0	124.0
947.0	91.0
948.0	160.0
949.0	140.0
950.0	125.0
951.0	141.0
952.0	113.0
953.0	133.0
954.0	120.0
