#Position (bp)	insert size	chromosomes
1473116.5	392.62955612886157	0.0
4419348.5	394.90539930163476	410.4003771213074
7365580.5	394.0683097105476	0.0
1.03118125E7	395.1107418309963	0.0
1.32580445E7	394.5348336855734	410.4003771213074
1.62042765E7	394.31886354782733	0.0
1.91505085E7	394.7129552197771	0.0
2.20967405E7	395.1050569136033	410.4003771213074
2.50429725E7	395.0121263843131	0.0
2.79892045E7	395.3467367591516	0.0
3.09354365E7	395.06543818774145	410.4003771213074
3.38816685E7	395.38460955340986	0.0
3.68279005E7	395.1553001607509	0.0
3.97741325E7	395.12572019500664	410.4003771213074
4.27203645E7	396.0540381087584	0.0
4.56665965E7	394.97633579376446	0.0
4.86128285E7	395.5294304101431	410.4003771213074
5.15590605E7	394.4396912402102	0.0
5.45052925E7	394.7554957603541	0.0
5.74515245E7	395.3134301998876	410.4003771213074
6.03977565E7	394.8621789773229	0.0
6.33439885E7	395.17067839392126	0.0
6.62902205E7	394.70290108659515	410.4003771213074
6.92364525E7	394.8424024825894	0.0
7.21826845E7	394.80860765023345	0.0
7.51289165E7	354.78155685094384	410.4003771213074
7.80751485E7	395.1076406606687	0.0
8.10213805E7	395.297229630436	0.0
8.39676125E7	395.1800016245634	410.4003771213074
8.69138445E7	395.2107184933281	0.0
8.98600765E7	394.0476922076444	0.0
9.28063085E7	395.0330473776565	410.4003771213074
9.57525405E7	395.600478709312	0.0
9.86987725E7	395.1000167367312	0.0
1.016450045E8	395.3141487244436	410.4003771213074
1.045912365E8	394.79730416299446	0.0
1.075374685E8	394.8477126727662	0.0
1.104837005E8	394.8225162634268	410.4003771213074
1.134299325E8	395.12901137436495	0.0
1.163761645E8	394.95049635074867	0.0
1.193223965E8	394.99867260025695	410.4003771213074
1.222686285E8	395.39698891326054	0.0
1.252148605E8	395.4568166182345	0.0
1.281610925E8	395.3769739735338	410.4003771213074
1.311073245E8	395.3504135203164	0.0
1.340535565E8	394.7280478189919	0.0
1.369997885E8	395.12262369505027	410.4003771213074
1.399460205E8	395.1154450097356	0.0
1.428922525E8	394.801893810674	0.0
1.458384845E8	395.14440037668874	410.4003771213074
1.487847165E8	395.40846259183024	0.0
1.517309485E8	394.8536634962889	0.0
1.546771805E8	395.19663273466034	410.4003771213074
1.576234125E8	395.06075501919304	0.0
1.605696445E8	394.6363915084366	0.0
1.635158765E8	395.4528511715305	410.4003771213074
1.664621085E8	394.8739910424254	0.0
1.694083405E8	395.34546754360883	0.0
1.723545725E8	394.99900924330956	410.4003771213074
1.753008045E8	395.093192390047	0.0
1.782470365E8	395.0223821127883	0.0
1.811932685E8	394.7984939379549	410.4003771213074
1.841395005E8	394.8109840059316	0.0
1.870857325E8	395.3526240611897	0.0
1.900319645E8	394.96555827455495	410.4003771213074
1.929781965E8	394.8993367800805	0.0
1.959244285E8	394.8869638996086	0.0
1.988706605E8	391.5428714241772	410.4003771213074
2.018168925E8	395.7560015780649	0.0
2.047631245E8	390.35435366179905	0.0
2.077093565E8	394.2464010968086	410.4003771213074
2.106555885E8	394.4211568087391	0.0
2.136018205E8	394.7658077599546	0.0
2.154737165E8	393.3311447021898	410.4003771213074
2.169468325E8	393.28025645199665	0.0
2.194942845E8	395.3084194348776	0.0
2.224405165E8	394.06834970092723	410.4003771213074
2.253867485E8	394.91620551911166	0.0
2.283329805E8	395.06133095813715	0.0
2.312792125E8	395.4702270993594	410.4003771213074
2.342254445E8	395.24783165871145	0.0
2.371716765E8	394.7100820252003	0.0
2.401179085E8	394.73967153977594	410.4003771213074
2.430641405E8	395.31276783579483	0.0
2.460103725E8	394.26314186066054	0.0
2.489566045E8	395.1105396233308	410.4003771213074
2.519028365E8	395.748828349694	0.0
2.548490685E8	395.02616405519717	0.0
2.577953005E8	395.3226923112522	410.4003771213074
2.607415325E8	394.82104563062296	0.0
2.636877645E8	395.51733296187956	0.0
2.666339965E8	394.98394097612265	410.4003771213074
2.695802285E8	395.214428149303	0.0
2.725264605E8	395.26063659912705	0.0
2.754726925E8	395.17385663636185	410.4003771213074
2.784189245E8	393.30421399306874	0.0
2.813651565E8	395.2792523421807	0.0
2.843113885E8	394.5885127541464	410.4003771213074
2.872576205E8	394.9409937619505	0.0
2.902038525E8	395.37094224283305	0.0
2.931500845E8	395.1774306248752	410.4003771213074
2.960963165E8	395.5283519568388	0.0
2.990425485E8	395.03901426609787	0.0
3.019887805E8	395.2908683825479	410.4003771213074
3.049350125E8	395.0058192261185	0.0
3.078812445E8	395.3169284642321	0.0
3.108274765E8	394.8010544612932	410.4003771213074
3.137737085E8	394.73730849513606	0.0
3.167199405E8	395.08079786906717	0.0
3.196661725E8	394.9544227263287	410.4003771213074
3.226124045E8	395.21211527555806	0.0
3.255586365E8	395.2280292973645	0.0
3.285048685E8	394.69795693999083	410.4003771213074
3.314511005E8	395.4996428472035	0.0
3.343973325E8	394.932843359871	0.0
3.373435645E8	395.14668210581914	410.4003771213074
3.402897965E8	395.08553250551927	0.0
3.432360285E8	394.90857266087215	0.0
3.461822605E8	395.11148006187864	410.4003771213074
3.491284925E8	395.1040103518838	0.0
3.520747245E8	394.9189687671011	0.0
3.550209565E8	395.2383971239423	410.4003771213074
3.579671885E8	394.95243928999236	0.0
3.609134205E8	395.032859894078	0.0
3.638596525E8	394.78458513137053	410.4003771213074
3.668058845E8	394.90017616473966	0.0
3.697521165E8	395.1149835178694	0.0
3.726983485E8	395.2998183680173	410.4003771213074
3.756445805E8	394.58906456961313	0.0
3.785908125E8	395.42668226930385	0.0
3.804938555E8	390.95496545645807	410.4003771213074
3.819669715E8	365.2698791540785	0.0
3.844832765E8	394.8229501314252	0.0
3.874295085E8	393.3610996484162	410.4003771213074
3.903757405E8	395.20462135995194	0.0
3.933219725E8	394.5260905296219	0.0
3.962682045E8	393.2805337467287	410.4003771213074
3.992144365E8	394.7420602758955	0.0
4.021606685E8	317.61907547537726	0.0
4.051069005E8	394.77674311926603	410.4003771213074
4.080531325E8	395.56145487303644	0.0
4.109993645E8	394.9024518257479	0.0
4.139455965E8	395.80496360207366	410.4003771213074
4.168918285E8	395.2012856904325	0.0
4.198380605E8	394.17514927927584	0.0
4.227842925E8	394.9400914491897	410.4003771213074
4.257305245E8	394.6703058706574	0.0
4.286767565E8	395.41611417961536	0.0
4.316229885E8	394.90444155869517	410.4003771213074
4.345692205E8	394.2748839461168	0.0
4.375154525E8	394.3644489134685	0.0
4.404616845E8	394.7775980815883	410.4003771213074
4.434079165E8	394.81875691918395	0.0
4.463541485E8	394.9545446124203	0.0
4.493003805E8	394.971094739372	410.4003771213074
4.522466125E8	395.1921647261343	0.0
4.551928445E8	394.81001975883146	0.0
4.581390765E8	395.0688115236973	410.4003771213074
4.610853085E8	395.0212669500917	0.0
4.640315405E8	394.78610086488646	0.0
4.669777725E8	394.78567946752224	410.4003771213074
4.699240045E8	394.8628994470996	0.0
4.728702365E8	394.4737905155744	0.0
4.758164685E8	395.25658893335174	410.4003771213074
4.787627005E8	394.58380876673397	0.0
4.817089325E8	395.2561006880636	0.0
4.846551645E8	394.9158513876984	410.4003771213074
4.876013965E8	394.8707006307523	0.0
4.905476285E8	394.90142000922083	0.0
4.934938605E8	395.5587262780305	410.4003771213074
4.964400925E8	395.5859584048423	0.0
4.993863245E8	394.9592951526096	0.0
5.023325565E8	395.27740840682117	410.4003771213074
5.05119797E8	393.06916523023887	0.0
5.06592913E8	393.74162351507766	0.0
5.082250205E8	394.15758599397043	410.4003771213074
5.111712525E8	394.97808543000804	0.0
5.141174845E8	394.73457483619893	0.0
5.170637165E8	394.5499201951007	410.4003771213074
5.200099485E8	394.7271968139774	0.0
5.229561805E8	394.5261252083719	0.0
5.259024125E8	362.28694508894046	410.4003771213074
5.288486445E8	394.99956216787	0.0
5.317948765E8	394.75157452138126	0.0
5.347411085E8	394.5554790685721	410.4003771213074
5.376873405E8	395.2016315689622	0.0
5.406335725E8	395.21946708801664	0.0
5.435798045E8	394.7484661940886	410.4003771213074
5.465260365E8	395.3587158520721	0.0
5.494722685E8	390.38958865060164	0.0
5.524185005E8	395.3779568915015	410.4003771213074
5.553647325E8	394.74492526540024	0.0
5.583109645E8	394.8974729719513	0.0
5.612571965E8	394.9955300009274	410.4003771213074
5.642034285E8	395.1107340324118	0.0
5.671496605E8	395.02691647308353	0.0
5.700958925E8	394.8770838197525	410.4003771213074
5.730421245E8	394.9433082002443	0.0
5.759883565E8	394.7207815955835	0.0
5.789345885E8	394.4650081846291	410.4003771213074
5.818808205E8	394.41514512990614	0.0
5.848270525E8	394.6701516218176	0.0
5.875864595E8	393.92981825705357	410.4003771213074
5.890595755E8	394.65379203602083	0.0
5.907195165E8	394.45643830281	0.0
5.936657485E8	395.0046458654256	410.4003771213074
5.966119805E8	395.05171422097504	0.0
5.995582125E8	395.154975038733	0.0
6.025044445E8	395.4134878507138	410.4003771213074
6.054506765E8	394.8369021636392	0.0
6.083969085E8	338.1732355343444	0.0
6.113431405E8	395.49011463396937	410.4003771213074
6.142893725E8	395.1143862141275	0.0
6.172356045E8	395.44867151892026	0.0
6.201818365E8	395.5707737610193	410.4003771213074
6.231280685E8	395.01178181511614	0.0
6.260743005E8	394.86371865855455	0.0
6.290205325E8	394.9511813858309	410.4003771213074
6.319667645E8	395.06895991100845	0.0
6.349129965E8	394.84791466922337	0.0
6.378592285E8	395.04579483311335	410.4003771213074
6.408054605E8	394.5479670052781	0.0
6.437516925E8	394.8754999566303	0.0
6.466979245E8	394.41367311038266	410.4003771213074
6.496441565E8	394.2945389611664	0.0
6.525903885E8	392.8612764604385	0.0
6.555366205E8	394.4565087203678	410.4003771213074
6.58437679E8	392.1164522563169	0.0
6.59910795E8	395.9630051223677	0.0
6.614290845E8	394.51903354625904	410.4003771213074
6.643753165E8	394.39255453240435	0.0
6.673215485E8	394.98055192699434	0.0
6.702677805E8	395.04831449350826	410.4003771213074
6.732140125E8	395.1557129134946	0.0
6.761602445E8	394.79951809043337	0.0
6.791064765E8	394.67296333215256	410.4003771213074
6.820527085E8	394.6654826719461	0.0
6.849989405E8	395.20544116759106	0.0
6.879451725E8	394.9964216087569	410.4003771213074
6.908914045E8	258.22884012539186	0.0
6.938376365E8	395.2251438861028	0.0
6.967838685E8	395.2136859414071	410.4003771213074
6.997301005E8	394.75842917814987	0.0
7.026763325E8	394.78565501701394	0.0
7.056225645E8	394.88142505944467	410.4003771213074
7.085687965E8	395.3747102735018	0.0
7.112236495E8	394.7759965811626	0.0
7.126967655E8	394.43336599706026	410.4003771213074
7.144612605E8	394.2702400893356	0.0
7.174074925E8	395.34113992113754	0.0
7.203537245E8	395.4473743775464	410.4003771213074
7.232999565E8	395.11160656225036	0.0
7.262461885E8	395.20888904974754	0.0
7.291924205E8	395.02325170830994	410.4003771213074
7.321386525E8	395.03799019607845	0.0
7.350848845E8	394.6266448881936	0.0
7.380311165E8	193.83740995710545	410.4003771213074
7.409773485E8	394.7777807936594	0.0
7.439235805E8	394.52719350671885	0.0
7.468698125E8	394.75030338962637	410.4003771213074
7.498160445E8	394.823384987635	0.0
7.527622765E8	394.8424829432433	0.0
7.557085085E8	395.00998956447285	410.4003771213074
7.586547405E8	394.564801888175	0.0
7.601416665E8	401.11728235598036	0.0
7.616147825E8	394.6789035303842	410.4003771213074
7.645472045E8	394.6520865483539	0.0
7.674934365E8	394.8878378478637	0.0
7.704396685E8	395.0113810121135	410.4003771213074
7.733859005E8	395.0774733495418	0.0
7.763321325E8	394.4557809472269	0.0
7.792783645E8	321.44405170398005	410.4003771213074
7.822245965E8	394.36675063379033	0.0
7.851708285E8	394.8536514794954	0.0
7.881170605E8	394.42496605466675	410.4003771213074
7.910632925E8	394.85462803127507	0.0
7.940095245E8	395.08738102081185	0.0
7.969557565E8	395.03574064754235	410.4003771213074
7.999019885E8	394.7369082990074	0.0
8.026961355E8	393.9408541044414	0.0
8.041692515E8	394.3098927294398	410.4003771213074
8.057944525E8	394.27055424655936	0.0
8.087406845E8	393.97957536850413	0.0
8.116869165E8	393.66226339618527	410.4003771213074
8.146331485E8	394.9077642170865	0.0
8.175793805E8	395.31210331602347
8.205256125E8	395.69866959496557
8.234718445E8	395.07474073084967
8.264180765E8	391.18618682239804
8.293643085E8	394.3841422713836
8.323105405E8	394.9649864666588
8.352567725E8	395.04859607365916
8.382030045E8	394.72718571691513
8.411492365E8	394.3249100381331
8.440954685E8	395.01004359948047
8.466781495E8	394.62091150028584
8.481512655E8	394.6785272167793
8.499879325E8	394.86486286549166
8.529341645E8	395.06630208537877
8.558803965E8	394.94575058478193
8.588266285E8	394.49355990908106
8.617728605E8	394.8369371291161
8.647190925E8	394.69535382002084
8.676653245E8	394.96929529332573
8.706115565E8	394.63493384866956
8.735577885E8	395.1537358143663
8.765040205E8	394.54262520613344
8.794502525E8	395.1696849808685
8.823964845E8	394.76870006296167
8.853427165E8	395.04517675360626
8.88046739E8	394.5060151423661
8.89519855E8	394.1992944473977
8.912351805E8	394.3348403450363
8.941814125E8	395.18875104589046
8.971276445E8	395.1328103156198
9.000738765E8	395.1207321481384
9.030201085E8	395.184095361147
9.059663405E8	394.98692239267154
9.089125725E8	394.30787927724543
9.118588045E8	394.92956690206864
9.148050365E8	259.5292339914984
9.177512685E8	394.98734147832346
9.206975005E8	395.3126569880413
9.236437325E8	394.98808151008814
9.265899645E8	394.63439377523883
9.281577005E8	391.11208920187795
9.296308165E8	386.5570354382789
9.324824285E8	395.0885233703082
9.354286605E8	394.23297068683604
9.383748925E8	394.4742377063627
9.413211245E8	394.73477014078316
9.442673565E8	394.82579779749733
9.472135885E8	395.0849045866687
9.501598205E8	394.88156009600027
9.531060525E8	395.22310542908843
9.560522845E8	394.88905023076
9.589985165E8	394.7018060693303
9.619447485E8	393.35009868531097
9.63608251E8	393.501788251433
9.65081367E8	394.29315393966186
9.678372125E8	395.01407608654523
9.707834445E8	394.66771818291556
9.737296765E8	395.16922546835684
9.766759085E8	395.3929484253765
9.796221405E8	365.45240715337343
9.825683725E8	386.5195756015535
9.855146045E8	394.91629915852354
9.884608365E8	395.1118927254884
9.914070685E8	395.1699990668714
9.943533005E8	394.6425009742093
9.96973979E8	394.79186270470205
9.98447095E8	271.83531752199184
1.0002457645E9	395.1248051373927
1.0031919965E9	394.3811408468401
1.0061382285E9	394.59526152869273
1.0090844605E9	394.8807508973321
1.0109513325E9	394.6173143689103
1.0124244485E9	394.58821783353784
1.0149769245E9	395.25126174040963
1.0179231565E9	394.85289714986345
1.0208693885E9	395.5865696047294
1.023418539E9	395.3989584644126
1.024891655E9	393.91394674976766
1.0267618525E9	394.47609655776944
1.0297080845E9	395.57927824951014
1.0326543165E9	394.2670000251697
1.034194805E9	394.76964128521126
1.035667921E9	394.42803688360283
1.0385467805E9	394.0829028861381
1.0414841345E9	348.3736798445599
1.0429572505E9	391.56377868706636
1.0444392445E9	395.2006311690056
1.0473854765E9	395.4252801198578
1.0500931455E9	394.92678381736016
1.0515662615E9	395.3950190552158
1.0532779405E9	394.99627764774976
1.0562241725E9	394.41934853261
1.0585794415E9	394.28608067461596
1.0600525575E9	394.858683029409
1.0621166365E9	394.86101154249735
1.0650628685E9	395.0847403792708
1.0668876105E9	394.8278993117265
1.0683607265E9	379.98563181990914
1.0709553325E9	394.09585145831846
1.0733928775E9	394.29340690704976
1.0748659935E9	287.7536231884058
1.0768477965E9	394.33344960178056
1.0794745915E9	376.85058280105375
1.0809477075E9	368.23516768907
1.082564658E9	388.37436000401567
1.084037774E9	390.28492501973165
1.085319423E9	389.4770001987501
1.086792539E9	387.14963186148657
1.087255665E9	389.7045815869345
1.088728781E9	393.2942340869881
1.0915789565E9	394.4379558162822
1.0945251885E9	395.3370443290973
1.0974714205E9	394.93739173471914
1.1004176525E9	394.9252199685098
1.1033638845E9	395.13861279170266
1.1063101165E9	394.90665108500735
1.1092563485E9	395.33158985589426
1.1122025805E9	394.8103969173774
1.1151488125E9	395.0441789091889
1.1180950445E9	395.3322003812367
1.1210412765E9	395.356081428348
1.1239875085E9	395.027527697375
1.1269337405E9	395.15805161834083
1.1298799725E9	394.60296147444484
1.1328262045E9	394.6901040847772
1.1357724365E9	394.0814122605101
1.1387186685E9	394.9161199219988
1.1416649005E9	395.20453250996735
1.1446111325E9	395.28323836913864
1.1475573645E9	395.38039320345166
1.1505035965E9	395.37193882585103
1.1534498285E9	395.2610933310267
1.1563960605E9	394.79279465251153
1.1593422925E9	395.2108683060397
1.1622885245E9	395.09174961820827
1.1652347565E9	395.1105451667563
1.1681809885E9	393.84923542294814
1.1707663265E9	394.36109215017063
1.1718881035E9	393.1898806139852
1.171912573E9	366.89384288747345
1.1719423915E9	262.23387096774195
1.1719716865E9	390.5359733618742
1.1719998695E9	373.61654135338347
1.1720271865E9	375.0251517779705
1.172053963E9	391.6946721311475
1.172080324E9	386.18045112781954
1.172105473E9	410.4003771213074
1.1721293445E9	387.73924731182797
1.1721530725E9	363.20963172804534
1.1721767445E9	387.56201550387595
1.1722002915E9	343.2710843373494
1.1722236575E9	298.296875
1.172246207E9	265.7428224828144
1.1722677735E9	308.1256281407035
1.1722889615E9	354.84
1.1723099925E9	401.73809523809524
1.1723290745E9	392.3230078032632
1.172344497E9	382.874251497006
1.1724758145E9	378.0024695423115
1.172785965E9	393.52069336199946
1.173312376E9	394.63779078064795
1.173847659E9	394.42649147727275
1.1742281915E9	374.1496009122007
1.1745383545E9	330.81762472523815
1.1747839385E9	359.0694420302451
1.175021832E9	183.72173185914707
1.1752406195E9	318.7487308868501
1.1754447675E9	390.5968653180244
1.1756302895E9	250.7265465353892
1.1758017095E9	394.6820373719108
1.1759743985E9	391.41174263740385
1.1761449175E9	394.4086393345217
1.1763080145E9	390.70447082596615
1.176454614E9	364.1208017334778
1.1765908095E9	300.85560675883255
1.1767148905E9	381.0279490341143
1.176828827E9	379.1501210653753
1.1769415455E9	391.7087831207066
1.1770466005E9	366.40013227513225
1.1771437885E9	92.19367884302606
1.177227665E9	373.339202965709
1.1772982075E9	392.46500346500346
1.1773658055E9	396.8226260144201
1.1774300485E9	163.18561370465042
1.1774925145E9	379.87728310502285
1.17755326E9	379.50108932461876
1.1776102095E9	96.43027461486939
1.177664105E9	377.69789983844913
1.177715901E9	393.372602739726
1.1777667665E9	388.68837209302325
1.177815724E9	385.3276138183482
1.1778623185E9	381.8447937131631
1.177908416E9	395.666737649063
1.1779522895E9	163.21368821292776
1.1779928755E9	376.4867469879518
1.178031512E9	249.36208236208236
1.178069269E9	393.6070798022599
1.1781066915E9	0.0
1.178143855E9	396.7284260515604
1.178180591E9	396.90815450643777
1.178216752E9	384.21378504672896
1.178252379E9	321.4607703281027
1.178286871E9	393.6929577464789
1.1783202805E9	360.0257510729614
1.1783530415E9	399.1964809384164
1.1783849895E9	287.15633423180594
1.1784162885E9	219.31775317753178
1.178447326E9	201.68571428571428
1.1784776715E9	395.00976329951897
