#Insert size (bp)	insert size
1.0	145.0
2.0	144.0
3.0	145.0
4.0	151.0
5.0	148.0
6.0	178.0
7.0	162.0
8.0	164.0
9.0	177.0
10.0	178.0
11.0	196.0
12.0	172.0
13.0	176.0
14.0	161.0
15.0	171.0
16.0	215.0
17.0	239.0
18.0	224.0
19.0	227.0
20.0	226.0
21.0	221.0
22.0	229.0
23.0	236.0
24.0	231.0
25.0	266.0
26.0	259.0
27.0	259.0
28.0	259.0
29.0	280.0
30.0	272.0
31.0	107.0
32.0	100.0
33.0	106.0
34.0	104.0
35.0	107.0
36.0	83.0
37.0	105.0
38.0	136.0
39.0	222.0
40.0	8490.0
41.0	8980.0
42.0	8805.0
43.0	8539.0
44.0	8778.0
45.0	9112.0
46.0	9419.0
47.0	9790.0
48.0	9934.0
49.0	9956.0
50.0	10132.0
51.0	9914.0
52.0	9705.0
53.0	9992.0
54.0	10278.0
55.0	10294.0
56.0	10575.0
57.0	10309.0
58.0	10172.0
59.0	11134.0
60.0	10740.0
61.0	10950.0
62.0	10851.0
63.0	10697.0
64.0	10625.0
65.0	10266.0
66.0	11187.0
67.0	10792.0
68.0	10634.0
69.0	10943.0
70.0	10315.0
71.0	10572.0
72.0	10318.0
73.0	11016.0
74.0	11166.0
75.0	11651.0
76.0	11084.0
77.0	11014.0
78.0	10997.0
79.0	11570.0
80.0	11278.0
81.0	11643.0
82.0	11031.0
83.0	10980.0
84.0	10667.0
85.0	10314.0
86.0	10762.0
87.0	11115.0
88.0	10676.0
89.0	10875.0
90.0	10265.0
91.0	10192.0
92.0	8894.0
93.0	10211.0
94.0	10284.0
95.0	9772.0
96.0	9409.0
97.0	9344.0
98.0	8477.0
99.0	9875.0
100.0	9916.0
101.0	9775.0
102.0	8911.0
103.0	8643.0
104.0	8212.0
105.0	8241.0
106.0	8986.0
107.0	8850.0
108.0	8791.0
109.0	8588.0
110.0	8373.0
111.0	7813.0
112.0	8052.0
113.0	8081.0
114.0	8232.0
115.0	7946.0
116.0	8046.0
117.0	7923.0
118.0	7335.0
119.0	8271.0
120.0	8101.0
121.0	8104.0
122.0	7874.0
123.0	7626.0
124.0	7558.0
125.0	6935.0
126.0	7610.0
127.0	7538.0
128.0	7457.0
129.0	7585.0
130.0	7188.0
131.0	7316.0
132.0	6269.0
133.0	7231.0
134.0	6862.0
135.0	6986.0
136.0	6770.0
137.0	6410.0
138.0	6388.0
139.0	6216.0
140.0	6282.0
141.0	6510.0
142.0	6356.0
143.0	6609.0
144.0	6261.0
145.0	6084.0
146.0	6211.0
147.0	5802.0
148.0	4969.0
149.0	5893.0
150.0	5696.0
151.0	5989.0
152.0	5871.0
153.0	5883.0
154.0	5664.0
155.0	5316.0
156.0	4909.0
157.0	5472.0
158.0	5422.0
159.0	5172.0
160.0	4965.0
161.0	5377.0
162.0	4778.0
163.0	4647.0
164.0	4091.0
165.0	4801.0
166.0	4620.0
167.0	4302.0
168.0	4457.0
169.0	4421.0
170.0	4257.0
171.0	3866.0
172.0	3647.0
173.0	4109.0
174.0	3971.0
175.0	3765.0
176.0	3874.0
177.0	3939.0
178.0	3739.0
179.0	3359.0
180.0	3328.0
181.0	3497.0
182.0	3583.0
183.0	3437.0
184.0	3772.0
185.0	3679.0
186.0	3446.0
187.0	3240.0
188.0	3146.0
189.0	3531.0
190.0	3372.0
191.0	3368.0
192.0	3454.0
193.0	3427.0
194.0	3464.0
195.0	3349.0
196.0	3375.0
197.0	3706.0
198.0	3620.0
199.0	3467.0
200.0	3666.0
201.0	3641.0
202.0	3618.0
203.0	3636.0
204.0	3636.0
205.0	3821.0
206.0	3746.0
207.0	3908.0
208.0	4022.0
209.0	4172.0
210.0	4260.0
211.0	4276.0
212.0	4181.0
213.0	4487.0
214.0	4639.0
215.0	4635.0
216.0	4851.0
217.0	5219.0
218.0	5343.0
219.0	5713.0
220.0	6242.0
221.0	6521.0
222.0	6762.0
223.0	7035.0
224.0	7177.0
225.0	7741.0
226.0	8040.0
227.0	8160.0
228.0	8721.0
229.0	8900.0
230.0	9195.0
231.0	9432.0
232.0	9984.0
233.0	10236.0
234.0	10555.0
235.0	10643.0
236.0	11331.0
237.0	11492.0
238.0	12250.0
239.0	12829.0
240.0	13026.0
241.0	13710.0
242.0	14057.0
243.0	14842.0
244.0	15379.0
245.0	15607.0
246.0	16511.0
247.0	17199.0
248.0	17540.0
249.0	18379.0
250.0	19019.0
251.0	19631.0
252.0	20427.0
253.0	21268.0
254.0	21867.0
255.0	22620.0
256.0	23443.0
257.0	24514.0
258.0	25489.0
259.0	26115.0
260.0	27356.0
261.0	28097.0
262.0	29050.0
263.0	29989.0
264.0	31246.0
265.0	32371.0
266.0	33431.0
267.0	34658.0
268.0	35950.0
269.0	37175.0
270.0	38439.0
271.0	39554.0
272.0	41029.0
273.0	42286.0
274.0	43747.0
275.0	44614.0
276.0	46130.0
277.0	47488.0
278.0	49699.0
279.0	51259.0
280.0	52984.0
281.0	54245.0
282.0	56105.0
283.0	57609.0
284.0	59512.0
285.0	60774.0
286.0	63124.0
287.0	64683.0
288.0	66810.0
289.0	68472.0
290.0	70821.0
291.0	72177.0
292.0	74447.0
293.0	77072.0
294.0	78334.0
295.0	80723.0
296.0	82857.0
297.0	84450.0
298.0	87046.0
299.0	89068.0
300.0	91019.0
301.0	93736.0
302.0	96462.0
303.0	98408.0
304.0	100516.0
305.0	103058.0
306.0	105632.0
307.0	108069.0
308.0	109852.0
309.0	112334.0
310.0	115021.0
311.0	117810.0
312.0	120005.0
313.0	122490.0
314.0	124663.0
315.0	128571.0
316.0	129976.0
317.0	132638.0
318.0	134863.0
319.0	137485.0
320.0	140401.0
321.0	142464.0
322.0	145359.0
323.0	148003.0
324.0	150108.0
325.0	153099.0
326.0	155417.0
327.0	158522.0
328.0	160817.0
329.0	162859.0
330.0	165659.0
331.0	167788.0
332.0	171516.0
333.0	174544.0
334.0	176797.0
335.0	178663.0
336.0	181365.0
337.0	185214.0
338.0	185287.0
339.0	187669.0
340.0	191377.0
341.0	193606.0
342.0	195690.0
343.0	198581.0
344.0	200916.0
345.0	203300.0
346.0	205006.0
347.0	206976.0
348.0	209955.0
349.0	211116.0
350.0	213968.0
351.0	217324.0
352.0	217648.0
353.0	220660.0
354.0	223116.0
355.0	225435.0
356.0	225957.0
357.0	228564.0
358.0	231334.0
359.0	232419.0
360.0	233823.0
361.0	234154.0
362.0	236758.0
363.0	240407.0
364.0	240798.0
365.0	243321.0
366.0	244399.0
367.0	246379.0
368.0	247196.0
369.0	247395.0
370.0	250065.0
371.0	252013.0
372.0	252307.0
373.0	254505.0
374.0	256290.0
375.0	256963.0
376.0	257831.0
377.0	259582.0
378.0	259133.0
379.0	261148.0
380.0	261585.0
381.0	264119.0
382.0	264715.0
383.0	265425.0
384.0	265638.0
385.0	265360.0
386.0	266771.0
387.0	267377.0
388.0	268501.0
389.0	269596.0
390.0	268062.0
391.0	266939.0
392.0	269676.0
393.0	269444.0
394.0	270169.0
395.0	270160.0
396.0	270005.0
397.0	269796.0
398.0	271367.0
399.0	270149.0
400.0	270653.0
401.0	270222.0
402.0	270228.0
403.0	271249.0
404.0	270038.0
405.0	268573.0
406.0	269671.0
407.0	268345.0
408.0	268654.0
409.0	267606.0
410.0	268718.0
411.0	267838.0
412.0	266035.0
413.0	265926.0
414.0	266155.0
415.0	264641.0
416.0	262745.0
417.0	263092.0
418.0	262624.0
419.0	261565.0
420.0	261756.0
421.0	259777.0
422.0	258407.0
423.0	257764.0
424.0	256730.0
425.0	254565.0
426.0	253207.0
427.0	253945.0
428.0	252481.0
429.0	250585.0
430.0	249991.0
431.0	248556.0
432.0	247105.0
433.0	245022.0
434.0	243733.0
435.0	243335.0
436.0	242003.0
437.0	239641.0
438.0	239096.0
439.0	237354.0
440.0	235834.0
441.0	234806.0
442.0	233290.0
443.0	231895.0
444.0	230311.0
445.0	228641.0
446.0	226945.0
447.0	226202.0
448.0	224778.0
449.0	223664.0
450.0	221765.0
451.0	219848.0
452.0	218745.0
453.0	217608.0
454.0	215299.0
455.0	215511.0
456.0	213352.0
457.0	211805.0
458.0	211086.0
459.0	209159.0
460.0	208075.0
461.0	205954.0
462.0	203934.0
463.0	202444.0
464.0	201753.0
465.0	201011.0
466.0	198808.0
467.0	195954.0
468.0	194880.0
469.0	195007.0
470.0	193393.0
471.0	190973.0
472.0	189689.0
473.0	188907.0
474.0	186875.0
475.0	185964.0
476.0	184745.0
477.0	182329.0
478.0	181157.0
479.0	180006.0
480.0	179150.0
481.0	176644.0
482.0	175265.0
483.0	174845.0
484.0	172167.0
485.0	170672.0
486.0	170211.0
487.0	168769.0
488.0	167476.0
489.0	166135.0
490.0	164906.0
491.0	164553.0
492.0	162559.0
493.0	160862.0
494.0	159783.0
495.0	158698.0
496.0	157780.0
497.0	155354.0
498.0	155051.0
499.0	154098.0
500.0	153864.0
501.0	138709.0
502.0	137142.0
503.0	136243.0
504.0	134572.0
505.0	133018.0
506.0	132185.0
507.0	130771.0
508.0	128943.0
509.0	127603.0
510.0	126883.0
511.0	125776.0
512.0	124703.0
513.0	123407.0
514.0	123467.0
515.0	124646.0
516.0	118624.0
517.0	118522.0
518.0	116586.0
519.0	115543.0
520.0	113931.0
521.0	113855.0
522.0	112813.0
523.0	111430.0
524.0	112463.0
525.0	121881.0
526.0	160581.0
527.0	260989.0
528.0	457297.0
529.0	54263.0
530.0	54030.0
531.0	53951.0
532.0	54696.0
533.0	54958.0
534.0	54711.0
535.0	55120.0
536.0	55043.0
537.0	56587.0
538.0	57400.0
539.0	58802.0
540.0	60264.0
541.0	62172.0
542.0	64301.0
543.0	66730.0
544.0	68959.0
545.0	71330.0
546.0	73079.0
547.0	74992.0
548.0	76178.0
549.0	76859.0
550.0	76643.0
551.0	77083.0
552.0	76219.0
553.0	75506.0
554.0	74260.0
555.0	73464.0
556.0	72996.0
557.0	71790.0
558.0	70815.0
559.0	69817.0
560.0	69128.0
561.0	68219.0
562.0	67165.0
563.0	66663.0
564.0	65565.0
565.0	65052.0
566.0	64138.0
567.0	62984.0
568.0	62157.0
569.0	61740.0
570.0	60352.0
571.0	58831.0
572.0	59029.0
573.0	58420.0
574.0	57355.0
575.0	56407.0
576.0	55649.0
577.0	55006.0
578.0	54142.0
579.0	53076.0
580.0	52988.0
581.0	51580.0
582.0	50940.0
583.0	50112.0
584.0	49791.0
585.0	48899.0
586.0	48468.0
587.0	47935.0
588.0	47128.0
589.0	46169.0
590.0	45537.0
591.0	44725.0
592.0	43949.0
593.0	43439.0
594.0	42873.0
595.0	42564.0
596.0	41405.0
597.0	40985.0
598.0	40099.0
599.0	39793.0
600.0	39461.0
601.0	38695.0
602.0	38320.0
603.0	37298.0
604.0	37396.0
605.0	36591.0
606.0	36131.0
607.0	35516.0
608.0	34610.0
609.0	34291.0
610.0	33907.0
611.0	33077.0
612.0	32843.0
613.0	32084.0
614.0	31735.0
615.0	31067.0
616.0	30455.0
617.0	30142.0
618.0	29437.0
619.0	29042.0
620.0	28595.0
621.0	28086.0
622.0	27733.0
623.0	27303.0
624.0	26807.0
625.0	26676.0
626.0	26009.0
627.0	25801.0
628.0	24729.0
629.0	25034.0
630.0	24265.0
631.0	24127.0
632.0	23472.0
633.0	23120.0
634.0	22624.0
635.0	22385.0
636.0	22119.0
637.0	21550.0
638.0	21203.0
639.0	20909.0
640.0	20344.0
641.0	20225.0
642.0	19712.0
643.0	19458.0
644.0	18908.0
645.0	18832.0
646.0	18437.0
647.0	18115.0
648.0	17971.0
649.0	17649.0
650.0	17171.0
651.0	16555.0
652.0	16391.0
653.0	16327.0
654.0	15821.0
655.0	15664.0
656.0	15194.0
657.0	15131.0
658.0	14646.0
659.0	14590.0
660.0	14033.0
661.0	13808.0
662.0	13455.0
663.0	13497.0
664.0	13095.0
665.0	12874.0
666.0	12777.0
667.0	12576.0
668.0	12363.0
669.0	11981.0
670.0	11883.0
671.0	11560.0
672.0	11221.0
673.0	11249.0
674.0	11025.0
675.0	10675.0
676.0	10314.0
677.0	10224.0
678.0	10068.0
679.0	10011.0
680.0	9901.0
681.0	9619.0
682.0	9435.0
683.0	9250.0
684.0	9260.0
685.0	8712.0
686.0	8665.0
687.0	8455.0
688.0	8339.0
689.0	8127.0
690.0	8215.0
691.0	7897.0
692.0	7865.0
693.0	7552.0
694.0	7289.0
695.0	7325.0
696.0	7159.0
697.0	7062.0
698.0	6810.0
699.0	6747.0
700.0	6580.0
701.0	6613.0
702.0	6256.0
703.0	6274.0
704.0	6135.0
705.0	6154.0
706.0	5868.0
707.0	5857.0
708.0	5674.0
709.0	5395.0
710.0	5533.0
711.0	5420.0
712.0	5302.0
713.0	5185.0
714.0	5112.0
715.0	4981.0
716.0	4867.0
717.0	4613.0
718.0	4700.0
719.0	4584.0
720.0	4598.0
721.0	4344.0
722.0	4396.0
723.0	4217.0
724.0	4171.0
725.0	4060.0
726.0	4032.0
727.0	4046.0
728.0	3867.0
729.0	3655.0
730.0	3806.0
731.0	3685.0
732.0	3600.0
733.0	3527.0
734.0	3468.0
735.0	3436.0
736.0	3321.0
737.0	3200.0
738.0	3249.0
739.0	3187.0
740.0	3114.0
741.0	2982.0
742.0	2929.0
743.0	2815.0
744.0	2820.0
745.0	2733.0
746.0	2710.0
747.0	2665.0
748.0	2557.0
749.0	2540.0
750.0	2512.0
751.0	2477.0
752.0	2447.0
753.0	2398.0
754.0	2384.0
755.0	2324.0
756.0	2391.0
757.0	2299.0
758.0	2077.0
759.0	2047.0
760.0	2048.0
761.0	2067.0
762.0	2062.0
763.0	2038.0
764.0	1902.0
765.0	1952.0
766.0	1911.0
767.0	1850.0
768.0	1736.0
769.0	1746.0
770.0	1785.0
771.0	1782.0
772.0	1704.0
773.0	1642.0
774.0	1681.0
775.0	1572.0
776.0	1573.0
777.0	1478.0
778.0	1473.0
779.0	1400.0
780.0	1377.0
781.0	1413.0
782.0	1469.0
783.0	1363.0
784.0	1389.0
785.0	1277.0
786.0	1247.0
787.0	1277.0
788.0	1253.0
789.0	1187.0
790.0	1219.0
791.0	1192.0
792.0	1179.0
793.0	1131.0
794.0	1132.0
795.0	1096.0
796.0	1080.0
797.0	1010.0
798.0	1070.0
799.0	1004.0
800.0	1050.0
801.0	949.0
802.0	1033.0
803.0	952.0
804.0	998.0
805.0	921.0
806.0	900.0
807.0	956.0
808.0	912.0
809.0	837.0
810.0	815.0
811.0	833.0
812.0	822.0
813.0	836.0
814.0	856.0
815.0	772.0
816.0	810.0
817.0	768.0
818.0	768.0
819.0	747.0
820.0	726.0
821.0	752.0
822.0	728.0
823.0	761.0
824.0	701.0
825.0	722.0
826.0	663.0
827.0	719.0
828.0	577.0
829.0	703.0
830.0	646.0
831.0	652.0
832.0	632.0
833.0	634.0
834.0	643.0
835.0	635.0
836.0	600.0
837.0	605.0
838.0	600.0
839.0	549.0
840.0	569.0
841.0	530.0
842.0	592.0
843.0	546.0
844.0	569.0
845.0	491.0
846.0	493.0
847.0	549.0
848.0	524.0
849.0	478.0
850.0	521.0
851.0	493.0
852.0	505.0
853.0	507.0
854.0	485.0
855.0	428.0
856.0	461.0
857.0	478.0
858.0	449.0
859.0	454.0
860.0	442.0
861.0	419.0
862.0	457.0
863.0	421.0
864.0	440.0
865.0	427.0
866.0	397.0
867.0	418.0
868.0	440.0
869.0	391.0
870.0	407.0
871.0	392.0
872.0	382.0
873.0	424.0
874.0	390.0
875.0	385.0
876.0	354.0
877.0	356.0
878.0	358.0
879.0	393.0
880.0	371.0
881.0	369.0
882.0	402.0
883.0	414.0
884.0	330.0
885.0	337.0
886.0	335.0
887.0	403.0
888.0	362.0
889.0	340.0
890.0	369.0
891.0	338.0
892.0	338.0
893.0	315.0
894.0	368.0
895.0	320.0
896.0	313.0
897.0	331.0
898.0	304.0
899.0	320.0
900.0	326.0
901.0	324.0
902.0	290.0
903.0	298.0
904.0	293.0
905.0	327.0
906.0	310.0
907.0	316.0
908.0	312.0
909.0	291.0
910.0	275.0
911.0	276.0
912.0	248.0
913.0	276.0
914.0	280.0
915.0	297.0
916.0	279.0
917.0	292.0
918.0	313.0
919.0	256.0
920.0	302.0
921.0	244.0
922.0	256.0
923.0	288.0
924.0	280.0
925.0	245.0
926.0	324.0
927.0	243.0
928.0	279.0
929.0	254.0
930.0	270.0
931.0	239.0
932.0	262.0
933.0	277.0
934.0	274.0
935.0	264.0
936.0	260.0
937.0	260.0
938.0	268.0
939.0	281.0
940.0	288.0
941.0	250.0
942.0	281.0
943.0	237.0
944.0	255.0
945.0	236.0
946.0	239.0
947.0	224.0
948.0	249.0
949.0	244.0
950.0	233.0
951.0	223.0
952.0	244.0
953.0	219.0
954.0	229.0
955.0	238.0
956.0	223.0
957.0	231.0
958.0	289.0
