#Position (bp)	mapping quality
1473116.5	20.33371137174938
4419348.5	25.325295943766577
7365580.5	26.614589774046458
1.03118125E7	25.874531504834742
1.32580445E7	26.220093282504365
1.62042765E7	26.56644733084582
1.91505085E7	23.92934367813572
2.20967405E7	26.269329849320425
2.50429725E7	25.459358208166808
2.79892045E7	27.99569550560401
3.09354365E7	26.0953622251286
3.38816685E7	26.788755921574253
3.68279005E7	26.617541125349646
3.97741325E7	27.069372796553687
4.27203645E7	26.114852860703905
4.56665965E7	25.858495029086114
4.86128285E7	26.95756139767778
5.15590605E7	27.155538133614115
5.45052925E7	26.63235407650395
5.74515245E7	28.143028641371632
6.03977565E7	27.65979677519039
6.33439885E7	26.5050115222003
6.62902205E7	25.84281114272124
6.92364525E7	27.115019140814976
7.21826845E7	26.78548491106491
7.51289165E7	13.496472362911769
7.80751485E7	25.494210550541094
8.10213805E7	27.85860784320119
8.39676125E7	25.261407722043526
8.69138445E7	26.79035144113459
8.98600765E7	29.1081173090932
9.28063085E7	26.803445961287217
9.57525405E7	26.149973977722073
9.86987725E7	25.565074858375727
1.016450045E8	26.762066685351634
1.045912365E8	25.06592824387718
1.075374685E8	26.4455346020699
1.104837005E8	22.024796959905327
1.134299325E8	26.072543789831293
1.163761645E8	28.144840445050683
1.193223965E8	25.667069960080237
1.222686285E8	27.075827909661506
1.252148605E8	25.602254730155767
1.281610925E8	24.85946235604618
1.311073245E8	26.57569604591762
1.340535565E8	25.82493413873312
1.369997885E8	24.81757616269278
1.399460205E8	23.57031771726522
1.428922525E8	26.420584276900158
1.458384845E8	27.52209645539925
1.487847165E8	26.569198032643115
1.517309485E8	26.799088810464898
1.546771805E8	25.23620966911787
1.576234125E8	26.472468323153254
1.605696445E8	24.190722948541858
1.635158765E8	18.642424522326834
1.664621085E8	20.59913221668306
1.694083405E8	24.607893851296474
1.723545725E8	24.998231014429713
1.753008045E8	22.266295935375073
1.782470365E8	22.203148827003858
1.811932685E8	24.663515746445047
1.841395005E8	26.012331817048565
1.870857325E8	26.647890175868376
1.900319645E8	26.240739806959432
1.929781965E8	25.75113759610905
1.959244285E8	26.13138492193024
1.988706605E8	24.923686769572434
2.018168925E8	25.42771353528569
2.047631245E8	23.490949740809285
2.077093565E8	21.94330780657298
2.106555885E8	23.542089930843392
2.136018205E8	19.809349820798474
2.154737165E8	18.064051429946538
2.169468325E8	22.28544113307405
2.194942845E8	24.631750458982584
2.224405165E8	26.80906506680287
2.253867485E8	26.592925637617288
2.283329805E8	27.407972906466366
2.312792125E8	27.460752979873565
2.342254445E8	27.015738131014587
2.371716765E8	26.649514481748852
2.401179085E8	27.655500222839567
2.430641405E8	27.46670471260544
2.460103725E8	26.171586457090864
2.489566045E8	27.984472891993263
2.519028365E8	28.16223190265476
2.548490685E8	28.44648993803909
2.577953005E8	27.533851365975984
2.607415325E8	26.37554946166798
2.636877645E8	26.906519342393846
2.666339965E8	26.153843830572978
2.695802285E8	25.447120268397637
2.725264605E8	28.164033205463667
2.754726925E8	25.695640114776193
2.784189245E8	19.325189864868126
2.813651565E8	22.89302228912438
2.843113885E8	27.3688674062261
2.872576205E8	27.43747654860722
2.902038525E8	27.600907981532956
2.931500845E8	25.40186676619118
2.960963165E8	23.0792260042193
2.990425485E8	24.375615250506186
3.019887805E8	25.14078952010655
3.049350125E8	26.254494941934652
3.078812445E8	23.91923759676217
3.108274765E8	26.006063203517925
3.137737085E8	27.066448032213657
3.167199405E8	26.182586135888346
3.196661725E8	23.431456722698336
3.226124045E8	25.610511322540347
3.255586365E8	27.045857415404523
3.285048685E8	26.33277923874796
3.314511005E8	27.2240580113107
3.343973325E8	27.471958476661875
3.373435645E8	25.447856697454277
3.402897965E8	26.49401617336563
3.432360285E8	27.378003100429304
3.461822605E8	27.95716560111866
3.491284925E8	26.216051793132678
3.520747245E8	24.35447012924817
3.550209565E8	27.563990996049984
3.579671885E8	26.634151830612893
3.609134205E8	24.539900067327487
3.638596525E8	24.753094909293452
3.668058845E8	26.95095164120299
3.697521165E8	25.86347363301521
3.726983485E8	23.46467969725037
3.756445805E8	23.460953846344193
3.785908125E8	19.774156517143503
3.804938555E8	15.008186979551896
3.819669715E8	16.225914439872003
3.844832765E8	26.77479373878638
3.874295085E8	24.473010214821215
3.903757405E8	23.04344524219512
3.933219725E8	24.52429325352508
3.962682045E8	25.536432105022897
3.992144365E8	26.348248101608263
4.021606685E8	20.369993880794723
4.051069005E8	29.082817479785387
4.080531325E8	27.6633326933468
4.109993645E8	27.822897348374745
4.139455965E8	26.977806085622547
4.168918285E8	27.287338662568125
4.198380605E8	21.34051617449108
4.227842925E8	25.967918895575185
4.257305245E8	26.910324224807493
4.286767565E8	26.663746206709206
4.316229885E8	26.69949866917756
4.345692205E8	25.73141914931177
4.375154525E8	26.26527342661918
4.404616845E8	26.477930508243958
4.434079165E8	27.234370624648808
4.463541485E8	26.761606347190085
4.493003805E8	26.912218321235617
4.522466125E8	25.5512272267264
4.551928445E8	26.718676957372253
4.581390765E8	26.072512285047296
4.610853085E8	26.789574813077603
4.640315405E8	25.760693196748107
4.669777725E8	26.438713554257934
4.699240045E8	24.531185221378742
4.728702365E8	25.726594900761853
4.758164685E8	23.692222620730973
4.787627005E8	20.542006384020926
4.817089325E8	25.20368093440555
4.846551645E8	26.135567257048233
4.876013965E8	26.387151214410235
4.905476285E8	25.206694974089256
4.934938605E8	25.324408638543375
4.964400925E8	26.400007525675395
4.993863245E8	24.9262782710677
5.023325565E8	23.171474673159832
5.05119797E8	21.046550032712428
5.06592913E8	11.426255675590875
5.082250205E8	13.24325909570717
5.111712525E8	22.259255091393822
5.141174845E8	24.952161117130625
5.170637165E8	24.31002852958425
5.200099485E8	25.638551005655184
5.229561805E8	27.3983553008208
5.259024125E8	21.610629142576254
5.288486445E8	26.779727701311455
5.317948765E8	27.33893969585056
5.347411085E8	26.28088138681142
5.376873405E8	25.829990753325237
5.406335725E8	27.115860760120754
5.435798045E8	24.614092760757245
5.465260365E8	24.2044538338879
5.494722685E8	27.558070440389287
5.524185005E8	25.94395502441881
5.553647325E8	28.35005871765139
5.583109645E8	26.06546790971055
5.612571965E8	25.99856043959057
5.642034285E8	27.25473542711901
5.671496605E8	26.85171798286256
5.700958925E8	23.769340095067502
5.730421245E8	25.135555184194835
5.759883565E8	24.412647247152492
5.789345885E8	24.014294505347888
5.818808205E8	21.604816910994234
5.848270525E8	21.07935727980907
5.875864595E8	17.920940289736357
5.890595755E8	19.727393583808073
5.907195165E8	21.18541800703162
5.936657485E8	25.171282405348986
5.966119805E8	26.983484819349506
5.995582125E8	26.898066500349323
6.025044445E8	26.609069592642467
6.054506765E8	27.218070335227285
6.083969085E8	20.52147503815325
6.113431405E8	26.412069608678298
6.142893725E8	27.671858416494366
6.172356045E8	26.0999741056481
6.201818365E8	26.867659086790336
6.231280685E8	27.720605663695526
6.260743005E8	27.209939925912245
6.290205325E8	27.637442204618885
6.319667645E8	28.335733732051235
6.349129965E8	25.786266632432017
6.378592285E8	26.352010390174538
6.408054605E8	26.571553541103075
6.437516925E8	28.357427069933888
6.466979245E8	26.750045349745665
6.496441565E8	27.60291492631937
6.525903885E8	15.139962108999883
6.555366205E8	24.366334193633204
6.58437679E8	20.082381977854084
6.59910795E8	22.034037761187765
6.614290845E8	22.783329529616797
6.643753165E8	23.37374845284224
6.673215485E8	24.101632028034196
6.702677805E8	26.215374111867703
6.732140125E8	27.110712336036986
6.761602445E8	26.862045861675686
6.791064765E8	24.565412765109862
6.820527085E8	26.887657055040123
6.849989405E8	24.628808872457316
6.879451725E8	22.66704413752903
6.908914045E8	12.060718366577136
6.938376365E8	23.70003872175751
6.967838685E8	26.47423312087861
6.997301005E8	27.074018742589125
7.026763325E8	24.67189906383207
7.056225645E8	26.125903152094033
7.085687965E8	25.46993264674153
7.112236495E8	24.649501502207652
7.126967655E8	20.277182572234942
7.144612605E8	23.678210230859587
7.174074925E8	23.963677375785835
7.203537245E8	27.24066517471255
7.232999565E8	27.140454532114326
7.262461885E8	28.466286236064782
7.291924205E8	26.699663894976673
7.321386525E8	24.07983817306635
7.350848845E8	22.747005376198366
7.380311165E8	7.068912914256387
7.409773485E8	27.866433235153075
7.439235805E8	28.462902252062
7.468698125E8	28.47896079865704
7.498160445E8	28.06079201994649
7.527622765E8	28.380964519318713
7.557085085E8	25.590563332000478
7.586547405E8	24.63093317190646
7.601416665E8	1.6711477486246387
7.616147825E8	23.714222215984094
7.645472045E8	25.804793187916864
7.674934365E8	26.499186303500874
7.704396685E8	27.348870823290763
7.733859005E8	27.263797742188096
7.763321325E8	24.684389025701062
7.792783645E8	17.219692945400592
7.822245965E8	22.85789023684946
7.851708285E8	27.019520545979777
7.881170605E8	27.48563471332559
7.910632925E8	28.394134858025833
7.940095245E8	27.703041264620353
7.969557565E8	27.676322404963955
7.999019885E8	29.043389671747576
8.026961355E8	22.42444193343128
8.041692515E8	21.130576570202408
8.057944525E8	21.343634960237996
8.087406845E8	25.68987744988694
8.116869165E8	26.526374317932905
8.146331485E8	26.769338459732538
8.175793805E8	28.84230569100328
8.205256125E8	27.216166516725064
8.234718445E8	27.575237934023402
8.264180765E8	24.188276249421477
8.293643085E8	24.621667025692737
8.323105405E8	26.928311093121078
8.352567725E8	28.495330548577012
8.382030045E8	27.10639675410502
8.411492365E8	25.199371812730416
8.440954685E8	22.76276216794466
8.466781495E8	22.5661083433592
8.481512655E8	19.556662316094865
8.499879325E8	21.3314504201691
8.529341645E8	21.298892363506184
8.558803965E8	25.97405930039695
8.588266285E8	25.677930462676127
8.617728605E8	26.531725051763555
8.647190925E8	28.317145670595266
8.676653245E8	28.732235676700604
8.706115565E8	26.57749913297544
8.735577885E8	27.046713977242796
8.765040205E8	27.069812692772604
8.794502525E8	27.60366546154975
8.823964845E8	25.986053722605234
8.853427165E8	23.432238607930852
8.88046739E8	21.108581085849874
8.89519855E8	18.219274516930522
8.912351805E8	22.194074191721516
8.941814125E8	26.072579690836488
8.971276445E8	27.306560497589427
9.000738765E8	28.39273206318267
9.030201085E8	26.65231654984561
9.059663405E8	25.86353319026575
9.089125725E8	23.954457438019638
9.118588045E8	25.462029337954277
9.148050365E8	14.82848326024327
9.177512685E8	24.741402435139527
9.206975005E8	26.34809543042945
9.236437325E8	25.71939436228189
9.265899645E8	23.62967850337534
9.281577005E8	24.084903074024602
9.296308165E8	15.948765761045212
9.324824285E8	21.597116315654
9.354286605E8	24.811180090148646
9.383748925E8	25.1889381842298
9.413211245E8	26.45272791501198
9.442673565E8	27.5940885659406
9.472135885E8	29.169896452338776
9.501598205E8	28.60826702415705
9.531060525E8	28.255902820653272
9.560522845E8	28.254156458416066
9.589985165E8	27.719945363631332
9.619447485E8	21.833408587136446
9.63608251E8	15.87900455697123
9.65081367E8	24.051106038217803
9.678372125E8	23.74648473352054
9.707834445E8	27.108414107546253
9.737296765E8	26.243446158101317
9.766759085E8	24.7589199583244
9.796221405E8	18.378919996467886
9.825683725E8	21.436416193913857
9.855146045E8	27.051024162970098
9.884608365E8	27.289588981365476
9.914070685E8	28.051853636714952
9.943533005E8	24.210540763701538
9.96973979E8	22.574436997364494
9.98447095E8	10.231369550072829
1.0002457645E9	24.369429851618808
1.0031919965E9	25.825185860007664
1.0061382285E9	27.285284099888468
1.0090844605E9	25.023320674051316
1.0109513325E9	23.447673489803186
1.0124244485E9	23.570059624616924
1.0149769245E9	26.754446184491826
1.0179231565E9	27.471701929483398
1.0208693885E9	24.13162055427768
1.023418539E9	23.385726306267525
1.024891655E9	21.878778345602544
1.0267618525E9	24.134800901183254
1.0297080845E9	26.68840965391982
1.0326543165E9	23.375213463639408
1.034194805E9	2.1633097892542423
1.035667921E9	24.130013110707488
1.0385467805E9	23.262359602268173
1.0414841345E9	17.309578617815017
1.0429572505E9	1.5960316048439933
1.0444392445E9	20.476149064982216
1.0473854765E9	26.396935573414147
1.0500931455E9	23.03728772741188
1.0515662615E9	16.788771302424575
1.0532779405E9	16.882856785672928
1.0562241725E9	22.664942625371115
1.0585794415E9	23.580659556771945
1.0600525575E9	22.058304791441767
1.0621166365E9	23.040416496060878
1.0650628685E9	23.918663652682927
1.0668876105E9	25.37020877435606
1.0683607265E9	16.883918926893713
1.0709553325E9	19.837851569101076
1.0733928775E9	24.803611715092682
1.0748659935E9	9.945981013316517
1.0768477965E9	22.60961000534131
1.0794745915E9	22.567160886376715
1.0809477075E9	16.849781499877974
1.082564658E9	19.600548242286308
1.084037774E9	5.1245087196814
1.085319423E9	22.219668921210495
1.086792539E9	12.190552303531184
1.087255665E9	16.67522986763666
1.088728781E9	19.575283961611557
1.0915789565E9	22.185204974007235
1.0945251885E9	21.202133135099377
1.0974714205E9	24.086060475547562
1.1004176525E9	23.58172702607813
1.1033638845E9	23.818098215796937
1.1063101165E9	24.74438634971876
1.1092563485E9	22.360593171470406
1.1122025805E9	23.99447489941463
1.1151488125E9	24.214101890184363
1.1180950445E9	23.258141755345356
1.1210412765E9	22.48717299634891
1.1239875085E9	24.820231346449457
1.1269337405E9	23.198296225041698
1.1298799725E9	23.35544453446457
1.1328262045E9	23.409217269842138
1.1357724365E9	20.116675850188457
1.1387186685E9	23.088739809893944
1.1416649005E9	23.73339277950757
1.1446111325E9	21.21165596120543
1.1475573645E9	22.207162333514987
1.1505035965E9	24.16909837670751
1.1534498285E9	22.99332001534265
1.1563960605E9	22.54079205692436
1.1593422925E9	22.25374379014466
1.1622885245E9	20.035645662783374
1.1652347565E9	22.551963547561485
1.1681809885E9	22.647843485793924
1.1707663265E9	19.945749423074698
1.1718881035E9	3.933674457291314
1.171912573E9	17.80242066968025
1.1719423915E9	8.196562362274129
1.1719716865E9	4.483435177851855
1.1719998695E9	4.23383553702268
1.1720271865E9	1.027455558686688
1.172053963E9	13.270531828314638
1.172080324E9	9.089304523896587
1.172105473E9	2.9736027922476107
1.1721293445E9	16.16839288614012
1.1721530725E9	18.754953451607236
1.1721767445E9	7.728304539975894
1.1722002915E9	6.934751160531145
1.1722236575E9	9.09622431097658
1.172246207E9	1.5014791940531473
1.1722677735E9	9.889084166681313
1.1722889615E9	5.659567663434561
1.1723099925E9	1.1149352639240022
1.1723290745E9	3.6677899360717423
1.172344497E9	6.577137236596426
1.1724758145E9	10.193261955011067
1.172785965E9	21.356479360723387
1.173312376E9	4.9249737264914835
1.173847659E9	20.078699346498226
1.1742281915E9	1.5326168650958227
1.1745383545E9	11.698880830391932
1.1747839385E9	3.303642166979439
1.175021832E9	4.034289283872518
1.1752406195E9	11.761986310076875
1.1754447675E9	16.093051287418458
1.1756302895E9	3.5593953525065083
1.1758017095E9	3.9350533625665136
1.1759743985E9	14.639521352687414
1.1761449175E9	2.8706363300215525
1.1763080145E9	14.535827733007068
1.176454614E9	14.769306680161943
1.1765908095E9	2.4110171380309446
1.1767148905E9	13.503779726333942
1.176828827E9	15.431357313557365
1.1769415455E9	20.462736209334732
1.1770466005E9	18.022278986262606
1.1771437885E9	0.9258264436011651
1.177227665E9	13.815338385605672
1.1772982075E9	11.244551321192509
1.1773658055E9	2.038710347086993
1.1774300485E9	2.2875777238813715
1.1774925145E9	16.823906130614393
1.17755326E9	5.525224330586793
1.1776102095E9	0.7593666121950103
1.177664105E9	13.994643347356517
1.177715901E9	14.25740290918027
1.1777667665E9	1.5205015635030752
1.177815724E9	1.6037711241195227
1.1778623185E9	13.467907917884135
1.177908416E9	1.587919582906765
1.1779522895E9	0.6514797423263464
1.1779928755E9	10.86107357592315
1.178031512E9	2.497061888862269
1.178069269E9	3.2982995941945275
1.1781066915E9	0.0
1.178143855E9	2.9186443139394025
1.178180591E9	1.1269027808724668
1.178216752E9	17.642513080893796
1.178252379E9	11.67114770174087
1.178286871E9	1.2681130986728217
1.1783202805E9	8.090219873341571
1.1783530415E9	17.575129719882458
1.1783849895E9	6.144588464031108
1.1784162885E9	3.9235318198583804
1.178447326E9	2.555512072946425
1.1784776715E9	2.1749520526465065
