#Insert size (bp)	insert size
1.0	20197.0
2.0	1016.0
3.0	227.0
4.0	151.0
5.0	143.0
6.0	106.0
7.0	122.0
8.0	122.0
9.0	103.0
10.0	115.0
11.0	126.0
12.0	111.0
13.0	111.0
14.0	135.0
15.0	104.0
16.0	114.0
17.0	109.0
18.0	103.0
19.0	81.0
20.0	108.0
21.0	101.0
22.0	107.0
23.0	106.0
24.0	105.0
25.0	129.0
26.0	91.0
27.0	91.0
28.0	89.0
29.0	100.0
30.0	127.0
31.0	63.0
32.0	66.0
33.0	53.0
34.0	73.0
35.0	83.0
36.0	73.0
37.0	98.0
38.0	112.0
39.0	178.0
40.0	4028.0
41.0	4140.0
42.0	4121.0
43.0	4061.0
44.0	4085.0
45.0	4151.0
46.0	4220.0
47.0	4241.0
48.0	4179.0
49.0	4308.0
50.0	4295.0
51.0	4246.0
52.0	4295.0
53.0	4450.0
54.0	4289.0
55.0	4324.0
56.0	4600.0
57.0	4586.0
58.0	4674.0
59.0	4791.0
60.0	4607.0
61.0	4705.0
62.0	4645.0
63.0	4811.0
64.0	4878.0
65.0	5007.0
66.0	5253.0
67.0	5300.0
68.0	5199.0
69.0	5723.0
70.0	5771.0
71.0	5983.0
72.0	6181.0
73.0	6382.0
74.0	6659.0
75.0	6949.0
76.0	7080.0
77.0	7280.0
78.0	7594.0
79.0	8233.0
80.0	7955.0
81.0	8724.0
82.0	8922.0
83.0	9265.0
84.0	9821.0
85.0	9972.0
86.0	10700.0
87.0	11096.0
88.0	11766.0
89.0	12660.0
90.0	13186.0
91.0	13993.0
92.0	14417.0
93.0	15700.0
94.0	16458.0
95.0	17130.0
96.0	18646.0
97.0	19445.0
98.0	20520.0
99.0	22158.0
100.0	23151.0
101.0	24519.0
102.0	26071.0
103.0	27506.0
104.0	28851.0
105.0	30875.0
106.0	32317.0
107.0	34231.0
108.0	36277.0
109.0	37987.0
110.0	40226.0
111.0	42380.0
112.0	44139.0
113.0	46646.0
114.0	48877.0
115.0	51482.0
116.0	53574.0
117.0	56459.0
118.0	58368.0
119.0	61238.0
120.0	63610.0
121.0	66021.0
122.0	68894.0
123.0	71608.0
124.0	74962.0
125.0	77154.0
126.0	79861.0
127.0	82300.0
128.0	84641.0
129.0	88428.0
130.0	90877.0
131.0	93609.0
132.0	96870.0
133.0	99749.0
134.0	102433.0
135.0	105306.0
136.0	107549.0
137.0	111012.0
138.0	113753.0
139.0	116576.0
140.0	118989.0
141.0	122097.0
142.0	124008.0
143.0	126967.0
144.0	129510.0
145.0	132693.0
146.0	134604.0
147.0	137475.0
148.0	139695.0
149.0	142100.0
150.0	144854.0
151.0	148301.0
152.0	150868.0
153.0	153604.0
154.0	155804.0
155.0	159146.0
156.0	160714.0
157.0	163372.0
158.0	165148.0
159.0	168254.0
160.0	169958.0
161.0	171711.0
162.0	173395.0
163.0	176229.0
164.0	178062.0
165.0	180232.0
166.0	182049.0
167.0	184458.0
168.0	185422.0
169.0	188179.0
170.0	189095.0
171.0	190410.0
172.0	192243.0
173.0	194542.0
174.0	196753.0
175.0	197895.0
176.0	200225.0
177.0	200475.0
178.0	202840.0
179.0	204014.0
180.0	205192.0
181.0	206475.0
182.0	207013.0
183.0	210237.0
184.0	209167.0
185.0	211511.0
186.0	212343.0
187.0	213148.0
188.0	213301.0
189.0	214757.0
190.0	216180.0
191.0	216885.0
192.0	218268.0
193.0	218971.0
194.0	218720.0
195.0	220704.0
196.0	221707.0
197.0	220501.0
198.0	222161.0
199.0	222806.0
200.0	223566.0
201.0	223938.0
202.0	224032.0
203.0	224073.0
204.0	224071.0
205.0	225050.0
206.0	224091.0
207.0	224531.0
208.0	225029.0
209.0	225279.0
210.0	224599.0
211.0	225428.0
212.0	224541.0
213.0	224960.0
214.0	224959.0
215.0	223977.0
216.0	224816.0
217.0	224749.0
218.0	224224.0
219.0	223143.0
220.0	223654.0
221.0	223085.0
222.0	222749.0
223.0	222550.0
224.0	221785.0
225.0	221523.0
226.0	220493.0
227.0	219079.0
228.0	220076.0
229.0	218624.0
230.0	218973.0
231.0	218490.0
232.0	217286.0
233.0	215974.0
234.0	215162.0
235.0	214536.0
236.0	213807.0
237.0	212017.0
238.0	211861.0
239.0	211690.0
240.0	211012.0
241.0	209393.0
242.0	208707.0
243.0	207440.0
244.0	206453.0
245.0	205834.0
246.0	205353.0
247.0	203519.0
248.0	202545.0
249.0	201577.0
250.0	200815.0
251.0	199248.0
252.0	198879.0
253.0	197262.0
254.0	196832.0
255.0	195380.0
256.0	193531.0
257.0	192925.0
258.0	192167.0
259.0	190454.0
260.0	189461.0
261.0	188821.0
262.0	187176.0
263.0	186578.0
264.0	184836.0
265.0	183315.0
266.0	182623.0
267.0	180677.0
268.0	179528.0
269.0	178734.0
270.0	178626.0
271.0	177205.0
272.0	176030.0
273.0	174293.0
274.0	173390.0
275.0	172183.0
276.0	170871.0
277.0	169265.0
278.0	168565.0
279.0	167565.0
280.0	166149.0
281.0	164691.0
282.0	164459.0
283.0	162256.0
284.0	160860.0
285.0	160071.0
286.0	159385.0
287.0	158060.0
288.0	156640.0
289.0	155015.0
290.0	153780.0
291.0	152690.0
292.0	152338.0
293.0	150497.0
294.0	150020.0
295.0	149139.0
296.0	147456.0
297.0	146524.0
298.0	144372.0
299.0	143831.0
300.0	143117.0
301.0	142039.0
302.0	140443.0
303.0	139000.0
304.0	138297.0
305.0	137070.0
306.0	135723.0
307.0	134331.0
308.0	133155.0
309.0	132248.0
310.0	131591.0
311.0	130398.0
312.0	130118.0
313.0	127268.0
314.0	126760.0
315.0	125647.0
316.0	125295.0
317.0	124486.0
318.0	122699.0
319.0	122237.0
320.0	120944.0
321.0	120237.0
322.0	119347.0
323.0	117864.0
324.0	116498.0
325.0	115498.0
326.0	115209.0
327.0	113898.0
328.0	113071.0
329.0	111518.0
330.0	110815.0
331.0	109598.0
332.0	108472.0
333.0	108040.0
334.0	107872.0
335.0	105560.0
336.0	104757.0
337.0	104070.0
338.0	103238.0
339.0	102630.0
340.0	101351.0
341.0	100639.0
342.0	99687.0
343.0	98818.0
344.0	97753.0
345.0	96416.0
346.0	95490.0
347.0	95291.0
348.0	94134.0
349.0	92897.0
350.0	92272.0
351.0	91762.0
352.0	90234.0
353.0	89729.0
354.0	88812.0
355.0	88280.0
356.0	87316.0
357.0	86077.0
358.0	85458.0
359.0	85109.0
360.0	84507.0
361.0	83446.0
362.0	82376.0
363.0	81664.0
364.0	80393.0
365.0	79846.0
366.0	79447.0
367.0	78722.0
368.0	77782.0
369.0	77272.0
370.0	76398.0
371.0	75878.0
372.0	74849.0
373.0	73782.0
374.0	73482.0
375.0	72914.0
376.0	72195.0
377.0	71487.0
378.0	70843.0
379.0	69961.0
380.0	69193.0
381.0	68747.0
382.0	67821.0
383.0	67265.0
384.0	66750.0
385.0	65945.0
386.0	65485.0
387.0	64460.0
388.0	64083.0
389.0	63361.0
390.0	62651.0
391.0	61838.0
392.0	61395.0
393.0	60806.0
394.0	60054.0
395.0	59574.0
396.0	59048.0
397.0	58147.0
398.0	58197.0
399.0	57533.0
400.0	57224.0
401.0	56174.0
402.0	55936.0
403.0	55035.0
404.0	54577.0
405.0	54019.0
406.0	53584.0
407.0	53027.0
408.0	52550.0
409.0	51899.0
410.0	51395.0
411.0	51126.0
412.0	50369.0
413.0	49596.0
414.0	49409.0
415.0	48815.0
416.0	48268.0
417.0	47839.0
418.0	47304.0
419.0	46273.0
420.0	46420.0
421.0	45712.0
422.0	45084.0
423.0	44496.0
424.0	44323.0
425.0	43723.0
426.0	43721.0
427.0	43034.0
428.0	42184.0
429.0	41347.0
430.0	41739.0
431.0	40956.0
432.0	40628.0
433.0	39997.0
434.0	39502.0
435.0	39173.0
436.0	38832.0
437.0	38559.0
438.0	37944.0
439.0	38066.0
440.0	37489.0
441.0	36287.0
442.0	36259.0
443.0	36090.0
444.0	35665.0
445.0	35064.0
446.0	34649.0
447.0	34791.0
448.0	34175.0
449.0	33491.0
450.0	33296.0
451.0	33037.0
452.0	32633.0
453.0	32356.0
454.0	31748.0
455.0	31285.0
456.0	30887.0
457.0	30636.0
458.0	30377.0
459.0	30245.0
460.0	29800.0
461.0	29742.0
462.0	29120.0
463.0	28933.0
464.0	28554.0
465.0	28200.0
466.0	27889.0
467.0	27424.0
468.0	27306.0
469.0	27268.0
470.0	26841.0
471.0	26385.0
472.0	26231.0
473.0	25719.0
474.0	25387.0
475.0	25222.0
476.0	24954.0
477.0	24625.0
478.0	24492.0
479.0	24139.0
480.0	24167.0
481.0	23892.0
482.0	23198.0
483.0	23175.0
484.0	22865.0
485.0	22594.0
486.0	22429.0
487.0	22506.0
488.0	21971.0
489.0	21941.0
490.0	21540.0
491.0	21188.0
492.0	21114.0
493.0	20913.0
494.0	20691.0
495.0	20559.0
496.0	20478.0
497.0	20106.0
498.0	19623.0
499.0	19420.0
500.0	19487.0
501.0	16633.0
502.0	16529.0
503.0	16344.0
504.0	16127.0
505.0	15905.0
506.0	15529.0
507.0	15639.0
508.0	15287.0
509.0	14840.0
510.0	15069.0
511.0	14695.0
512.0	14577.0
513.0	14451.0
514.0	15294.0
515.0	16943.0
516.0	13165.0
517.0	12929.0
518.0	12866.0
519.0	12849.0
520.0	12915.0
521.0	12603.0
522.0	13116.0
523.0	12817.0
524.0	12871.0
525.0	13386.0
526.0	15117.0
527.0	20411.0
528.0	30746.0
529.0	7402.0
530.0	7477.0
531.0	7596.0
532.0	7645.0
533.0	7587.0
534.0	7494.0
535.0	7720.0
536.0	7820.0
537.0	7899.0
538.0	7831.0
539.0	8119.0
540.0	8322.0
541.0	8492.0
542.0	8491.0
543.0	8588.0
544.0	8566.0
545.0	8821.0
546.0	8760.0
547.0	8637.0
548.0	8766.0
549.0	8799.0
550.0	8720.0
551.0	8567.0
552.0	8504.0
553.0	8297.0
554.0	8367.0
555.0	8031.0
556.0	8243.0
557.0	8123.0
558.0	7807.0
559.0	7908.0
560.0	7718.0
561.0	7367.0
562.0	7590.0
563.0	7356.0
564.0	7152.0
565.0	7162.0
566.0	7196.0
567.0	6907.0
568.0	6913.0
569.0	6886.0
570.0	6807.0
571.0	7003.0
572.0	6646.0
573.0	6537.0
574.0	6472.0
575.0	6358.0
576.0	6363.0
577.0	6242.0
578.0	6260.0
579.0	6140.0
580.0	6031.0
581.0	5974.0
582.0	5799.0
583.0	5817.0
584.0	5769.0
585.0	5529.0
586.0	5573.0
587.0	5589.0
588.0	5506.0
589.0	5461.0
590.0	5266.0
591.0	5266.0
592.0	5091.0
593.0	5037.0
594.0	5027.0
595.0	4989.0
596.0	4788.0
597.0	4758.0
598.0	4728.0
599.0	4685.0
600.0	4640.0
601.0	4721.0
602.0	4533.0
603.0	4577.0
604.0	4347.0
605.0	4353.0
606.0	4366.0
607.0	4275.0
608.0	4137.0
609.0	4100.0
610.0	4182.0
611.0	4036.0
612.0	3989.0
613.0	3977.0
614.0	3874.0
615.0	3802.0
616.0	3716.0
617.0	3748.0
618.0	3717.0
619.0	3640.0
620.0	3606.0
621.0	3681.0
622.0	3445.0
623.0	3481.0
624.0	3456.0
625.0	3342.0
626.0	3509.0
627.0	3363.0
628.0	3291.0
629.0	3205.0
630.0	3294.0
631.0	3072.0
632.0	3155.0
633.0	3114.0
634.0	3092.0
635.0	3109.0
636.0	2969.0
