#Position (bp)	mapping quality
1473116.5	17.339068476012184
4419348.5	21.102378476872996
7365580.5	22.84232918099447
1.03118125E7	21.073871178964545
1.32580445E7	22.482659003776632
1.62042765E7	23.126607608704997
1.91505085E7	19.586100608582733
2.20967405E7	22.033498012009876
2.50429725E7	21.184644618173515
2.79892045E7	23.519824393131326
3.09354365E7	21.53514097495044
3.38816685E7	22.965871423287002
3.68279005E7	23.062807390350315
3.97741325E7	22.9100395169091
4.27203645E7	20.969881051742146
4.56665965E7	21.156471493366055
4.86128285E7	22.97171691286766
5.15590605E7	22.58944196062169
5.45052925E7	22.326121465994618
5.74515245E7	24.166876273991207
6.03977565E7	23.54864658505849
6.33439885E7	22.545999751541224
6.62902205E7	22.2107779052301
6.92364525E7	23.03215891998402
7.21826845E7	22.443341753290827
7.51289165E7	9.966810814142717
7.80751485E7	21.04455540510373
8.10213805E7	23.548906712991805
8.39676125E7	19.845090454365902
8.69138445E7	23.110322492712
8.98600765E7	24.957812066880173
9.28063085E7	22.19711443092173
9.57525405E7	21.422063655032908
9.86987725E7	20.66075444791232
1.016450045E8	22.729072265729794
1.045912365E8	19.895585468839105
1.075374685E8	21.72278976625788
1.104837005E8	17.56548047517942
1.134299325E8	22.35860544168158
1.163761645E8	24.368772498875753
1.193223965E8	20.644234453993707
1.222686285E8	23.810245456753762
1.252148605E8	21.416321725465
1.281610925E8	20.914148126792334
1.311073245E8	22.78128558771201
1.340535565E8	22.06603071234704
1.369997885E8	21.00388283785247
1.399460205E8	19.876358892728227
1.428922525E8	22.167803307837097
1.458384845E8	23.655855851991316
1.487847165E8	22.844684170156068
1.517309485E8	22.84876088265843
1.546771805E8	21.0155831669657
1.576234125E8	22.453725570564014
1.605696445E8	20.6097291348393
1.635158765E8	13.878477086692572
1.664621085E8	15.726110824170465
1.694083405E8	19.1564378084436
1.723545725E8	19.532093922088876
1.753008045E8	17.046519775723706
1.782470365E8	17.081274411122653
1.811932685E8	19.74998815278041
1.841395005E8	22.294934187670805
1.870857325E8	22.684220902112845
1.900319645E8	21.864344383221052
1.929781965E8	22.27096842284367
1.959244285E8	19.573502848672515
1.988706605E8	20.8767725926534
2.018168925E8	22.175626654582196
2.047631245E8	15.762563796193724
2.077093565E8	17.950926471859468
2.106555885E8	19.37226711766942
2.136018205E8	15.274809780281437
2.154737165E8	13.103730019176245
2.169468325E8	18.23551173986556
2.194942845E8	20.74198430394329
2.224405165E8	22.90778890700779
2.253867485E8	22.7925409535558
2.283329805E8	23.582943773139622
2.312792125E8	23.839775389831733
2.342254445E8	23.85311217394593
2.371716765E8	22.938333242562198
2.401179085E8	23.10329192284923
2.430641405E8	23.409545023464833
2.460103725E8	20.98361868504109
2.489566045E8	23.801760714420894
2.519028365E8	24.768819953431546
2.548490685E8	24.538302994822
2.577953005E8	23.717287806883768
2.607415325E8	21.884362581632093
2.636877645E8	22.241933354338734
2.666339965E8	21.615283087479558
2.695802285E8	20.693448785279944
2.725264605E8	22.61966817803666
2.754726925E8	19.70221670157668
2.784189245E8	11.5868602974912
2.813651565E8	14.024307064415504
2.843113885E8	23.7206071295559
2.872576205E8	23.570560905540912
2.902038525E8	23.42745588840791
2.931500845E8	21.190682488003237
2.960963165E8	17.576934935443585
2.990425485E8	20.209750138224003
3.019887805E8	20.616656004593683
3.049350125E8	21.526599579518592
3.078812445E8	19.727840092658926
3.108274765E8	21.097141593317062
3.137737085E8	22.452432930802456
3.167199405E8	22.48714796955982
3.196661725E8	18.65020550807779
3.226124045E8	21.364494099701723
3.255586365E8	23.033968552966424
3.285048685E8	22.559940722438
3.314511005E8	24.086100071897768
3.343973325E8	23.297819578469063
3.373435645E8	21.41334494494603
3.402897965E8	21.83496072790366
3.432360285E8	23.221598147554054
3.461822605E8	23.170525886246786
3.491284925E8	21.899333370788337
3.520747245E8	19.4733013183106
3.550209565E8	23.746929990149614
3.579671885E8	22.504721678491034
3.609134205E8	20.714845698850024
3.638596525E8	21.57980733080461
3.668058845E8	23.415284526767472
3.697521165E8	21.766998232320173
3.726983485E8	19.281490639147695
3.756445805E8	20.21593717108016
3.785908125E8	16.114440428466548
3.804938555E8	14.580395673125986
3.819669715E8	11.008539346839706
3.844832765E8	22.822135587736096
3.874295085E8	21.35328156528382
3.903757405E8	18.69074861606763
3.933219725E8	19.012576758951248
3.962682045E8	20.977290745294507
3.992144365E8	20.99127725685038
4.021606685E8	20.93053871533552
4.051069005E8	24.758781291602507
4.080531325E8	23.539057684397854
4.109993645E8	23.95417471100637
4.139455965E8	22.634242691310256
4.168918285E8	23.824212079753067
4.198380605E8	15.372927136942835
4.227842925E8	21.331035723828467
4.257305245E8	23.819409418175123
4.286767565E8	22.90099188055501
4.316229885E8	22.554103414704116
4.345692205E8	21.84117318521116
4.375154525E8	22.53917370206302
4.404616845E8	22.797322492822722
4.434079165E8	23.027655088954614
4.463541485E8	22.587423107206504
4.493003805E8	22.975518828071706
4.522466125E8	21.407553531685547
4.551928445E8	22.909798578896112
4.581390765E8	23.25091233842349
4.610853085E8	22.77665490985928
4.640315405E8	19.72103594533912
4.669777725E8	23.397179715124928
4.699240045E8	20.00118402678321
4.728702365E8	21.491615534470395
4.758164685E8	19.14949256630479
4.787627005E8	15.215944331559882
4.817089325E8	20.6200633885115
4.846551645E8	21.64137467772994
4.876013965E8	22.163498334721446
4.905476285E8	21.282159941882686
4.934938605E8	20.742919135338674
4.964400925E8	22.04431204708838
4.993863245E8	21.254699082104235
5.023325565E8	18.632273066093212
5.05119797E8	17.24498516489556
5.06592913E8	10.292010333958228
5.082250205E8	11.29001860419429
5.111712525E8	17.031754558388535
5.141174845E8	20.32621286256865
5.170637165E8	20.436650952652588
5.200099485E8	21.301009001971135
5.229561805E8	23.07085941632999
5.259024125E8	17.44814184318163
5.288486445E8	22.597971806082334
5.317948765E8	23.22702135552602
5.347411085E8	21.849381732320946
5.376873405E8	21.383127542010417
5.406335725E8	22.844220921888265
5.435798045E8	19.668708523128338
5.465260365E8	19.034170507232286
5.494722685E8	23.55260450470856
5.524185005E8	22.547707333726557
5.553647325E8	24.412753911705135
5.583109645E8	21.463620676757074
5.612571965E8	20.20983123112384
5.642034285E8	22.517691157884137
5.671496605E8	23.112945966226533
5.700958925E8	18.665912973727142
5.730421245E8	21.455269005834886
5.759883565E8	20.818294856975754
5.789345885E8	19.42966717744805
5.818808205E8	16.57902046889134
5.848270525E8	17.77915468915262
5.875864595E8	15.074477754945471
5.890595755E8	17.268319462577846
5.907195165E8	18.14728226548943
5.936657485E8	21.31609701775739
5.966119805E8	22.210509635367412
5.995582125E8	22.63537994319127
6.025044445E8	21.48080377084561
6.054506765E8	22.918831862522833
6.083969085E8	17.380286884433
6.113431405E8	22.297995223786554
6.142893725E8	23.33359388829306
6.172356045E8	22.16947731967184
6.201818365E8	22.80244441165439
6.231280685E8	23.211009563136784
6.260743005E8	21.87012662595344
6.290205325E8	23.00256314966127
6.319667645E8	24.044697088207034
6.349129965E8	20.78688457833967
6.378592285E8	22.52664419223413
6.408054605E8	22.187202467018576
6.437516925E8	23.459634022099735
6.466979245E8	22.545475244756698
6.496441565E8	24.0920497827929
6.525903885E8	17.532561604769366
6.555366205E8	20.36877393598358
6.58437679E8	17.47177150203145
6.59910795E8	18.1988453785072
6.614290845E8	19.329217705195212
6.643753165E8	20.18710671255483
6.673215485E8	20.789400835746168
6.702677805E8	22.3263608856182
6.732140125E8	23.041217516241982
6.761602445E8	22.66324587586192
6.791064765E8	20.878911016290115
6.820527085E8	22.71102130694655
6.849989405E8	19.85857352755013
6.879451725E8	18.4714030403711
6.908914045E8	13.89079940205626
6.938376365E8	19.29736319519228
6.967838685E8	21.5301666514362
6.997301005E8	22.760162665206504
7.026763325E8	21.190209607656183
7.056225645E8	22.471314689955886
7.085687965E8	21.904426289223387
7.112236495E8	21.594252349419452
7.126967655E8	18.14776805144675
7.144612605E8	19.533940364647012
7.174074925E8	20.908908835442684
7.203537245E8	24.242588353971918
7.232999565E8	22.47048171183722
7.262461885E8	23.993382163102794
7.291924205E8	22.54859382647419
7.321386525E8	19.63076257715029
7.350848845E8	19.466376767722842
7.380311165E8	12.738338263841163
7.409773485E8	23.16540994067529
7.439235805E8	24.936569082363164
7.468698125E8	24.546575464148994
7.498160445E8	24.713474754687972
7.527622765E8	24.209185003099424
7.557085085E8	21.002981815526518
7.586547405E8	21.97052876599469
7.601416665E8	1.5948272661111853
7.616147825E8	20.55667569643907
7.645472045E8	22.07111953725538
7.674934365E8	23.086135017022567
7.704396685E8	22.745816261108846
7.733859005E8	22.445058766389835
7.763321325E8	19.147353934551344
7.792783645E8	16.152307409446657
7.822245965E8	18.34785130605001
7.851708285E8	21.96160690324735
7.881170605E8	22.832928062545403
7.910632925E8	23.829189099052446
7.940095245E8	23.92651495766987
7.969557565E8	23.935717733102422
7.999019885E8	24.55502411326867
8.026961355E8	19.54750172921833
8.041692515E8	17.79721583780406
8.057944525E8	17.93114550291861
8.087406845E8	23.037743114054415
8.116869165E8	22.10359665040078
8.146331485E8	23.237148879014466
8.175793805E8	24.96832204247575
8.205256125E8	22.335817480106066
8.234718445E8	22.40149097995582
8.264180765E8	20.28250575247695
8.293643085E8	19.88700688135908
8.323105405E8	23.133976519885497
8.352567725E8	24.555077234643885
8.382030045E8	23.571280481637203
8.411492365E8	21.28782396863827
8.440954685E8	19.223451284340534
8.466781495E8	19.163274004373655
8.481512655E8	15.866856117781868
8.499879325E8	17.062539698988346
8.529341645E8	15.644276082134194
8.558803965E8	22.425306369475816
8.588266285E8	21.18925564030256
8.617728605E8	22.203358879980726
8.647190925E8	23.98675651619111
8.676653245E8	24.681875213597518
8.706115565E8	22.184920616946034
8.735577885E8	22.82873867383036
8.765040205E8	23.141532507977082
8.794502525E8	24.327680213096503
8.823964845E8	22.370838893001388
8.853427165E8	20.504671981643224
8.88046739E8	18.741816783063353
8.89519855E8	15.754402748671906
8.912351805E8	20.13028622579616
8.941814125E8	22.51210012117564
8.971276445E8	24.110391762505795
9.000738765E8	25.152148138740156
9.030201085E8	23.108733132319436
9.059663405E8	21.500958084240064
9.089125725E8	18.314151218389743
9.118588045E8	21.37832346892591
9.148050365E8	17.418313605110047
9.177512685E8	20.938778704245504
9.206975005E8	21.958916352816157
9.236437325E8	21.47142426970949
9.265899645E8	20.00689059671844
9.281577005E8	19.337727287220897
9.296308165E8	11.386204029823034
9.324824285E8	17.58690922509081
9.354286605E8	20.85816911009238
9.383748925E8	21.28130968829283
9.413211245E8	22.33605400621113
9.442673565E8	23.783331800914997
9.472135885E8	24.102780649465302
9.501598205E8	24.429953297317205
9.531060525E8	24.096018719097174
9.560522845E8	23.80097874210865
9.589985165E8	24.059476487546792
9.619447485E8	18.04826858945707
9.63608251E8	16.31266632911864
9.65081367E8	20.98244552380228
9.678372125E8	20.592855090719432
9.707834445E8	22.961427445701176
9.737296765E8	21.274549560446825
9.766759085E8	20.393784334017017
9.796221405E8	16.089456538597148
9.825683725E8	17.07168108487886
9.855146045E8	22.109175154628456
9.884608365E8	23.397782712090812
9.914070685E8	23.78077410846005
9.943533005E8	20.70717816165707
9.96973979E8	20.152733759252207
9.98447095E8	13.078955399233031
1.0002457645E9	20.439363336969922
1.0031919965E9	22.16532793739966
1.0061382285E9	23.3252900019346
1.0090844605E9	20.667693724741756
1.0109513325E9	19.94437148989115
1.0124244485E9	20.344722602367035
1.0149769245E9	23.0441875358746
1.0179231565E9	24.310843275915673
1.0208693885E9	20.352851184512392
1.023418539E9	20.233677287989966
1.024891655E9	19.874738076489734
1.0267618525E9	19.16114245418629
1.0297080845E9	22.892282381698106
1.0326543165E9	19.695981777411372
1.034194805E9	2.0485326888336433
1.035667921E9	21.324267359028617
1.0385467805E9	19.82114492989794
1.0414841345E9	15.846049703127909
1.0429572505E9	1.5728395931731762
1.0444392445E9	16.5941876165091
1.0473854765E9	22.447705533602125
1.0500931455E9	19.43425828075817
1.0515662615E9	12.358219464288545
1.0532779405E9	14.303688344718275
1.0562241725E9	17.92597906575506
1.0585794415E9	20.237944805261154
1.0600525575E9	19.830604728359738
1.0621166365E9	19.821508319440543
1.0650628685E9	20.979732757586998
1.0668876105E9	21.54588783866649
1.0683607265E9	13.240318350895985
1.0709553325E9	16.644730274819626
1.0733928775E9	21.020370701579292
1.0748659935E9	9.555347426945756
1.0768477965E9	18.625119267135094
1.0794745915E9	19.926604627415017
1.0809477075E9	15.460548026779366
1.082564658E9	17.787682219871108
1.084037774E9	5.070174160651613
1.085319423E9	19.731672332283306
1.086792539E9	11.640634677652
1.087255665E9	14.684129704270326
1.088728781E9	16.790266947844444
1.0915789565E9	18.5367592633082
1.0945251885E9	16.739545037563968
1.0974714205E9	19.606288934949408
1.1004176525E9	19.409568880740284
1.1033638845E9	19.249389649537715
1.1063101165E9	20.778647130053937
1.1092563485E9	18.292669439819917
1.1122025805E9	19.890312422050656
1.1151488125E9	20.10338581677891
1.1180950445E9	18.764427399088053
1.1210412765E9	17.95501650740483
1.1239875085E9	19.445580955394384
1.1269337405E9	17.999049485768374
1.1298799725E9	18.68057333387034
1.1328262045E9	18.73973161194707
1.1357724365E9	15.849326108095248
1.1387186685E9	18.933443836645054
1.1416649005E9	18.533275562212687
1.1446111325E9	15.377637321848361
1.1475573645E9	17.051294049148748
1.1505035965E9	19.577756919872616
1.1534498285E9	17.585395573366178
1.1563960605E9	18.606277055680998
1.1593422925E9	18.52105901184937
1.1622885245E9	15.254283569746775
1.1652347565E9	18.597741021611384
1.1681809885E9	18.799164106221447
1.1707663265E9	15.678350957918369
1.1718881035E9	6.7336026822730695
1.171912573E9	18.91507665016352
1.1719423915E9	17.55031632472063
1.1719716865E9	2.331877205932261
1.1719998695E9	3.9077962551408794
1.1720271865E9	1.0215175798121634
1.172053963E9	13.044563754740318
1.172080324E9	10.846682246299837
1.172105473E9	2.6753319304120273
1.1721293445E9	16.41192701297685
1.1721530725E9	15.078802585109194
1.1721767445E9	9.058522769682444
1.1722002915E9	11.476797418574165
1.1722236575E9	7.779898307445845
1.172246207E9	1.4862305274010255
1.1722677735E9	9.553826976425874
1.1722889615E9	5.107933558258379
1.1723099925E9	1.0593430160584452
1.1723290745E9	2.3820248363208094
1.172344497E9	6.407750109151073
1.1724758145E9	9.479591572431932
1.172785965E9	17.99794658101828
1.173312376E9	5.8011828956345015
1.173847659E9	17.800706148023327
1.1742281915E9	1.1756569288233971
1.1745383545E9	11.49820559773915
1.1747839385E9	2.67555812078274
1.175021832E9	6.822465878613475
1.1752406195E9	10.868721907941499
1.1754447675E9	15.435149959920375
1.1756302895E9	4.788120945402701
1.1758017095E9	3.481661630599263
1.1759743985E9	12.008608350470245
1.1761449175E9	2.8611193824888703
1.1763080145E9	13.680478148581763
1.176454614E9	14.177758667425945
1.1765908095E9	2.2098598984192206
1.1767148905E9	11.90020140546547
1.176828827E9	16.057214470400563
1.1769415455E9	17.87607855475529
1.1770466005E9	17.579056469551833
1.1771437885E9	1.5868341561756563
1.177227665E9	13.371282531913602
1.1772982075E9	13.104369894756305
1.1773658055E9	1.9803322907597505
1.1774300485E9	4.558586356764548
1.1774925145E9	16.062207086643042
1.17755326E9	5.9513531494923635
1.1776102095E9	4.660626585228495
1.177664105E9	12.098797104674144
1.177715901E9	14.160291042608117
1.1777667665E9	1.3051605785731797
1.177815724E9	1.425231276058062
1.1778623185E9	13.58963768087348
1.177908416E9	1.505405844652164
1.1779522895E9	1.0229663394109396
1.1779928755E9	10.828966306737438
1.178031512E9	2.3907783057424874
1.178069269E9	3.488595260733559
1.1781066915E9	1.9540229885057472
1.178143855E9	1.9607172866987512
1.178180591E9	1.3444408214957422
1.178216752E9	16.994803310935637
1.178252379E9	12.336755616558321
1.178286871E9	1.0330244352774824
1.1783202805E9	8.398652931159875
1.1783530415E9	16.439452843281895
1.1783849895E9	10.130722472534579
1.1784162885E9	8.17179752917761
1.178447326E9	1.156594045323377
1.1784776715E9	1.7078110789564078
