#Coverage	Number of genomic locations
0.0	5.1560021E7
1.0	3.0837532E7
2.0	4.3783049E7
3.0	5.9515106E7
4.0	7.6515146E7
5.0	9.2634505E7
6.0	1.05230228E8
7.0	1.11884015E8
8.0	1.11469494E8
9.0	1.04255177E8
10.0	9.1956321E7
11.0	7.7029099E7
12.0	6.1349307E7
13.0	4.6776015E7
14.0	3.4240879E7
15.0	2.418479E7
16.0	1.6529961E7
17.0	1.0952043E7
18.0	7085329.0
19.0	4489400.0
20.0	2817114.0
21.0	1751232.0
22.0	1093508.0
23.0	696742.0
24.0	454378.0
25.0	311642.0
26.0	223725.0
27.0	173316.0
28.0	138788.0
29.0	116875.0
30.0	102540.0
31.0	91976.0
32.0	82130.0
33.0	74815.0
34.0	68969.0
35.0	63522.0
36.0	59468.0
37.0	55254.0
38.0	52392.0
39.0	48976.0
40.0	45951.0
41.0	42313.0
42.0	39617.0
43.0	37433.0
44.0	35378.0
45.0	33306.0
46.0	31605.0
47.0	30239.0
48.0	28332.0
49.0	26173.0
50.0	25828.0
51.0	24261.0
52.0	22984.0
53.0	21913.0
54.0	21041.0
55.0	20552.0
56.0	20200.0
57.0	19081.0
58.0	18324.0
59.0	17969.0
60.0	17316.0
61.0	16307.0
62.0	15507.0
63.0	15020.0
64.0	14987.0
65.0	14453.0
66.0	14252.0
67.0	13649.0
68.0	13186.0
69.0	12747.0
70.0	12633.0
71.0	12124.0
72.0	11670.0
73.0	11035.0
74.0	10549.0
75.0	10464.0
76.0	9993.0
77.0	9349.0
78.0	9545.0
79.0	9170.0
80.0	9081.0
81.0	8589.0
82.0	8383.0
83.0	8270.0
84.0	7902.0
85.0	7794.0
86.0	7482.0
87.0	7413.0
88.0	7286.0
89.0	7216.0
90.0	6814.0
91.0	6628.0
92.0	6354.0
93.0	6175.0
94.0	6073.0
95.0	6251.0
96.0	6070.0
97.0	5767.0
98.0	5761.0
99.0	5539.0
100.0	5592.0
101.0	5323.0
102.0	5458.0
103.0	5098.0
104.0	5075.0
105.0	4969.0
106.0	4822.0
107.0	4669.0
108.0	4749.0
109.0	4550.0
110.0	4428.0
111.0	4314.0
112.0	4172.0
113.0	4025.0
114.0	3965.0
115.0	3876.0
116.0	3763.0
117.0	3775.0
118.0	3899.0
119.0	3865.0
120.0	3776.0
121.0	3546.0
122.0	3487.0
123.0	3581.0
124.0	3509.0
125.0	3344.0
126.0	3264.0
127.0	3157.0
128.0	3254.0
129.0	3241.0
130.0	3214.0
131.0	3186.0
132.0	3260.0
133.0	3212.0
134.0	3222.0
135.0	3161.0
136.0	3075.0
137.0	2869.0
138.0	2803.0
139.0	2805.0
140.0	2832.0
141.0	2734.0
142.0	2730.0
143.0	2565.0
144.0	2556.0
145.0	2517.0
146.0	2499.0
147.0	2487.0
148.0	2487.0
149.0	2486.0
150.0	2461.0
151.0	2358.0
152.0	2368.0
153.0	2337.0
154.0	2221.0
155.0	2141.0
156.0	2172.0
157.0	2086.0
158.0	2096.0
159.0	1909.0
160.0	1964.0
161.0	2044.0
162.0	1911.0
163.0	1821.0
164.0	1824.0
165.0	1740.0
166.0	1732.0
167.0	1715.0
168.0	1733.0
169.0	1721.0
170.0	1704.0
171.0	1647.0
172.0	1657.0
173.0	1590.0
174.0	1561.0
175.0	1510.0
176.0	1512.0
177.0	1527.0
178.0	1420.0
179.0	1403.0
180.0	1442.0
181.0	1397.0
182.0	1373.0
183.0	1406.0
184.0	1371.0
185.0	1526.0
186.0	1404.0
187.0	1475.0
188.0	1273.0
189.0	1232.0
190.0	1308.0
191.0	1333.0
192.0	1218.0
193.0	1307.0
194.0	1218.0
195.0	1223.0
196.0	1252.0
197.0	1261.0
198.0	1252.0
199.0	1215.0
200.0	1185.0
201.0	1195.0
202.0	1162.0
203.0	1214.0
204.0	1172.0
205.0	1164.0
206.0	1121.0
207.0	1133.0
208.0	1109.0
209.0	1100.0
210.0	1028.0
211.0	1025.0
212.0	1027.0
213.0	999.0
214.0	1013.0
215.0	937.0
216.0	1036.0
217.0	943.0
218.0	1010.0
219.0	957.0
220.0	974.0
221.0	959.0
222.0	861.0
223.0	872.0
224.0	879.0
225.0	891.0
226.0	889.0
227.0	873.0
228.0	840.0
229.0	863.0
230.0	889.0
231.0	918.0
232.0	880.0
233.0	879.0
234.0	900.0
235.0	832.0
236.0	932.0
237.0	929.0
238.0	881.0
239.0	859.0
240.0	867.0
241.0	931.0
242.0	883.0
243.0	863.0
244.0	812.0
245.0	831.0
246.0	810.0
247.0	808.0
248.0	806.0
249.0	782.0
250.0	796.0
251.0	780.0
252.0	838.0
253.0	798.0
254.0	772.0
255.0	761.0
256.0	762.0
257.0	756.0
258.0	719.0
259.0	721.0
260.0	683.0
261.0	725.0
262.0	765.0
263.0	715.0
264.0	732.0
265.0	729.0
266.0	643.0
267.0	644.0
268.0	629.0
269.0	631.0
270.0	647.0
271.0	631.0
272.0	637.0
273.0	593.0
274.0	595.0
275.0	534.0
276.0	637.0
277.0	577.0
278.0	582.0
279.0	564.0
280.0	596.0
281.0	527.0
282.0	596.0
283.0	511.0
284.0	507.0
285.0	554.0
286.0	509.0
287.0	500.0
288.0	518.0
289.0	484.0
290.0	467.0
291.0	507.0
292.0	526.0
293.0	497.0
294.0	464.0
295.0	429.0
296.0	533.0
297.0	498.0
298.0	492.0
299.0	500.0
300.0	494.0
301.0	450.0
302.0	440.0
303.0	504.0
304.0	466.0
305.0	426.0
306.0	416.0
307.0	432.0
308.0	500.0
309.0	469.0
310.0	486.0
311.0	445.0
312.0	484.0
313.0	451.0
314.0	441.0
315.0	457.0
316.0	446.0
317.0	484.0
318.0	431.0
319.0	426.0
320.0	466.0
321.0	460.0
322.0	436.0
323.0	424.0
324.0	430.0
325.0	423.0
326.0	415.0
327.0	373.0
328.0	412.0
329.0	441.0
330.0	355.0
331.0	381.0
332.0	358.0
333.0	369.0
334.0	384.0
335.0	368.0
336.0	408.0
337.0	377.0
338.0	407.0
339.0	397.0
340.0	405.0
341.0	409.0
342.0	443.0
343.0	409.0
344.0	366.0
345.0	358.0
346.0	358.0
347.0	380.0
348.0	355.0
349.0	334.0
350.0	373.0
351.0	362.0
352.0	333.0
353.0	352.0
354.0	335.0
355.0	309.0
356.0	337.0
357.0	356.0
358.0	353.0
359.0	357.0
360.0	346.0
361.0	313.0
362.0	297.0
363.0	310.0
364.0	268.0
365.0	293.0
366.0	279.0
367.0	274.0
368.0	278.0
369.0	295.0
370.0	265.0
371.0	287.0
372.0	280.0
373.0	299.0
374.0	303.0
375.0	262.0
376.0	262.0
377.0	286.0
378.0	306.0
379.0	299.0
380.0	284.0
381.0	281.0
382.0	288.0
383.0	276.0
384.0	254.0
385.0	287.0
386.0	258.0
387.0	266.0
388.0	264.0
389.0	286.0
390.0	277.0
391.0	282.0
392.0	261.0
393.0	248.0
394.0	246.0
395.0	229.0
396.0	227.0
397.0	250.0
398.0	231.0
399.0	203.0
400.0	228.0
401.0	241.0
402.0	246.0
403.0	251.0
404.0	235.0
405.0	234.0
406.0	230.0
407.0	212.0
408.0	200.0
409.0	242.0
410.0	264.0
411.0	226.0
412.0	193.0
413.0	271.0
414.0	272.0
415.0	246.0
416.0	240.0
417.0	223.0
418.0	229.0
419.0	268.0
420.0	249.0
421.0	242.0
422.0	258.0
423.0	253.0
424.0	243.0
425.0	216.0
426.0	229.0
427.0	232.0
428.0	229.0
429.0	213.0
430.0	174.0
431.0	248.0
432.0	202.0
433.0	216.0
434.0	215.0
435.0	231.0
436.0	237.0
437.0	198.0
438.0	207.0
439.0	206.0
440.0	228.0
441.0	206.0
442.0	194.0
443.0	218.0
444.0	204.0
445.0	184.0
446.0	200.0
447.0	205.0
448.0	173.0
449.0	201.0
450.0	222.0
451.0	229.0
452.0	236.0
453.0	194.0
454.0	226.0
455.0	196.0
456.0	201.0
457.0	189.0
458.0	182.0
459.0	184.0
460.0	171.0
461.0	189.0
462.0	194.0
463.0	226.0
464.0	198.0
465.0	224.0
466.0	211.0
467.0	189.0
468.0	199.0
469.0	211.0
470.0	200.0
471.0	186.0
472.0	221.0
473.0	229.0
474.0	195.0
475.0	196.0
476.0	188.0
477.0	197.0
478.0	225.0
479.0	190.0
480.0	221.0
481.0	215.0
482.0	222.0
483.0	210.0
484.0	178.0
485.0	176.0
486.0	186.0
487.0	186.0
488.0	190.0
489.0	182.0
490.0	185.0
491.0	162.0
492.0	158.0
493.0	184.0
494.0	180.0
495.0	188.0
496.0	172.0
497.0	171.0
498.0	155.0
499.0	149.0
500.0	144.0
501.0	172.0
502.0	170.0
503.0	148.0
504.0	154.0
505.0	121.0
506.0	162.0
507.0	148.0
508.0	131.0
509.0	127.0
510.0	126.0
511.0	138.0
512.0	144.0
513.0	113.0
514.0	101.0
515.0	110.0
516.0	102.0
517.0	124.0
518.0	129.0
519.0	102.0
520.0	115.0
521.0	104.0
522.0	118.0
523.0	102.0
524.0	103.0
525.0	116.0
526.0	112.0
527.0	104.0
528.0	110.0
529.0	108.0
530.0	125.0
531.0	106.0
532.0	120.0
533.0	119.0
534.0	123.0
535.0	117.0
536.0	121.0
537.0	122.0
538.0	145.0
539.0	124.0
540.0	142.0
541.0	124.0
542.0	131.0
543.0	127.0
544.0	134.0
545.0	125.0
546.0	115.0
547.0	125.0
548.0	117.0
549.0	121.0
550.0	129.0
551.0	129.0
552.0	120.0
553.0	137.0
554.0	131.0
555.0	153.0
556.0	126.0
557.0	119.0
558.0	121.0
559.0	117.0
560.0	120.0
561.0	121.0
562.0	119.0
563.0	124.0
564.0	115.0
565.0	131.0
566.0	129.0
567.0	108.0
568.0	125.0
569.0	109.0
570.0	116.0
571.0	120.0
572.0	102.0
573.0	95.0
574.0	132.0
575.0	136.0
576.0	125.0
577.0	141.0
578.0	131.0
579.0	135.0
580.0	121.0
581.0	125.0
582.0	114.0
583.0	104.0
584.0	111.0
585.0	105.0
586.0	108.0
587.0	115.0
588.0	128.0
589.0	121.0
590.0	115.0
591.0	133.0
592.0	140.0
593.0	121.0
594.0	110.0
595.0	114.0
596.0	106.0
597.0	120.0
598.0	106.0
599.0	98.0
600.0	107.0
601.0	90.0
602.0	103.0
603.0	125.0
604.0	125.0
605.0	130.0
606.0	121.0
607.0	116.0
608.0	100.0
609.0	96.0
610.0	109.0
611.0	111.0
612.0	106.0
613.0	102.0
614.0	92.0
615.0	96.0
616.0	98.0
617.0	110.0
618.0	89.0
619.0	101.0
620.0	86.0
621.0	89.0
622.0	107.0
623.0	109.0
624.0	102.0
625.0	98.0
626.0	100.0
627.0	99.0
628.0	115.0
629.0	139.0
630.0	96.0
631.0	100.0
632.0	117.0
633.0	120.0
634.0	98.0
635.0	108.0
636.0	78.0
637.0	85.0
638.0	103.0
639.0	89.0
640.0	112.0
641.0	86.0
642.0	80.0
643.0	85.0
644.0	85.0
645.0	89.0
646.0	90.0
647.0	91.0
648.0	94.0
649.0	89.0
650.0	102.0
651.0	104.0
652.0	106.0
653.0	79.0
654.0	92.0
655.0	66.0
656.0	82.0
657.0	97.0
658.0	97.0
659.0	81.0
660.0	79.0
661.0	95.0
662.0	89.0
663.0	70.0
664.0	81.0
665.0	78.0
666.0	61.0
667.0	86.0
668.0	92.0
669.0	80.0
670.0	84.0
671.0	76.0
672.0	73.0
673.0	72.0
674.0	78.0
675.0	71.0
676.0	81.0
677.0	75.0
678.0	70.0
679.0	64.0
680.0	57.0
681.0	74.0
682.0	77.0
683.0	85.0
684.0	70.0
685.0	75.0
686.0	82.0
687.0	80.0
688.0	77.0
689.0	78.0
690.0	57.0
691.0	68.0
692.0	55.0
693.0	60.0
694.0	72.0
695.0	52.0
696.0	56.0
697.0	60.0
698.0	50.0
699.0	47.0
700.0	61.0
701.0	53.0
702.0	86.0
703.0	77.0
704.0	62.0
705.0	75.0
706.0	61.0
707.0	63.0
708.0	78.0
709.0	63.0
710.0	54.0
711.0	66.0
712.0	68.0
713.0	51.0
714.0	63.0
715.0	79.0
716.0	61.0
717.0	56.0
718.0	73.0
719.0	60.0
720.0	73.0
721.0	64.0
722.0	64.0
723.0	55.0
724.0	49.0
725.0	46.0
726.0	62.0
727.0	44.0
728.0	44.0
729.0	63.0
730.0	56.0
731.0	42.0
732.0	54.0
733.0	60.0
734.0	50.0
735.0	60.0
736.0	60.0
737.0	63.0
738.0	58.0
739.0	40.0
740.0	46.0
741.0	42.0
742.0	47.0
743.0	43.0
744.0	40.0
745.0	54.0
746.0	52.0
747.0	37.0
748.0	41.0
749.0	30.0
750.0	55.0
751.0	49.0
752.0	38.0
753.0	40.0
754.0	35.0
755.0	47.0
756.0	58.0
757.0	63.0
758.0	43.0
759.0	53.0
760.0	42.0
761.0	60.0
762.0	51.0
763.0	44.0
764.0	64.0
765.0	53.0
766.0	63.0
767.0	56.0
768.0	39.0
769.0	52.0
770.0	43.0
771.0	38.0
772.0	40.0
773.0	53.0
774.0	45.0
775.0	38.0
776.0	49.0
777.0	53.0
778.0	49.0
779.0	51.0
780.0	40.0
781.0	52.0
782.0	47.0
783.0	51.0
784.0	46.0
785.0	49.0
786.0	44.0
787.0	44.0
788.0	55.0
789.0	43.0
790.0	49.0
791.0	47.0
792.0	54.0
793.0	45.0
794.0	48.0
795.0	51.0
796.0	45.0
797.0	52.0
798.0	51.0
799.0	37.0
800.0	40.0
801.0	40.0
802.0	39.0
803.0	36.0
804.0	33.0
805.0	48.0
806.0	48.0
807.0	41.0
808.0	44.0
809.0	46.0
810.0	45.0
811.0	44.0
812.0	50.0
813.0	50.0
814.0	55.0
815.0	46.0
816.0	51.0
817.0	56.0
818.0	64.0
819.0	38.0
820.0	41.0
821.0	48.0
822.0	58.0
823.0	41.0
824.0	52.0
825.0	35.0
826.0	43.0
827.0	63.0
828.0	38.0
829.0	42.0
830.0	38.0
831.0	46.0
832.0	59.0
833.0	50.0
834.0	40.0
835.0	44.0
836.0	37.0
837.0	30.0
838.0	45.0
839.0	55.0
840.0	52.0
841.0	44.0
842.0	34.0
843.0	52.0
844.0	37.0
845.0	26.0
846.0	39.0
847.0	37.0
848.0	38.0
849.0	35.0
850.0	36.0
851.0	39.0
852.0	25.0
853.0	34.0
854.0	32.0
855.0	31.0
856.0	41.0
857.0	34.0
858.0	25.0
859.0	37.0
860.0	38.0
861.0	32.0
862.0	34.0
863.0	35.0
864.0	37.0
865.0	34.0
866.0	34.0
867.0	37.0
868.0	43.0
869.0	43.0
870.0	48.0
871.0	36.0
872.0	40.0
873.0	41.0
874.0	29.0
875.0	44.0
876.0	31.0
877.0	36.0
878.0	43.0
879.0	43.0
880.0	34.0
881.0	53.0
882.0	49.0
883.0	47.0
884.0	53.0
885.0	56.0
886.0	30.0
887.0	39.0
888.0	37.0
889.0	47.0
890.0	39.0
891.0	30.0
892.0	35.0
893.0	37.0
894.0	46.0
895.0	46.0
896.0	43.0
897.0	46.0
898.0	30.0
899.0	27.0
900.0	35.0
901.0	25.0
902.0	35.0
903.0	32.0
904.0	31.0
905.0	41.0
906.0	19.0
907.0	29.0
908.0	30.0
909.0	29.0
910.0	32.0
911.0	39.0
912.0	38.0
913.0	26.0
914.0	29.0
915.0	30.0
916.0	29.0
917.0	28.0
918.0	21.0
919.0	24.0
920.0	32.0
921.0	28.0
922.0	36.0
923.0	26.0
924.0	29.0
925.0	16.0
926.0	31.0
927.0	24.0
928.0	25.0
929.0	23.0
930.0	29.0
931.0	25.0
932.0	33.0
933.0	15.0
934.0	19.0
935.0	25.0
936.0	26.0
937.0	23.0
938.0	36.0
939.0	30.0
940.0	22.0
941.0	26.0
942.0	25.0
943.0	21.0
944.0	33.0
945.0	28.0
946.0	32.0
947.0	30.0
948.0	29.0
949.0	25.0
950.0	39.0
951.0	28.0
952.0	29.0
953.0	29.0
954.0	28.0
955.0	33.0
956.0	22.0
957.0	26.0
958.0	28.0
959.0	20.0
960.0	27.0
961.0	33.0
962.0	29.0
963.0	24.0
964.0	31.0
965.0	23.0
966.0	22.0
967.0	27.0
968.0	23.0
969.0	32.0
970.0	27.0
971.0	34.0
972.0	18.0
973.0	33.0
974.0	25.0
975.0	26.0
976.0	34.0
977.0	20.0
978.0	25.0
979.0	25.0
980.0	30.0
981.0	32.0
982.0	28.0
983.0	32.0
984.0	35.0
985.0	30.0
986.0	26.0
987.0	44.0
988.0	38.0
989.0	31.0
990.0	40.0
991.0	32.0
992.0	34.0
993.0	24.0
994.0	28.0
995.0	29.0
996.0	28.0
997.0	26.0
998.0	21.0
999.0	26.0
1000.0	27.0
1001.0	25.0
1002.0	31.0
1003.0	28.0
1004.0	26.0
1005.0	19.0
1006.0	34.0
1007.0	22.0
1008.0	21.0
1009.0	36.0
1010.0	32.0
1011.0	31.0
1012.0	22.0
1013.0	23.0
1014.0	15.0
1015.0	26.0
1016.0	16.0
1017.0	24.0
1018.0	11.0
1019.0	18.0
1020.0	21.0
1021.0	10.0
1022.0	23.0
1023.0	24.0
1024.0	20.0
1025.0	18.0
1026.0	16.0
1027.0	22.0
1028.0	17.0
1029.0	27.0
1030.0	15.0
1031.0	23.0
1032.0	33.0
1033.0	27.0
1034.0	42.0
1035.0	35.0
1036.0	22.0
1037.0	31.0
1038.0	20.0
1039.0	18.0
1040.0	16.0
1041.0	8.0
1042.0	19.0
1043.0	16.0
1044.0	23.0
1045.0	19.0
1046.0	13.0
1047.0	16.0
1048.0	24.0
1049.0	20.0
1050.0	25.0
1051.0	24.0
1052.0	15.0
1053.0	26.0
1054.0	19.0
1055.0	15.0
1056.0	26.0
1057.0	21.0
1058.0	16.0
1059.0	18.0
1060.0	20.0
1061.0	16.0
1062.0	18.0
1063.0	18.0
1064.0	13.0
1065.0	22.0
1066.0	20.0
1067.0	18.0
1068.0	19.0
1069.0	22.0
1070.0	15.0
1071.0	16.0
1072.0	18.0
1073.0	20.0
1074.0	11.0
1075.0	20.0
1076.0	18.0
1077.0	15.0
1078.0	18.0
1079.0	21.0
1080.0	21.0
1081.0	13.0
1082.0	29.0
1083.0	30.0
1084.0	21.0
1085.0	19.0
1086.0	26.0
1087.0	16.0
1088.0	14.0
1089.0	18.0
1090.0	17.0
1091.0	20.0
1092.0	19.0
1093.0	23.0
1094.0	16.0
1095.0	22.0
1096.0	26.0
1097.0	13.0
1098.0	27.0
1099.0	22.0
1100.0	37.0
1101.0	25.0
1102.0	24.0
1103.0	26.0
1104.0	25.0
1105.0	17.0
1106.0	21.0
1107.0	22.0
1108.0	16.0
1109.0	25.0
1110.0	20.0
1111.0	21.0
1112.0	21.0
1113.0	26.0
1114.0	17.0
1115.0	25.0
1116.0	12.0
1117.0	20.0
1118.0	17.0
1119.0	14.0
1120.0	24.0
1121.0	18.0
1122.0	14.0
1123.0	22.0
1124.0	14.0
1125.0	21.0
1126.0	22.0
1127.0	15.0
1128.0	15.0
1129.0	25.0
1130.0	25.0
1131.0	26.0
1132.0	17.0
1133.0	14.0
1134.0	16.0
1135.0	17.0
1136.0	26.0
1137.0	18.0
1138.0	17.0
1139.0	13.0
1140.0	16.0
1141.0	19.0
1142.0	20.0
1143.0	22.0
1144.0	20.0
1145.0	10.0
1146.0	21.0
1147.0	16.0
1148.0	19.0
1149.0	17.0
1150.0	17.0
1151.0	27.0
1152.0	17.0
1153.0	14.0
1154.0	18.0
1155.0	19.0
1156.0	20.0
1157.0	9.0
1158.0	16.0
1159.0	16.0
1160.0	16.0
1161.0	13.0
1162.0	27.0
1163.0	24.0
1164.0	23.0
1165.0	20.0
1166.0	21.0
1167.0	20.0
1168.0	23.0
1169.0	24.0
1170.0	21.0
1171.0	26.0
1172.0	24.0
1173.0	23.0
1174.0	29.0
1175.0	30.0
1176.0	29.0
1177.0	29.0
1178.0	20.0
1179.0	22.0
1180.0	17.0
1181.0	24.0
1182.0	21.0
1183.0	21.0
1184.0	23.0
1185.0	11.0
1186.0	18.0
1187.0	10.0
1188.0	25.0
1189.0	19.0
1190.0	19.0
1191.0	16.0
1192.0	16.0
1193.0	17.0
1194.0	16.0
1195.0	13.0
1196.0	23.0
1197.0	22.0
1198.0	18.0
1199.0	14.0
1200.0	11.0
1201.0	23.0
1202.0	23.0
1203.0	20.0
1204.0	15.0
1205.0	24.0
1206.0	20.0
1207.0	15.0
1208.0	11.0
1209.0	18.0
1210.0	13.0
1211.0	17.0
1212.0	16.0
1213.0	17.0
1214.0	15.0
1215.0	20.0
1216.0	12.0
1217.0	15.0
1218.0	13.0
1219.0	21.0
1220.0	13.0
1221.0	21.0
1222.0	13.0
1223.0	16.0
1224.0	8.0
1225.0	16.0
1226.0	17.0
1227.0	16.0
1228.0	9.0
1229.0	14.0
1230.0	15.0
1231.0	14.0
1232.0	20.0
1233.0	20.0
1234.0	16.0
1235.0	12.0
1236.0	13.0
1237.0	16.0
1238.0	11.0
1239.0	17.0
1240.0	17.0
1241.0	18.0
1242.0	15.0
1243.0	16.0
1244.0	14.0
1245.0	9.0
1246.0	16.0
1247.0	11.0
1248.0	20.0
1249.0	17.0
1250.0	18.0
1251.0	9.0
1252.0	24.0
1253.0	17.0
1254.0	9.0
1255.0	11.0
1256.0	22.0
1257.0	26.0
1258.0	17.0
1259.0	16.0
1260.0	24.0
1261.0	13.0
1262.0	22.0
1263.0	20.0
1264.0	11.0
1265.0	15.0
1266.0	16.0
1267.0	23.0
1268.0	10.0
1269.0	16.0
1270.0	16.0
1271.0	15.0
1272.0	18.0
1273.0	20.0
1274.0	18.0
1275.0	11.0
1276.0	16.0
1277.0	18.0
1278.0	17.0
1279.0	22.0
1280.0	18.0
1281.0	19.0
1282.0	16.0
1283.0	26.0
1284.0	21.0
1285.0	11.0
1286.0	19.0
1287.0	10.0
1288.0	17.0
1289.0	14.0
1290.0	17.0
1291.0	19.0
1292.0	13.0
1293.0	15.0
1294.0	16.0
1295.0	16.0
1296.0	21.0
1297.0	16.0
1298.0	19.0
1299.0	15.0
1300.0	16.0
1301.0	18.0
1302.0	15.0
1303.0	16.0
1304.0	12.0
1305.0	13.0
1306.0	16.0
1307.0	16.0
1308.0	11.0
1309.0	15.0
1310.0	11.0
1311.0	14.0
1312.0	17.0
1313.0	14.0
1314.0	17.0
1315.0	17.0
1316.0	11.0
1317.0	20.0
1318.0	9.0
1319.0	22.0
1320.0	13.0
1321.0	13.0
1322.0	23.0
1323.0	10.0
1324.0	12.0
1325.0	12.0
1326.0	15.0
1327.0	11.0
1328.0	17.0
1329.0	18.0
1330.0	8.0
1331.0	18.0
1332.0	9.0
1333.0	22.0
1334.0	19.0
1335.0	15.0
1336.0	21.0
1337.0	16.0
1338.0	15.0
1339.0	16.0
1340.0	14.0
1341.0	11.0
1342.0	19.0
1343.0	16.0
1344.0	8.0
1345.0	20.0
1346.0	15.0
1347.0	13.0
1348.0	16.0
1349.0	19.0
1350.0	13.0
1351.0	15.0
1352.0	15.0
1353.0	14.0
1354.0	17.0
1355.0	14.0
1356.0	14.0
1357.0	16.0
1358.0	15.0
1359.0	14.0
1360.0	17.0
1361.0	12.0
1362.0	15.0
1363.0	14.0
1364.0	25.0
1365.0	16.0
1366.0	11.0
1367.0	17.0
1368.0	11.0
1369.0	15.0
1370.0	11.0
1371.0	4.0
1372.0	15.0
1373.0	8.0
1374.0	12.0
1375.0	16.0
1376.0	17.0
1377.0	7.0
1378.0	14.0
1379.0	17.0
1380.0	12.0
1381.0	13.0
1382.0	14.0
1383.0	9.0
1384.0	14.0
1385.0	17.0
1386.0	11.0
1387.0	14.0
1388.0	11.0
1389.0	16.0
1390.0	14.0
1391.0	7.0
1392.0	14.0
1393.0	14.0
1394.0	14.0
1395.0	15.0
1396.0	17.0
1397.0	15.0
1398.0	9.0
1399.0	24.0
1400.0	20.0
1401.0	10.0
1402.0	17.0
1403.0	22.0
1404.0	12.0
1405.0	12.0
1406.0	12.0
1407.0	10.0
1408.0	16.0
1409.0	20.0
1410.0	14.0
1411.0	15.0
1412.0	12.0
1413.0	16.0
1414.0	12.0
1415.0	17.0
1416.0	16.0
1417.0	10.0
1418.0	10.0
1419.0	10.0
1420.0	6.0
1421.0	11.0
1422.0	16.0
1423.0	18.0
1424.0	17.0
1425.0	12.0
1426.0	11.0
1427.0	10.0
1428.0	16.0
1429.0	16.0
1430.0	21.0
1431.0	12.0
1432.0	26.0
1433.0	15.0
1434.0	15.0
1435.0	22.0
1436.0	17.0
1437.0	14.0
1438.0	11.0
1439.0	21.0
1440.0	13.0
1441.0	12.0
1442.0	24.0
1443.0	23.0
1444.0	22.0
1445.0	9.0
1446.0	16.0
1447.0	16.0
1448.0	22.0
1449.0	16.0
1450.0	16.0
1451.0	16.0
1452.0	12.0
1453.0	11.0
1454.0	16.0
1455.0	8.0
1456.0	7.0
1457.0	13.0
1458.0	21.0
1459.0	15.0
1460.0	15.0
1461.0	16.0
1462.0	11.0
1463.0	9.0
1464.0	14.0
1465.0	16.0
1466.0	14.0
1467.0	12.0
1468.0	17.0
1469.0	19.0
1470.0	8.0
1471.0	14.0
1472.0	17.0
1473.0	14.0
1474.0	16.0
1475.0	12.0
1476.0	13.0
1477.0	12.0
1478.0	9.0
1479.0	12.0
1480.0	16.0
1481.0	13.0
1482.0	15.0
1483.0	16.0
1484.0	14.0
1485.0	11.0
1486.0	13.0
1487.0	13.0
1488.0	9.0
1489.0	17.0
1490.0	18.0
1491.0	11.0
1492.0	12.0
1493.0	17.0
1494.0	15.0
1495.0	15.0
1496.0	13.0
1497.0	17.0
1498.0	14.0
1499.0	9.0
1500.0	19.0
1501.0	18.0
1502.0	12.0
1503.0	16.0
1504.0	22.0
1505.0	15.0
1506.0	16.0
1507.0	19.0
1508.0	23.0
1509.0	8.0
1510.0	10.0
1511.0	8.0
1512.0	9.0
1513.0	8.0
1514.0	14.0
1515.0	12.0
1516.0	9.0
1517.0	9.0
1518.0	4.0
1519.0	15.0
1520.0	9.0
1521.0	11.0
1522.0	14.0
1523.0	11.0
1524.0	17.0
1525.0	15.0
1526.0	15.0
1527.0	16.0
1528.0	14.0
1529.0	11.0
1530.0	17.0
1531.0	22.0
1532.0	11.0
1533.0	16.0
1534.0	10.0
1535.0	9.0
1536.0	14.0
1537.0	10.0
1538.0	7.0
1539.0	5.0
1540.0	15.0
1541.0	11.0
1542.0	9.0
1543.0	16.0
1544.0	14.0
1545.0	12.0
1546.0	12.0
1547.0	8.0
1548.0	12.0
1549.0	19.0
1550.0	10.0
1551.0	11.0
1552.0	13.0
1553.0	7.0
1554.0	10.0
1555.0	13.0
1556.0	14.0
1557.0	12.0
1558.0	12.0
1559.0	21.0
1560.0	6.0
1561.0	10.0
1562.0	15.0
1563.0	14.0
1564.0	15.0
1565.0	6.0
1566.0	6.0
1567.0	10.0
1568.0	16.0
1569.0	13.0
1570.0	12.0
1571.0	9.0
1572.0	11.0
1573.0	12.0
1574.0	15.0
1575.0	8.0
1576.0	15.0
1577.0	12.0
1578.0	5.0
1579.0	7.0
1580.0	11.0
1581.0	15.0
1582.0	12.0
1583.0	15.0
1584.0	11.0
1585.0	8.0
1586.0	12.0
1587.0	13.0
1588.0	13.0
1589.0	7.0
1590.0	9.0
1591.0	17.0
1592.0	8.0
1593.0	15.0
1594.0	12.0
1595.0	9.0
1596.0	12.0
1597.0	19.0
1598.0	11.0
1599.0	6.0
1600.0	11.0
1601.0	11.0
1602.0	5.0
1603.0	8.0
1604.0	13.0
1605.0	8.0
1606.0	10.0
1607.0	13.0
1608.0	12.0
1609.0	12.0
1610.0	11.0
1611.0	14.0
1612.0	6.0
1613.0	10.0
1614.0	9.0
1615.0	10.0
1616.0	14.0
1617.0	13.0
1618.0	5.0
1619.0	10.0
1620.0	13.0
1621.0	10.0
1622.0	6.0
1623.0	14.0
1624.0	6.0
1625.0	7.0
1626.0	7.0
1627.0	9.0
1628.0	7.0
1629.0	6.0
1630.0	13.0
1631.0	11.0
1632.0	8.0
1633.0	11.0
1634.0	6.0
1635.0	9.0
1636.0	5.0
1637.0	8.0
1638.0	7.0
1639.0	7.0
1640.0	6.0
1641.0	5.0
1642.0	14.0
1643.0	7.0
1644.0	6.0
1645.0	11.0
1646.0	12.0
1647.0	8.0
1648.0	8.0
1649.0	5.0
1650.0	7.0
1651.0	6.0
1652.0	4.0
1653.0	8.0
1654.0	8.0
1655.0	7.0
1656.0	8.0
1657.0	10.0
1658.0	9.0
1659.0	7.0
1660.0	6.0
1661.0	7.0
1662.0	13.0
1663.0	6.0
1664.0	8.0
1665.0	4.0
1666.0	8.0
1667.0	5.0
1668.0	6.0
1669.0	9.0
1670.0	8.0
1671.0	5.0
1672.0	9.0
1673.0	10.0
1674.0	18.0
1675.0	7.0
1676.0	8.0
1677.0	13.0
1678.0	14.0
1679.0	9.0
1680.0	11.0
1681.0	12.0
1682.0	17.0
1683.0	9.0
1684.0	20.0
1685.0	12.0
1686.0	8.0
1687.0	12.0
1688.0	7.0
1689.0	7.0
1690.0	13.0
1691.0	8.0
1692.0	10.0
1693.0	8.0
1694.0	10.0
1695.0	4.0
1696.0	10.0
1697.0	11.0
1698.0	11.0
1699.0	7.0
1700.0	15.0
1701.0	3.0
1702.0	11.0
1703.0	11.0
1704.0	9.0
1705.0	3.0
1706.0	10.0
1707.0	8.0
1708.0	9.0
1709.0	5.0
1710.0	4.0
1711.0	10.0
1712.0	6.0
1713.0	7.0
1714.0	11.0
1715.0	12.0
1716.0	4.0
1717.0	12.0
1718.0	12.0
1719.0	5.0
1720.0	15.0
1721.0	6.0
1722.0	13.0
1723.0	7.0
1724.0	7.0
1725.0	13.0
1726.0	3.0
1727.0	17.0
1728.0	11.0
1729.0	9.0
1730.0	7.0
1731.0	8.0
1732.0	7.0
1733.0	8.0
1734.0	9.0
1735.0	15.0
1736.0	13.0
1737.0	8.0
1738.0	5.0
1739.0	7.0
1740.0	6.0
1741.0	5.0
1742.0	5.0
1743.0	10.0
1744.0	8.0
1745.0	10.0
1746.0	2.0
1747.0	5.0
1748.0	6.0
1749.0	7.0
1750.0	9.0
1751.0	8.0
1752.0	12.0
1753.0	6.0
1754.0	8.0
1755.0	6.0
1756.0	14.0
1757.0	4.0
1758.0	4.0
1759.0	7.0
1760.0	7.0
1761.0	9.0
1762.0	6.0
1763.0	5.0
1764.0	6.0
1765.0	8.0
1766.0	6.0
1767.0	7.0
1768.0	7.0
1769.0	2.0
1770.0	10.0
1771.0	11.0
1772.0	6.0
1773.0	12.0
1774.0	9.0
1775.0	10.0
1776.0	9.0
1777.0	12.0
1778.0	10.0
1779.0	16.0
1780.0	6.0
1781.0	1.0
1782.0	6.0
1783.0	14.0
1784.0	9.0
1785.0	9.0
1786.0	13.0
1787.0	13.0
1788.0	9.0
1789.0	10.0
1790.0	14.0
1791.0	13.0
1792.0	6.0
1793.0	4.0
1794.0	10.0
1795.0	6.0
1796.0	12.0
1797.0	6.0
1798.0	11.0
1799.0	9.0
1800.0	10.0
1801.0	7.0
1802.0	3.0
1803.0	8.0
1804.0	11.0
1805.0	5.0
1806.0	4.0
1807.0	14.0
1808.0	7.0
1809.0	7.0
1810.0	10.0
1811.0	10.0
1812.0	6.0
1813.0	9.0
1814.0	13.0
1815.0	12.0
1816.0	11.0
1817.0	6.0
1818.0	6.0
1819.0	8.0
1820.0	7.0
1821.0	5.0
1822.0	9.0
1823.0	5.0
1824.0	7.0
1825.0	10.0
1826.0	5.0
1827.0	10.0
1828.0	5.0
1829.0	10.0
1830.0	5.0
1831.0	8.0
1832.0	6.0
1833.0	9.0
1834.0	12.0
1835.0	6.0
1836.0	8.0
1837.0	8.0
1838.0	5.0
1839.0	13.0
1840.0	7.0
1841.0	6.0
1842.0	4.0
1843.0	8.0
1844.0	12.0
1845.0	10.0
1846.0	7.0
1847.0	5.0
1848.0	5.0
1849.0	9.0
1850.0	10.0
1851.0	5.0
1852.0	9.0
1853.0	6.0
1854.0	6.0
1855.0	10.0
1856.0	11.0
1857.0	9.0
1858.0	8.0
1859.0	9.0
1860.0	6.0
1861.0	6.0
1862.0	7.0
1863.0	6.0
1864.0	8.0
1865.0	11.0
1866.0	12.0
1867.0	10.0
1868.0	10.0
1869.0	15.0
1870.0	12.0
1871.0	5.0
1872.0	10.0
1873.0	8.0
1874.0	7.0
1875.0	6.0
1876.0	3.0
1877.0	12.0
1878.0	7.0
1879.0	6.0
1880.0	11.0
1881.0	2.0
1882.0	10.0
1883.0	6.0
1884.0	10.0
1885.0	7.0
1886.0	6.0
1887.0	2.0
1888.0	13.0
1889.0	9.0
1890.0	8.0
1891.0	2.0
1892.0	4.0
1893.0	9.0
1894.0	9.0
1895.0	8.0
1896.0	4.0
1897.0	6.0
1898.0	5.0
1899.0	9.0
1900.0	9.0
1901.0	7.0
1902.0	4.0
1903.0	5.0
1904.0	6.0
1905.0	6.0
1906.0	7.0
1907.0	5.0
1908.0	12.0
1909.0	1.0
1910.0	9.0
1911.0	8.0
1912.0	11.0
1913.0	5.0
1914.0	5.0
1915.0	3.0
1916.0	6.0
1917.0	8.0
1918.0	9.0
1919.0	4.0
1920.0	3.0
1921.0	3.0
1922.0	7.0
1923.0	9.0
1924.0	7.0
1925.0	3.0
1926.0	4.0
1927.0	7.0
1928.0	5.0
1929.0	4.0
1930.0	10.0
1931.0	5.0
1932.0	7.0
1933.0	4.0
1934.0	8.0
1935.0	2.0
1936.0	9.0
1937.0	6.0
1938.0	9.0
1939.0	7.0
1940.0	7.0
1941.0	7.0
1942.0	6.0
1943.0	3.0
1944.0	5.0
1945.0	6.0
1946.0	3.0
1947.0	3.0
1948.0	4.0
1949.0	7.0
1950.0	8.0
1951.0	6.0
1952.0	4.0
1953.0	3.0
1954.0	3.0
1955.0	7.0
1956.0	1.0
1957.0	3.0
1958.0	5.0
1959.0	1.0
1960.0	4.0
1961.0	9.0
1962.0	5.0
1963.0	7.0
1964.0	5.0
1965.0	3.0
1966.0	3.0
1967.0	7.0
1968.0	7.0
1969.0	2.0
1970.0	8.0
1971.0	7.0
1972.0	3.0
1973.0	5.0
1975.0	3.0
1976.0	6.0
1977.0	1.0
1978.0	6.0
1979.0	5.0
1980.0	8.0
1981.0	4.0
1982.0	4.0
1983.0	4.0
1984.0	9.0
1985.0	2.0
1986.0	4.0
1987.0	3.0
1988.0	1.0
1989.0	10.0
1990.0	6.0
1991.0	3.0
1992.0	1.0
1993.0	3.0
1994.0	6.0
1995.0	4.0
1996.0	2.0
1997.0	5.0
1998.0	2.0
1999.0	3.0
2000.0	3.0
2001.0	1.0
2002.0	4.0
2003.0	5.0
2004.0	2.0
2005.0	6.0
2006.0	4.0
2007.0	3.0
2008.0	3.0
2009.0	2.0
2010.0	3.0
2011.0	3.0
2012.0	3.0
2013.0	5.0
2014.0	8.0
2015.0	4.0
2016.0	1.0
2017.0	7.0
2018.0	3.0
2019.0	3.0
2020.0	3.0
2021.0	6.0
2022.0	7.0
2023.0	6.0
2024.0	4.0
2025.0	5.0
2026.0	4.0
2027.0	4.0
2028.0	1.0
2029.0	9.0
2030.0	6.0
2031.0	9.0
2032.0	3.0
2033.0	8.0
2034.0	9.0
2035.0	5.0
2036.0	6.0
2037.0	3.0
2038.0	5.0
2039.0	3.0
2040.0	3.0
2041.0	5.0
2042.0	4.0
2043.0	2.0
2044.0	5.0
2045.0	7.0
2046.0	1.0
2047.0	2.0
2048.0	2.0
2049.0	3.0
2050.0	2.0
2051.0	1.0
2052.0	2.0
2053.0	8.0
2054.0	8.0
2055.0	3.0
2056.0	2.0
2057.0	8.0
2058.0	4.0
2059.0	7.0
2060.0	4.0
2061.0	3.0
2062.0	5.0
2063.0	4.0
2064.0	4.0
2065.0	4.0
2066.0	1.0
2067.0	4.0
2068.0	1.0
2069.0	2.0
2070.0	6.0
2071.0	3.0
2072.0	4.0
2073.0	4.0
2074.0	6.0
2075.0	4.0
2076.0	8.0
2077.0	3.0
2078.0	4.0
2079.0	3.0
2080.0	2.0
2081.0	4.0
2082.0	4.0
2083.0	3.0
2084.0	4.0
2085.0	6.0
2086.0	1.0
2087.0	2.0
2088.0	6.0
2089.0	4.0
2090.0	5.0
2091.0	2.0
2092.0	2.0
2093.0	5.0
2094.0	2.0
2095.0	7.0
2096.0	4.0
2097.0	6.0
2098.0	5.0
2099.0	10.0
2100.0	2.0
2101.0	6.0
2102.0	3.0
2103.0	5.0
2104.0	4.0
2105.0	5.0
2106.0	4.0
2107.0	3.0
2108.0	9.0
2109.0	4.0
2110.0	4.0
2111.0	6.0
2112.0	6.0
2113.0	5.0
2114.0	2.0
2115.0	3.0
2116.0	2.0
2117.0	4.0
2118.0	3.0
2119.0	6.0
2120.0	8.0
2121.0	4.0
2122.0	4.0
2123.0	4.0
2124.0	2.0
2125.0	4.0
2126.0	4.0
2127.0	7.0
2128.0	8.0
2129.0	4.0
2130.0	4.0
2131.0	1.0
2132.0	7.0
2133.0	1.0
2134.0	2.0
2135.0	4.0
2136.0	5.0
2137.0	10.0
2138.0	2.0
2139.0	5.0
2140.0	4.0
2141.0	2.0
2142.0	2.0
2143.0	3.0
2144.0	3.0
2145.0	5.0
2146.0	4.0
2147.0	2.0
2148.0	2.0
2149.0	4.0
2150.0	2.0
2151.0	7.0
2152.0	4.0
2153.0	5.0
2154.0	2.0
2155.0	5.0
2156.0	6.0
2158.0	2.0
2159.0	8.0
2160.0	2.0
2161.0	2.0
2162.0	2.0
2163.0	2.0
2164.0	2.0
2165.0	2.0
2166.0	2.0
2167.0	4.0
2168.0	3.0
2169.0	3.0
2170.0	8.0
2171.0	3.0
2172.0	3.0
2173.0	4.0
2174.0	4.0
2175.0	4.0
2176.0	7.0
2177.0	1.0
2178.0	2.0
2179.0	1.0
2180.0	1.0
2181.0	6.0
2182.0	4.0
2183.0	2.0
2184.0	4.0
2185.0	4.0
2186.0	4.0
2187.0	4.0
2188.0	4.0
2189.0	4.0
2190.0	4.0
2191.0	4.0
2192.0	7.0
2193.0	4.0
2194.0	1.0
2195.0	5.0
2196.0	4.0
2197.0	3.0
2198.0	6.0
2199.0	8.0
2200.0	4.0
2201.0	2.0
2202.0	2.0
2203.0	4.0
2204.0	4.0
2205.0	6.0
2206.0	3.0
2207.0	6.0
2208.0	1.0
2209.0	5.0
2210.0	2.0
2211.0	3.0
2212.0	5.0
2213.0	4.0
2214.0	5.0
2215.0	4.0
2216.0	8.0
2217.0	2.0
2218.0	2.0
2219.0	5.0
2220.0	7.0
2221.0	6.0
2222.0	5.0
2223.0	2.0
2224.0	3.0
2225.0	4.0
2226.0	4.0
2227.0	7.0
2228.0	2.0
2229.0	3.0
2230.0	5.0
2231.0	3.0
2232.0	4.0
2233.0	1.0
2234.0	3.0
2235.0	7.0
2236.0	10.0
2237.0	8.0
2238.0	6.0
2239.0	4.0
2240.0	4.0
2241.0	10.0
2242.0	4.0
2243.0	3.0
2244.0	3.0
2245.0	3.0
2246.0	4.0
2247.0	3.0
2248.0	3.0
2249.0	4.0
2250.0	10.0
2251.0	2.0
2252.0	4.0
2253.0	3.0
2254.0	6.0
2255.0	8.0
2256.0	2.0
2257.0	4.0
2258.0	7.0
2259.0	5.0
2260.0	3.0
2261.0	4.0
2262.0	3.0
2263.0	6.0
2264.0	2.0
2265.0	8.0
2266.0	7.0
2267.0	4.0
2268.0	1.0
2269.0	3.0
2271.0	4.0
2272.0	4.0
2273.0	5.0
2274.0	1.0
2275.0	3.0
2276.0	5.0
2277.0	2.0
2278.0	2.0
2279.0	6.0
2280.0	3.0
2281.0	2.0
2282.0	5.0
2283.0	3.0
2284.0	6.0
2285.0	2.0
2286.0	4.0
2287.0	2.0
2288.0	6.0
2289.0	6.0
2290.0	4.0
2291.0	3.0
2292.0	2.0
2293.0	5.0
2294.0	3.0
2295.0	7.0
2296.0	3.0
2297.0	6.0
2298.0	4.0
2299.0	2.0
2300.0	4.0
2301.0	5.0
2302.0	4.0
2303.0	2.0
2304.0	5.0
2305.0	4.0
2306.0	4.0
2307.0	3.0
2308.0	4.0
2309.0	4.0
2310.0	1.0
2311.0	3.0
2312.0	2.0
2313.0	6.0
2314.0	4.0
2315.0	2.0
2316.0	3.0
2317.0	6.0
2318.0	6.0
2319.0	2.0
2320.0	5.0
2321.0	5.0
2322.0	8.0
2323.0	4.0
2324.0	4.0
2325.0	4.0
2326.0	2.0
2327.0	7.0
2328.0	4.0
2329.0	6.0
2330.0	6.0
2331.0	4.0
2332.0	7.0
2333.0	4.0
2334.0	5.0
2335.0	9.0
2336.0	6.0
2337.0	4.0
2338.0	9.0
2339.0	9.0
2340.0	7.0
2341.0	3.0
2342.0	5.0
2343.0	1.0
2345.0	1.0
2346.0	4.0
2347.0	3.0
2348.0	2.0
2350.0	4.0
2351.0	5.0
2352.0	1.0
2353.0	3.0
2354.0	8.0
2355.0	7.0
2356.0	1.0
2357.0	8.0
2358.0	6.0
2359.0	5.0
2360.0	3.0
2361.0	5.0
2362.0	5.0
2363.0	2.0
2364.0	4.0
2365.0	6.0
2366.0	6.0
2368.0	4.0
2369.0	6.0
2370.0	5.0
2371.0	2.0
2372.0	6.0
2373.0	2.0
2374.0	4.0
2375.0	7.0
2376.0	4.0
2377.0	2.0
2378.0	6.0
2379.0	3.0
2380.0	6.0
2381.0	4.0
2382.0	3.0
2383.0	3.0
2384.0	5.0
2385.0	1.0
2386.0	8.0
2387.0	5.0
2388.0	4.0
2389.0	4.0
2390.0	3.0
2391.0	3.0
2392.0	5.0
2393.0	2.0
2394.0	3.0
2395.0	5.0
2396.0	5.0
2397.0	3.0
2398.0	2.0
2399.0	8.0
2400.0	2.0
2401.0	2.0
2402.0	4.0
2403.0	1.0
2404.0	1.0
2405.0	7.0
2406.0	6.0
2408.0	3.0
2409.0	8.0
2410.0	4.0
2411.0	6.0
2412.0	4.0
2413.0	2.0
2414.0	4.0
2415.0	5.0
2416.0	3.0
2417.0	7.0
2418.0	4.0
2419.0	5.0
2420.0	7.0
2421.0	2.0
2422.0	6.0
2423.0	6.0
2424.0	5.0
2425.0	3.0
2426.0	2.0
2427.0	6.0
2428.0	4.0
2429.0	4.0
2430.0	2.0
2431.0	5.0
2433.0	8.0
2434.0	8.0
2435.0	3.0
2436.0	5.0
2437.0	1.0
2438.0	4.0
2439.0	7.0
2440.0	1.0
2441.0	3.0
2442.0	3.0
2443.0	3.0
2444.0	5.0
2445.0	2.0
2446.0	4.0
2447.0	2.0
2448.0	8.0
2449.0	1.0
2450.0	4.0
2451.0	3.0
2452.0	5.0
2453.0	2.0
2454.0	3.0
2455.0	1.0
2456.0	6.0
2457.0	4.0
2458.0	3.0
2459.0	4.0
2460.0	3.0
2461.0	3.0
2462.0	3.0
2463.0	4.0
2464.0	5.0
2465.0	3.0
2466.0	3.0
2467.0	4.0
2468.0	7.0
2469.0	5.0
2470.0	5.0
2471.0	5.0
2472.0	2.0
2473.0	4.0
2474.0	1.0
2475.0	2.0
2476.0	3.0
2477.0	5.0
2478.0	6.0
2479.0	7.0
2480.0	5.0
2481.0	6.0
2482.0	5.0
2483.0	4.0
2484.0	2.0
2485.0	1.0
2486.0	7.0
2487.0	2.0
2488.0	4.0
2489.0	4.0
2490.0	8.0
2492.0	2.0
2493.0	2.0
2494.0	5.0
2495.0	4.0
2496.0	4.0
2497.0	2.0
2498.0	6.0
2499.0	1.0
2500.0	2.0
2501.0	6.0
2502.0	5.0
2503.0	6.0
2504.0	7.0
2505.0	6.0
2506.0	3.0
2507.0	3.0
2508.0	11.0
2509.0	2.0
2510.0	5.0
2511.0	10.0
2512.0	4.0
2513.0	3.0
2514.0	2.0
2515.0	1.0
2516.0	5.0
2517.0	5.0
2518.0	2.0
2519.0	5.0
2520.0	5.0
2521.0	4.0
2522.0	5.0
2523.0	4.0
2524.0	2.0
2525.0	6.0
2526.0	4.0
2527.0	7.0
2528.0	5.0
2529.0	6.0
2530.0	8.0
2531.0	4.0
2532.0	6.0
2533.0	5.0
2534.0	4.0
2535.0	9.0
2536.0	3.0
2537.0	1.0
2538.0	3.0
2539.0	4.0
2540.0	4.0
2541.0	6.0
2542.0	3.0
2543.0	3.0
2544.0	9.0
2545.0	5.0
2546.0	6.0
2547.0	6.0
2548.0	4.0
2549.0	7.0
2550.0	4.0
2551.0	7.0
2552.0	4.0
2553.0	3.0
2554.0	3.0
2556.0	1.0
2557.0	3.0
2558.0	5.0
2559.0	7.0
2560.0	4.0
2562.0	4.0
2563.0	7.0
2564.0	5.0
2565.0	6.0
2566.0	5.0
2567.0	4.0
2568.0	4.0
2569.0	7.0
2570.0	1.0
2571.0	1.0
2572.0	3.0
2573.0	6.0
2574.0	4.0
2575.0	4.0
2576.0	5.0
2577.0	3.0
2578.0	2.0
2579.0	2.0
2581.0	2.0
2582.0	7.0
2583.0	5.0
2584.0	4.0
2585.0	2.0
2586.0	3.0
2587.0	3.0
2589.0	3.0
2590.0	6.0
2592.0	4.0
2593.0	4.0
2594.0	4.0
2595.0	1.0
2596.0	2.0
2597.0	4.0
2598.0	3.0
2599.0	2.0
2600.0	2.0
2601.0	2.0
2602.0	4.0
2603.0	3.0
2605.0	2.0
2608.0	3.0
2609.0	6.0
2610.0	4.0
2611.0	8.0
2612.0	4.0
2613.0	3.0
2614.0	2.0
2615.0	2.0
2616.0	4.0
2617.0	4.0
2618.0	2.0
2619.0	2.0
2620.0	2.0
2622.0	1.0
2623.0	2.0
2624.0	3.0
2625.0	4.0
2626.0	1.0
2627.0	4.0
2628.0	1.0
2629.0	7.0
2630.0	3.0
2631.0	3.0
2632.0	1.0
2633.0	4.0
2634.0	2.0
2635.0	2.0
2636.0	3.0
2637.0	2.0
2638.0	5.0
2639.0	4.0
2640.0	3.0
2641.0	3.0
2642.0	2.0
2643.0	1.0
2644.0	3.0
2645.0	5.0
2646.0	3.0
2647.0	4.0
2648.0	1.0
2649.0	5.0
2650.0	2.0
2651.0	2.0
2652.0	4.0
2653.0	5.0
2654.0	4.0
2655.0	2.0
2656.0	2.0
2657.0	5.0
2659.0	1.0
2660.0	4.0
2661.0	3.0
2662.0	2.0
2663.0	1.0
2664.0	3.0
2665.0	8.0
2666.0	5.0
2667.0	4.0
2668.0	3.0
2669.0	2.0
2670.0	4.0
2671.0	4.0
2673.0	4.0
2674.0	8.0
2675.0	2.0
2676.0	1.0
2677.0	5.0
2679.0	3.0
2680.0	1.0
2681.0	4.0
2682.0	3.0
2683.0	2.0
2684.0	2.0
2685.0	1.0
2686.0	4.0
2687.0	3.0
2688.0	3.0
2689.0	5.0
2690.0	5.0
2691.0	6.0
2693.0	4.0
2694.0	8.0
2695.0	3.0
2696.0	2.0
2697.0	4.0
2698.0	4.0
2699.0	4.0
2700.0	5.0
2701.0	1.0
2702.0	4.0
2703.0	4.0
2706.0	5.0
2707.0	3.0
2708.0	5.0
2709.0	3.0
2710.0	2.0
2711.0	6.0
2712.0	4.0
2713.0	2.0
2714.0	1.0
2715.0	4.0
2716.0	3.0
2717.0	4.0
2718.0	4.0
2719.0	4.0
2720.0	2.0
2721.0	6.0
2722.0	6.0
2723.0	2.0
2724.0	6.0
2726.0	4.0
2727.0	4.0
2729.0	6.0
2730.0	5.0
2731.0	4.0
2732.0	4.0
2733.0	3.0
2734.0	4.0
2735.0	3.0
2736.0	3.0
2737.0	2.0
2738.0	4.0
2739.0	1.0
2740.0	6.0
2741.0	3.0
2742.0	6.0
2743.0	3.0
2745.0	2.0
2746.0	8.0
2747.0	1.0
2748.0	3.0
2749.0	1.0
2750.0	3.0
2751.0	5.0
2752.0	1.0
2753.0	1.0
2754.0	4.0
2755.0	2.0
2756.0	1.0
2757.0	2.0
2758.0	1.0
2759.0	5.0
2760.0	5.0
2761.0	3.0
2762.0	6.0
2763.0	3.0
2764.0	4.0
2765.0	3.0
2766.0	5.0
2767.0	4.0
2768.0	1.0
2769.0	4.0
2770.0	4.0
2771.0	4.0
2772.0	4.0
2773.0	5.0
2774.0	4.0
2775.0	3.0
2776.0	4.0
2777.0	8.0
2778.0	4.0
2779.0	1.0
2780.0	2.0
2781.0	3.0
2782.0	7.0
2783.0	2.0
2784.0	2.0
2785.0	2.0
2786.0	2.0
2787.0	2.0
2788.0	6.0
2789.0	5.0
2790.0	5.0
2791.0	8.0
2792.0	4.0
2793.0	3.0
2794.0	4.0
2795.0	4.0
2796.0	4.0
2797.0	4.0
2798.0	3.0
2799.0	3.0
2800.0	5.0
2801.0	4.0
2802.0	6.0
2803.0	5.0
2804.0	1.0
2805.0	1.0
2806.0	3.0
2807.0	3.0
2808.0	1.0
2809.0	3.0
2810.0	1.0
2811.0	6.0
2813.0	4.0
2814.0	1.0
2815.0	4.0
2816.0	3.0
2817.0	2.0
2818.0	3.0
2819.0	2.0
2820.0	5.0
2822.0	5.0
2823.0	5.0
2824.0	3.0
2825.0	5.0
2826.0	2.0
2827.0	2.0
2828.0	5.0
2829.0	4.0
2830.0	6.0
2831.0	2.0
2832.0	2.0
2834.0	2.0
2835.0	2.0
2836.0	3.0
2837.0	6.0
2838.0	6.0
2839.0	5.0
2840.0	4.0
2842.0	1.0
2843.0	3.0
2844.0	4.0
2845.0	5.0
2846.0	2.0
2847.0	4.0
2848.0	2.0
2849.0	4.0
2850.0	2.0
2851.0	3.0
2852.0	3.0
2853.0	4.0
2854.0	7.0
2855.0	4.0
2856.0	4.0
2857.0	5.0
2858.0	4.0
2859.0	5.0
2861.0	4.0
2862.0	2.0
2863.0	4.0
2864.0	4.0
2865.0	3.0
2866.0	2.0
2867.0	2.0
2868.0	5.0
2869.0	1.0
2870.0	4.0
2871.0	4.0
2872.0	5.0
2873.0	6.0
2874.0	12.0
2875.0	4.0
2876.0	3.0
2877.0	4.0
2878.0	3.0
2879.0	2.0
2880.0	5.0
2881.0	8.0
2882.0	3.0
2883.0	4.0
2884.0	6.0
2885.0	6.0
2886.0	5.0
2887.0	5.0
2888.0	8.0
2889.0	5.0
2890.0	4.0
2891.0	8.0
2892.0	2.0
2893.0	6.0
2894.0	2.0
2895.0	4.0
2896.0	4.0
2897.0	6.0
2898.0	3.0
2899.0	6.0
2900.0	3.0
2901.0	6.0
2902.0	5.0
2903.0	2.0
2904.0	5.0
2905.0	2.0
2906.0	3.0
2907.0	4.0
2908.0	4.0
2910.0	6.0
2911.0	4.0
2913.0	1.0
2914.0	3.0
2915.0	2.0
2916.0	2.0
2917.0	2.0
2919.0	2.0
2920.0	4.0
2921.0	1.0
2922.0	3.0
2923.0	1.0
2924.0	1.0
2925.0	2.0
2926.0	4.0
2927.0	4.0
2928.0	1.0
2929.0	2.0
2930.0	1.0
2931.0	4.0
2933.0	1.0
2934.0	3.0
2935.0	2.0
2937.0	2.0
2938.0	5.0
2939.0	1.0
2941.0	4.0
2942.0	2.0
2943.0	1.0
2944.0	1.0
2945.0	3.0
2947.0	2.0
2948.0	2.0
2949.0	1.0
2950.0	1.0
2951.0	1.0
2952.0	1.0
2953.0	2.0
2954.0	3.0
2955.0	4.0
2956.0	1.0
2957.0	2.0
2958.0	1.0
2959.0	2.0
2960.0	2.0
2961.0	1.0
2965.0	5.0
2966.0	1.0
2967.0	3.0
2968.0	3.0
2970.0	5.0
2971.0	3.0
2972.0	1.0
2973.0	2.0
2974.0	2.0
2975.0	2.0
2976.0	1.0
2978.0	5.0
2979.0	4.0
2980.0	1.0
2981.0	2.0
2983.0	2.0
2984.0	2.0
2985.0	1.0
2986.0	2.0
2987.0	3.0
2989.0	2.0
2991.0	3.0
2992.0	2.0
2993.0	4.0
2994.0	2.0
2995.0	1.0
2996.0	5.0
2997.0	1.0
2998.0	3.0
2999.0	1.0
3000.0	1.0
3001.0	3.0
3002.0	1.0
3003.0	1.0
3004.0	1.0
3005.0	2.0
3006.0	2.0
3007.0	2.0
3008.0	2.0
3009.0	3.0
3010.0	1.0
3011.0	3.0
3012.0	5.0
3013.0	2.0
3015.0	3.0
3016.0	2.0
3017.0	3.0
3018.0	5.0
3019.0	2.0
3020.0	4.0
3021.0	2.0
3022.0	2.0
3023.0	1.0
3024.0	2.0
3025.0	2.0
3027.0	1.0
3028.0	1.0
3029.0	4.0
3031.0	1.0
3032.0	4.0
3033.0	1.0
3035.0	3.0
3036.0	3.0
3037.0	2.0
3039.0	2.0
3040.0	3.0
3041.0	2.0
3042.0	2.0
3044.0	1.0
3045.0	6.0
3046.0	2.0
3047.0	1.0
3048.0	3.0
3050.0	2.0
3052.0	4.0
3053.0	3.0
3055.0	1.0
3056.0	3.0
3057.0	1.0
3058.0	2.0
3059.0	1.0
3060.0	1.0
3061.0	3.0
3062.0	1.0
3063.0	1.0
3064.0	1.0
3066.0	2.0
3067.0	1.0
3068.0	2.0
3069.0	2.0
3070.0	4.0
3071.0	1.0
3072.0	1.0
3074.0	1.0
3076.0	2.0
3077.0	1.0
3078.0	1.0
3079.0	2.0
3080.0	2.0
3081.0	1.0
3082.0	2.0
3083.0	2.0
3085.0	2.0
3086.0	2.0
3087.0	1.0
3088.0	2.0
3089.0	1.0
3091.0	2.0
3092.0	2.0
3093.0	2.0
3094.0	2.0
3095.0	5.0
3097.0	1.0
3098.0	1.0
3099.0	1.0
3100.0	1.0
3101.0	2.0
3102.0	1.0
3104.0	1.0
3105.0	1.0
3106.0	3.0
3108.0	4.0
3109.0	2.0
3110.0	3.0
3111.0	2.0
3112.0	3.0
3113.0	5.0
3114.0	1.0
3116.0	4.0
3117.0	4.0
3118.0	4.0
3120.0	1.0
3121.0	5.0
3122.0	4.0
3124.0	2.0
3125.0	1.0
3126.0	3.0
3127.0	1.0
3128.0	1.0
3129.0	3.0
3130.0	3.0
3131.0	3.0
3132.0	3.0
3133.0	2.0
3134.0	4.0
3135.0	6.0
3136.0	3.0
3137.0	7.0
3138.0	4.0
3139.0	3.0
3141.0	1.0
3142.0	2.0
3143.0	1.0
3144.0	1.0
3145.0	4.0
3146.0	5.0
3147.0	2.0
3148.0	2.0
3149.0	4.0
3150.0	3.0
3151.0	3.0
3152.0	5.0
3153.0	1.0
3154.0	1.0
3155.0	4.0
3156.0	1.0
3157.0	7.0
3158.0	1.0
3159.0	6.0
3160.0	4.0
3161.0	4.0
3162.0	3.0
3163.0	1.0
3164.0	2.0
3165.0	4.0
3166.0	4.0
3167.0	1.0
3168.0	2.0
3169.0	4.0
3170.0	2.0
3171.0	1.0
3172.0	2.0
3173.0	2.0
3174.0	1.0
3175.0	1.0
3176.0	4.0
3177.0	1.0
3179.0	3.0
3180.0	2.0
3181.0	1.0
3182.0	2.0
3183.0	1.0
3184.0	2.0
3185.0	2.0
3186.0	1.0
3187.0	3.0
3188.0	4.0
3189.0	4.0
3190.0	2.0
3191.0	3.0
3192.0	1.0
3193.0	3.0
3194.0	1.0
3195.0	4.0
3197.0	2.0
3198.0	4.0
3199.0	2.0
3200.0	1.0
3201.0	2.0
3202.0	2.0
3203.0	6.0
3204.0	1.0
3206.0	1.0
3207.0	3.0
3208.0	1.0
3209.0	1.0
3210.0	2.0
3211.0	4.0
3212.0	4.0
3213.0	2.0
3214.0	2.0
3215.0	2.0
3216.0	1.0
3217.0	2.0
3218.0	2.0
3219.0	4.0
3220.0	3.0
3221.0	2.0
3222.0	2.0
3223.0	1.0
3224.0	1.0
3225.0	3.0
3226.0	1.0
3227.0	1.0
3228.0	4.0
3229.0	2.0
3230.0	3.0
3231.0	2.0
3232.0	1.0
3233.0	4.0
3234.0	2.0
3235.0	1.0
3236.0	4.0
3237.0	3.0
3238.0	2.0
3240.0	3.0
3241.0	2.0
3242.0	1.0
3243.0	6.0
3244.0	4.0
3245.0	1.0
3246.0	7.0
3247.0	2.0
3248.0	5.0
3249.0	5.0
3250.0	3.0
3251.0	2.0
3252.0	3.0
3253.0	2.0
3254.0	2.0
3255.0	2.0
3257.0	2.0
3258.0	4.0
3259.0	3.0
3260.0	2.0
3261.0	2.0
3262.0	1.0
3263.0	5.0
3264.0	3.0
3265.0	3.0
3266.0	2.0
3267.0	3.0
3268.0	2.0
3269.0	5.0
3270.0	1.0
3271.0	2.0
3272.0	1.0
3273.0	1.0
3274.0	2.0
3275.0	3.0
3276.0	3.0
3277.0	1.0
3278.0	2.0
3279.0	2.0
3280.0	2.0
3281.0	1.0
3282.0	2.0
3283.0	1.0
3284.0	1.0
3285.0	2.0
3286.0	2.0
3289.0	1.0
3290.0	4.0
3292.0	1.0
3293.0	2.0
3295.0	1.0
3296.0	1.0
3297.0	2.0
3299.0	1.0
3301.0	1.0
3302.0	3.0
3303.0	2.0
3304.0	3.0
3305.0	1.0
3308.0	2.0
3312.0	2.0
3313.0	2.0
3314.0	1.0
3315.0	1.0
3317.0	3.0
3319.0	1.0
3320.0	2.0
3321.0	4.0
3322.0	1.0
3323.0	2.0
3324.0	1.0
3325.0	1.0
3326.0	1.0
3327.0	1.0
3328.0	1.0
3329.0	2.0
3330.0	1.0
3332.0	1.0
3333.0	1.0
3334.0	1.0
3335.0	3.0
3336.0	2.0
3337.0	3.0
3338.0	2.0
3339.0	3.0
3340.0	3.0
3341.0	1.0
3344.0	4.0
3345.0	2.0
3346.0	3.0
3347.0	1.0
3348.0	3.0
3349.0	1.0
3350.0	3.0
3351.0	1.0
3352.0	2.0
3355.0	3.0
3356.0	1.0
3357.0	3.0
3358.0	1.0
3359.0	1.0
3360.0	3.0
3361.0	1.0
3362.0	2.0
3364.0	1.0
3365.0	1.0
3366.0	1.0
3367.0	3.0
3368.0	4.0
3369.0	1.0
3371.0	1.0
3372.0	1.0
3373.0	1.0
3375.0	4.0
3376.0	2.0
3377.0	2.0
3378.0	5.0
3380.0	1.0
3381.0	2.0
3382.0	2.0
3385.0	1.0
3386.0	3.0
3387.0	2.0
3388.0	1.0
3389.0	3.0
3391.0	2.0
3392.0	1.0
3393.0	4.0
3394.0	3.0
3395.0	1.0
3396.0	1.0
3397.0	3.0
3398.0	2.0
3399.0	1.0
3400.0	1.0
3401.0	1.0
3402.0	1.0
3403.0	3.0
3404.0	2.0
3405.0	2.0
3406.0	2.0
3407.0	1.0
3408.0	1.0
3410.0	1.0
3411.0	1.0
3412.0	1.0
3413.0	1.0
3416.0	3.0
3417.0	1.0
3418.0	2.0
3419.0	1.0
3420.0	3.0
3422.0	2.0
3423.0	2.0
3425.0	1.0
3427.0	2.0
3428.0	1.0
3430.0	2.0
3431.0	2.0
3435.0	3.0
3438.0	1.0
3439.0	1.0
3441.0	1.0
3442.0	1.0
3443.0	1.0
3445.0	3.0
3446.0	2.0
3447.0	1.0
3448.0	1.0
3449.0	1.0
3450.0	1.0
3453.0	1.0
3454.0	2.0
3455.0	1.0
3457.0	1.0
3458.0	2.0
3460.0	2.0
3461.0	1.0
3463.0	1.0
3464.0	1.0
3465.0	1.0
3466.0	1.0
3467.0	1.0
3468.0	2.0
3469.0	3.0
3470.0	1.0
3472.0	1.0
3473.0	3.0
3474.0	1.0
3475.0	1.0
3476.0	1.0
3479.0	2.0
3480.0	1.0
3484.0	1.0
3485.0	2.0
3486.0	1.0
3487.0	3.0
3489.0	1.0
3491.0	2.0
3492.0	2.0
3494.0	1.0
3495.0	1.0
3496.0	2.0
3497.0	1.0
3499.0	1.0
3502.0	3.0
3505.0	1.0
3506.0	2.0
3507.0	1.0
3508.0	1.0
3510.0	2.0
3511.0	1.0
3512.0	4.0
3513.0	1.0
3514.0	3.0
3515.0	2.0
3517.0	1.0
3518.0	2.0
3521.0	1.0
3523.0	1.0
3524.0	4.0
3528.0	2.0
3530.0	1.0
3531.0	1.0
3532.0	1.0
3535.0	1.0
3536.0	1.0
3537.0	3.0
3538.0	2.0
3539.0	4.0
3540.0	1.0
3541.0	1.0
3542.0	2.0
3543.0	1.0
3545.0	2.0
3547.0	3.0
3548.0	1.0
3549.0	1.0
3551.0	1.0
3552.0	3.0
3553.0	1.0
3554.0	3.0
3555.0	5.0
3556.0	2.0
3557.0	1.0
3558.0	2.0
3560.0	3.0
3561.0	1.0
3562.0	4.0
3564.0	2.0
3565.0	4.0
3566.0	2.0
3567.0	1.0
3568.0	2.0
3569.0	2.0
3572.0	2.0
3573.0	1.0
3575.0	1.0
3576.0	5.0
3577.0	3.0
3578.0	1.0
3579.0	2.0
3580.0	1.0
3583.0	1.0
3584.0	1.0
3585.0	2.0
3587.0	2.0
3588.0	2.0
3589.0	1.0
3590.0	2.0
3593.0	3.0
3594.0	1.0
3595.0	2.0
3596.0	1.0
3597.0	2.0
3598.0	3.0
3599.0	2.0
3600.0	2.0
3601.0	2.0
3602.0	2.0
3604.0	1.0
3606.0	2.0
3608.0	2.0
3609.0	1.0
3610.0	2.0
3611.0	1.0
3613.0	1.0
3614.0	5.0
3615.0	1.0
3617.0	3.0
3619.0	1.0
3620.0	1.0
3621.0	2.0
3623.0	5.0
3624.0	1.0
3625.0	1.0
3626.0	2.0
3627.0	2.0
3628.0	1.0
3629.0	4.0
3630.0	1.0
3632.0	1.0
3633.0	3.0
3634.0	1.0
3636.0	1.0
3637.0	1.0
3639.0	2.0
3640.0	1.0
3641.0	1.0
3642.0	2.0
3643.0	2.0
3644.0	4.0
3645.0	2.0
3646.0	1.0
3649.0	2.0
3650.0	3.0
3652.0	2.0
3654.0	1.0
3655.0	2.0
3657.0	1.0
3658.0	1.0
3659.0	1.0
3660.0	2.0
3661.0	3.0
3662.0	3.0
3664.0	1.0
3665.0	1.0
3666.0	1.0
3667.0	3.0
3670.0	1.0
3671.0	3.0
3672.0	1.0
3673.0	1.0
3674.0	3.0
3675.0	3.0
3676.0	1.0
3677.0	1.0
3678.0	3.0
3680.0	1.0
3681.0	2.0
3682.0	3.0
3683.0	1.0
3686.0	2.0
3687.0	1.0
3688.0	2.0
3689.0	2.0
3691.0	1.0
3692.0	5.0
3693.0	1.0
3695.0	2.0
3696.0	1.0
3697.0	3.0
3698.0	2.0
3699.0	3.0
3700.0	1.0
3701.0	3.0
3702.0	3.0
3703.0	4.0
3704.0	2.0
3706.0	2.0
3707.0	3.0
3709.0	2.0
3710.0	1.0
3711.0	3.0
3712.0	3.0
3713.0	1.0
3714.0	4.0
3715.0	3.0
3716.0	2.0
3717.0	4.0
3722.0	2.0
3723.0	1.0
3724.0	1.0
3725.0	2.0
3727.0	1.0
3728.0	2.0
3729.0	4.0
3732.0	1.0
3733.0	4.0
3736.0	4.0
3737.0	1.0
3740.0	1.0
3742.0	2.0
3743.0	1.0
3744.0	2.0
3745.0	1.0
3746.0	3.0
3747.0	2.0
3748.0	1.0
3749.0	2.0
3750.0	2.0
3751.0	2.0
3753.0	2.0
3756.0	2.0
3758.0	2.0
3759.0	1.0
3760.0	5.0
3761.0	3.0
3762.0	1.0
3763.0	4.0
3764.0	3.0
3765.0	1.0
3766.0	3.0
3767.0	3.0
3768.0	5.0
3769.0	7.0
3770.0	1.0
3771.0	3.0
3772.0	2.0
3773.0	2.0
3774.0	4.0
3775.0	3.0
3776.0	1.0
3777.0	1.0
3778.0	3.0
3779.0	3.0
3780.0	2.0
3781.0	4.0
3782.0	4.0
3783.0	3.0
3785.0	2.0
3786.0	1.0
3787.0	1.0
3788.0	4.0
3789.0	5.0
3790.0	1.0
3791.0	2.0
3793.0	1.0
3794.0	2.0
3795.0	1.0
3797.0	2.0
3798.0	1.0
3800.0	5.0
3801.0	1.0
3803.0	3.0
3804.0	1.0
3806.0	2.0
3807.0	1.0
3808.0	1.0
3809.0	1.0
3811.0	1.0
3812.0	1.0
3813.0	2.0
3814.0	1.0
3816.0	1.0
3817.0	2.0
3818.0	2.0
3821.0	1.0
3822.0	3.0
3824.0	2.0
3825.0	1.0
3826.0	2.0
3828.0	6.0
3829.0	1.0
3831.0	2.0
3832.0	3.0
3835.0	1.0
3836.0	1.0
3837.0	4.0
3838.0	1.0
3839.0	1.0
3840.0	1.0
3842.0	2.0
3844.0	1.0
3845.0	3.0
3847.0	1.0
3848.0	2.0
3850.0	2.0
3853.0	2.0
3854.0	1.0
3856.0	1.0
3859.0	1.0
3860.0	1.0
3861.0	1.0
3863.0	2.0
3864.0	2.0
3865.0	1.0
3866.0	1.0
3869.0	2.0
3874.0	3.0
3876.0	2.0
3877.0	2.0
3878.0	1.0
3879.0	1.0
3880.0	1.0
3884.0	1.0
3888.0	1.0
3889.0	1.0
3890.0	1.0
3892.0	1.0
3893.0	1.0
3894.0	2.0
3895.0	3.0
3897.0	3.0
3898.0	1.0
3901.0	2.0
3902.0	1.0
3903.0	1.0
3904.0	1.0
3905.0	4.0
3906.0	2.0
3907.0	1.0
3908.0	1.0
3909.0	2.0
3910.0	2.0
3911.0	1.0
3913.0	1.0
3914.0	1.0
3917.0	1.0
3918.0	1.0
3919.0	2.0
3921.0	3.0
3922.0	2.0
3926.0	2.0
3927.0	1.0
3928.0	4.0
3929.0	1.0
3931.0	1.0
3932.0	3.0
3933.0	2.0
3935.0	2.0
3936.0	1.0
3937.0	2.0
3938.0	1.0
3939.0	2.0
3940.0	2.0
3941.0	2.0
3942.0	1.0
3943.0	2.0
3944.0	1.0
3945.0	1.0
3946.0	2.0
3947.0	2.0
3948.0	4.0
3950.0	1.0
3951.0	1.0
3954.0	1.0
3956.0	1.0
3957.0	2.0
3958.0	1.0
3959.0	1.0
3960.0	4.0
3962.0	1.0
3963.0	2.0
3964.0	1.0
3965.0	1.0
3966.0	1.0
3967.0	4.0
3968.0	2.0
3969.0	2.0
3970.0	2.0
3971.0	1.0
3972.0	2.0
3973.0	1.0
3974.0	2.0
3975.0	2.0
3976.0	1.0
3977.0	3.0
3978.0	2.0
3979.0	1.0
3980.0	3.0
3981.0	1.0
3983.0	4.0
3984.0	2.0
3986.0	3.0
3987.0	1.0
3988.0	3.0
3989.0	1.0
3990.0	3.0
3991.0	4.0
3992.0	2.0
3993.0	3.0
3994.0	2.0
3995.0	3.0
3996.0	1.0
3997.0	1.0
3998.0	3.0
4000.0	2.0
4001.0	3.0
4002.0	3.0
4003.0	5.0
4004.0	1.0
4005.0	1.0
4006.0	5.0
4007.0	3.0
4008.0	2.0
4009.0	3.0
4010.0	2.0
4011.0	2.0
4012.0	1.0
4015.0	1.0
4016.0	1.0
4017.0	1.0
4018.0	2.0
4019.0	2.0
4020.0	1.0
4023.0	2.0
4025.0	1.0
4027.0	1.0
4028.0	3.0
4029.0	2.0
4030.0	3.0
4031.0	3.0
4032.0	1.0
4033.0	1.0
4035.0	3.0
4036.0	1.0
4037.0	2.0
4038.0	1.0
4039.0	2.0
4041.0	1.0
4042.0	2.0
4043.0	2.0
4044.0	2.0
4045.0	1.0
4046.0	1.0
4047.0	2.0
4048.0	3.0
4049.0	4.0
4050.0	1.0
4051.0	1.0
4052.0	2.0
4053.0	5.0
4055.0	1.0
4056.0	1.0
4057.0	4.0
4058.0	4.0
4059.0	2.0
4060.0	5.0
4061.0	4.0
4062.0	1.0
4063.0	3.0
4064.0	4.0
4065.0	1.0
4067.0	1.0
4068.0	2.0
4070.0	2.0
4071.0	3.0
4073.0	1.0
4076.0	1.0
4078.0	3.0
4079.0	3.0
4080.0	1.0
4082.0	3.0
4086.0	1.0
4087.0	2.0
4089.0	1.0
4090.0	2.0
4091.0	1.0
4094.0	1.0
4095.0	4.0
4096.0	3.0
4097.0	2.0
4098.0	1.0
4099.0	2.0
4100.0	2.0
4101.0	1.0
4102.0	1.0
4103.0	2.0
4104.0	2.0
4106.0	1.0
4107.0	1.0
4109.0	1.0
4112.0	1.0
4113.0	1.0
4114.0	3.0
4115.0	2.0
4117.0	2.0
4118.0	1.0
4119.0	3.0
4120.0	1.0
4122.0	2.0
4124.0	3.0
4125.0	2.0
4126.0	1.0
4127.0	1.0
4128.0	2.0
4129.0	2.0
4130.0	1.0
4131.0	4.0
4132.0	2.0
4137.0	1.0
4138.0	3.0
4143.0	1.0
4145.0	2.0
4147.0	1.0
4148.0	1.0
4149.0	1.0
4153.0	1.0
4156.0	2.0
4157.0	2.0
4158.0	2.0
4159.0	4.0
4160.0	1.0
4161.0	1.0
4162.0	1.0
4163.0	1.0
4164.0	1.0
4168.0	1.0
4169.0	2.0
4171.0	1.0
4172.0	1.0
4173.0	1.0
4176.0	1.0
4179.0	1.0
4180.0	1.0
4181.0	1.0
4182.0	3.0
4183.0	1.0
4185.0	3.0
4186.0	1.0
4188.0	1.0
4189.0	1.0
4190.0	3.0
4191.0	1.0
4193.0	1.0
4196.0	2.0
4198.0	1.0
4199.0	1.0
4202.0	1.0
4204.0	1.0
4207.0	2.0
4209.0	2.0
4211.0	3.0
4213.0	2.0
4215.0	1.0
4216.0	2.0
4217.0	1.0
4219.0	1.0
4220.0	2.0
4223.0	1.0
4226.0	2.0
4228.0	2.0
4230.0	2.0
4231.0	1.0
4232.0	1.0
4233.0	1.0
4234.0	2.0
4236.0	1.0
4238.0	3.0
4240.0	1.0
4241.0	1.0
4242.0	1.0
4244.0	1.0
4245.0	2.0
4246.0	1.0
4247.0	3.0
4248.0	3.0
4249.0	3.0
4250.0	2.0
4251.0	3.0
4252.0	3.0
4253.0	2.0
4254.0	1.0
4255.0	3.0
4256.0	2.0
4257.0	1.0
4259.0	1.0
4260.0	2.0
4261.0	3.0
4262.0	1.0
4263.0	1.0
4264.0	1.0
4265.0	2.0
4266.0	1.0
4268.0	1.0
4269.0	1.0
4270.0	4.0
4271.0	2.0
4273.0	6.0
4274.0	3.0
4276.0	3.0
4279.0	2.0
4280.0	2.0
4281.0	1.0
4282.0	1.0
4283.0	2.0
4284.0	3.0
4286.0	1.0
4287.0	1.0
4288.0	1.0
4289.0	1.0
4290.0	1.0
4291.0	2.0
4292.0	2.0
4293.0	2.0
4295.0	3.0
4296.0	2.0
4297.0	1.0
4298.0	1.0
4303.0	1.0
4305.0	1.0
4306.0	2.0
4308.0	1.0
4310.0	1.0
4311.0	2.0
4312.0	1.0
4313.0	1.0
4316.0	1.0
4318.0	1.0
4320.0	1.0
4321.0	1.0
4322.0	2.0
4324.0	3.0
4325.0	1.0
4327.0	2.0
4329.0	1.0
4330.0	1.0
4331.0	2.0
4333.0	2.0
4334.0	2.0
4335.0	2.0
4337.0	3.0
4338.0	1.0
4342.0	1.0
4344.0	3.0
4346.0	1.0
4347.0	2.0
4348.0	2.0
4349.0	1.0
4350.0	1.0
4351.0	2.0
4352.0	3.0
4355.0	1.0
4356.0	1.0
4359.0	4.0
4360.0	3.0
4361.0	2.0
4362.0	1.0
4363.0	1.0
4364.0	1.0
4365.0	1.0
4367.0	1.0
4370.0	2.0
4372.0	1.0
4375.0	1.0
4383.0	1.0
4388.0	1.0
4389.0	1.0
4390.0	1.0
4393.0	1.0
4396.0	1.0
4399.0	2.0
4400.0	1.0
4401.0	2.0
4402.0	1.0
4404.0	1.0
4405.0	1.0
4406.0	1.0
4410.0	1.0
4411.0	1.0
4414.0	1.0
4417.0	1.0
4418.0	1.0
4419.0	1.0
4420.0	2.0
4421.0	1.0
4425.0	1.0
4426.0	1.0
4429.0	2.0
4430.0	1.0
4432.0	2.0
4434.0	1.0
4436.0	1.0
4438.0	1.0
4442.0	1.0
4443.0	2.0
4444.0	1.0
4445.0	2.0
4449.0	1.0
4451.0	2.0
4453.0	1.0
4455.0	2.0
4464.0	1.0
4465.0	1.0
4467.0	1.0
4472.0	1.0
4474.0	1.0
4478.0	1.0
4480.0	4.0
4482.0	1.0
4485.0	1.0
4486.0	1.0
4487.0	1.0
4488.0	1.0
4493.0	1.0
4494.0	2.0
4499.0	1.0
4500.0	1.0
4501.0	1.0
4503.0	1.0
4508.0	1.0
4510.0	1.0
4513.0	2.0
4514.0	2.0
4517.0	1.0
4519.0	3.0
4521.0	1.0
4526.0	2.0
4530.0	1.0
4532.0	1.0
4536.0	1.0
4539.0	1.0
4540.0	4.0
4541.0	2.0
4543.0	2.0
4544.0	1.0
4546.0	1.0
4547.0	1.0
4548.0	1.0
4549.0	1.0
4551.0	1.0
4553.0	1.0
4554.0	2.0
4555.0	3.0
4557.0	2.0
4559.0	1.0
4561.0	1.0
4562.0	2.0
4564.0	1.0
4567.0	1.0
4569.0	1.0
4571.0	1.0
4573.0	1.0
4575.0	1.0
4576.0	1.0
4577.0	1.0
4579.0	3.0
4581.0	2.0
4584.0	2.0
4587.0	1.0
4592.0	1.0
4597.0	1.0
4598.0	1.0
4600.0	1.0
4602.0	1.0
4604.0	1.0
4605.0	1.0
4607.0	2.0
4609.0	1.0
4610.0	2.0
4612.0	1.0
4613.0	1.0
4615.0	2.0
4616.0	1.0
4621.0	1.0
4624.0	1.0
4625.0	3.0
4626.0	1.0
4627.0	1.0
4631.0	2.0
4633.0	1.0
4634.0	4.0
4636.0	1.0
4638.0	1.0
4640.0	1.0
4641.0	1.0
4643.0	2.0
4647.0	1.0
4649.0	1.0
4653.0	1.0
4655.0	2.0
4659.0	1.0
4661.0	1.0
4663.0	1.0
4664.0	2.0
4665.0	2.0
4666.0	1.0
4670.0	1.0
4671.0	2.0
4672.0	3.0
4678.0	1.0
4679.0	1.0
4682.0	1.0
4683.0	1.0
4685.0	1.0
4686.0	1.0
4689.0	1.0
4691.0	1.0
4699.0	1.0
4700.0	1.0
4701.0	2.0
4702.0	1.0
4706.0	1.0
4707.0	2.0
4709.0	1.0
4710.0	4.0
4712.0	1.0
4713.0	2.0
4716.0	1.0
4718.0	2.0
4719.0	1.0
4720.0	2.0
4721.0	1.0
4724.0	2.0
4725.0	1.0
4727.0	2.0
4728.0	1.0
4730.0	1.0
4732.0	2.0
4733.0	1.0
4734.0	2.0
4735.0	3.0
4736.0	3.0
4738.0	2.0
4739.0	1.0
4741.0	1.0
4743.0	1.0
4747.0	2.0
4748.0	1.0
4751.0	1.0
4753.0	1.0
4755.0	2.0
4756.0	1.0
4757.0	1.0
4758.0	1.0
4759.0	2.0
4764.0	1.0
4766.0	1.0
4767.0	1.0
4768.0	2.0
4769.0	2.0
4770.0	1.0
4773.0	1.0
4776.0	2.0
4777.0	1.0
4778.0	1.0
4779.0	1.0
4780.0	1.0
4781.0	1.0
4785.0	1.0
4789.0	1.0
4793.0	1.0
4794.0	1.0
4795.0	1.0
4796.0	1.0
4797.0	1.0
4800.0	1.0
4802.0	1.0
4803.0	1.0
4804.0	2.0
4805.0	1.0
4806.0	1.0
4813.0	2.0
4814.0	1.0
4815.0	2.0
4821.0	1.0
4822.0	2.0
4823.0	1.0
4824.0	4.0
4825.0	1.0
4833.0	1.0
4836.0	2.0
4839.0	1.0
4842.0	1.0
4843.0	1.0
4849.0	1.0
4851.0	2.0
4853.0	1.0
4856.0	1.0
4859.0	2.0
4862.0	1.0
4866.0	1.0
4869.0	1.0
4871.0	1.0
4879.0	1.0
4880.0	1.0
4886.0	1.0
4887.0	3.0
4888.0	1.0
4889.0	1.0
4892.0	1.0
4893.0	2.0
4894.0	1.0
4899.0	1.0
4900.0	1.0
4901.0	1.0
4903.0	2.0
4904.0	2.0
4907.0	1.0
4908.0	2.0
4909.0	1.0
4910.0	1.0
4914.0	1.0
4916.0	1.0
4917.0	1.0
4919.0	1.0
4921.0	2.0
4922.0	2.0
4925.0	1.0
4926.0	1.0
4928.0	1.0
4930.0	1.0
4933.0	1.0
4935.0	1.0
4943.0	1.0
4947.0	1.0
4948.0	1.0
4949.0	1.0
4952.0	1.0
4957.0	1.0
4969.0	1.0
4973.0	1.0
4974.0	1.0
4980.0	1.0
4981.0	1.0
4982.0	1.0
4983.0	1.0
4990.0	1.0
4994.0	2.0
5004.0	4.0
5006.0	2.0
5008.0	1.0
5013.0	1.0
5016.0	2.0
5018.0	1.0
5020.0	1.0
5021.0	1.0
5022.0	1.0
5029.0	1.0
5035.0	1.0
5037.0	1.0
5041.0	2.0
5042.0	1.0
5044.0	1.0
5046.0	1.0
5047.0	1.0
5051.0	1.0
5054.0	1.0
5058.0	1.0
5064.0	1.0
5066.0	1.0
5068.0	1.0
5070.0	2.0
5071.0	1.0
5077.0	1.0
5079.0	1.0
5080.0	1.0
5086.0	1.0
5087.0	1.0
5091.0	1.0
5097.0	1.0
5102.0	1.0
5103.0	1.0
5108.0	1.0
5109.0	2.0
5114.0	1.0
5116.0	2.0
5123.0	2.0
5124.0	1.0
5127.0	2.0
5129.0	2.0
5133.0	1.0
5137.0	1.0
5139.0	1.0
5140.0	1.0
5141.0	1.0
5142.0	1.0
5144.0	2.0
5145.0	1.0
5146.0	1.0
5150.0	1.0
5151.0	1.0
5161.0	1.0
5164.0	1.0
5165.0	2.0
5167.0	1.0
5173.0	1.0
5175.0	1.0
5181.0	1.0
5186.0	1.0
5188.0	1.0
5189.0	1.0
5199.0	1.0
5201.0	1.0
5202.0	1.0
5205.0	1.0
5208.0	1.0
5213.0	1.0
5216.0	1.0
5219.0	1.0
5223.0	1.0
5226.0	1.0
5228.0	1.0
5229.0	1.0
5230.0	2.0
5232.0	1.0
5237.0	2.0
5238.0	1.0
5240.0	2.0
5241.0	1.0
5242.0	1.0
5243.0	2.0
5246.0	1.0
5253.0	1.0
5254.0	2.0
5255.0	1.0
5257.0	1.0
5258.0	1.0
5259.0	1.0
5260.0	1.0
5261.0	1.0
5264.0	2.0
5266.0	1.0
5269.0	2.0
5271.0	2.0
5273.0	1.0
5275.0	2.0
5276.0	1.0
5277.0	3.0
5279.0	1.0
5286.0	1.0
5291.0	1.0
5295.0	1.0
5302.0	1.0
5304.0	1.0
5306.0	1.0
5308.0	1.0
5311.0	1.0
5315.0	1.0
5317.0	1.0
5318.0	1.0
5320.0	2.0
5325.0	1.0
5326.0	1.0
5329.0	2.0
5331.0	1.0
5332.0	2.0
5336.0	2.0
5338.0	1.0
5340.0	1.0
5341.0	1.0
5343.0	1.0
5347.0	1.0
5349.0	1.0
5353.0	1.0
5354.0	1.0
5355.0	2.0
5357.0	1.0
5360.0	2.0
5362.0	1.0
5364.0	1.0
5368.0	1.0
5370.0	2.0
5372.0	2.0
5384.0	1.0
5389.0	1.0
5390.0	1.0
5391.0	1.0
5394.0	1.0
5401.0	2.0
5407.0	1.0
5409.0	1.0
5410.0	1.0
5412.0	1.0
5413.0	1.0
5414.0	1.0
5420.0	1.0
5425.0	1.0
5426.0	2.0
5431.0	1.0
5433.0	2.0
5435.0	1.0
5436.0	1.0
5438.0	1.0
5440.0	1.0
5442.0	1.0
5444.0	1.0
5445.0	1.0
5446.0	3.0
5447.0	1.0
5450.0	1.0
5451.0	1.0
5452.0	1.0
5454.0	1.0
5460.0	1.0
5462.0	1.0
5463.0	1.0
5466.0	1.0
5470.0	1.0
5472.0	1.0
5480.0	1.0
5482.0	2.0
5494.0	1.0
5495.0	1.0
5498.0	1.0
5502.0	1.0
5504.0	1.0
5505.0	2.0
5510.0	1.0
5522.0	1.0
5524.0	1.0
5526.0	1.0
5527.0	1.0
5533.0	1.0
5534.0	1.0
5540.0	1.0
5543.0	1.0
5553.0	1.0
5558.0	1.0
5560.0	1.0
5563.0	2.0
5565.0	1.0
5567.0	1.0
5574.0	1.0
5578.0	1.0
5582.0	2.0
5583.0	1.0
5585.0	1.0
5590.0	2.0
5591.0	3.0
5595.0	2.0
5597.0	1.0
5617.0	1.0
5618.0	1.0
5620.0	1.0
5626.0	1.0
5633.0	1.0
5637.0	1.0
5643.0	1.0
5649.0	1.0
5656.0	1.0
5664.0	1.0
5666.0	1.0
5673.0	1.0
5692.0	1.0
5693.0	1.0
5694.0	1.0
5695.0	1.0
5696.0	1.0
5697.0	1.0
5700.0	1.0
5701.0	1.0
5719.0	2.0
5735.0	1.0
5739.0	1.0
5746.0	1.0
5760.0	1.0
5771.0	1.0
5783.0	1.0
5784.0	1.0
5803.0	1.0
5811.0	1.0
5816.0	1.0
5824.0	1.0
5827.0	2.0
5832.0	1.0
5835.0	1.0
5839.0	1.0
5848.0	1.0
5872.0	1.0
5877.0	1.0
5886.0	1.0
5888.0	1.0
5895.0	1.0
5926.0	1.0
5952.0	2.0
5953.0	1.0
5961.0	1.0
5963.0	1.0
5966.0	1.0
5973.0	1.0
5976.0	1.0
6002.0	1.0
6011.0	1.0
6012.0	1.0
6016.0	1.0
6022.0	1.0
6024.0	1.0
6027.0	1.0
6031.0	1.0
6033.0	1.0
6043.0	1.0
6073.0	1.0
6083.0	2.0
6085.0	1.0
6099.0	1.0
6117.0	1.0
6133.0	1.0
6139.0	1.0
6143.0	1.0
6145.0	1.0
6159.0	1.0
6162.0	1.0
6179.0	1.0
6185.0	1.0
6192.0	1.0
6196.0	1.0
6198.0	1.0
6213.0	1.0
6219.0	1.0
6221.0	1.0
6222.0	1.0
6223.0	1.0
6232.0	1.0
6247.0	1.0
6248.0	1.0
6249.0	1.0
6259.0	1.0
6267.0	1.0
6279.0	1.0
6283.0	1.0
6293.0	1.0
6308.0	1.0
6321.0	1.0
6340.0	1.0
6343.0	1.0
6348.0	1.0
6354.0	1.0
6371.0	3.0
6373.0	1.0
6379.0	1.0
6388.0	1.0
6390.0	1.0
6394.0	1.0
6396.0	1.0
6402.0	1.0
6404.0	1.0
6410.0	1.0
6416.0	1.0
6421.0	1.0
6429.0	1.0
6446.0	1.0
6455.0	1.0
6469.0	1.0
6470.0	1.0
6479.0	1.0
6487.0	1.0
6495.0	1.0
6497.0	1.0
6509.0	1.0
6518.0	1.0
6531.0	2.0
6535.0	1.0
6536.0	1.0
6540.0	1.0
6543.0	1.0
6545.0	1.0
6552.0	1.0
6560.0	1.0
6565.0	3.0
6571.0	1.0
6572.0	1.0
6573.0	1.0
6582.0	1.0
6589.0	1.0
6590.0	1.0
6605.0	1.0
6607.0	1.0
6613.0	1.0
6629.0	1.0
6636.0	1.0
6638.0	1.0
6645.0	1.0
6652.0	1.0
6654.0	1.0
6659.0	1.0
6663.0	1.0
6665.0	1.0
6668.0	1.0
6675.0	1.0
6681.0	1.0
6687.0	1.0
6688.0	2.0
6700.0	1.0
6708.0	1.0
6711.0	1.0
6719.0	1.0
6729.0	1.0
6734.0	1.0
6736.0	1.0
6738.0	1.0
6740.0	1.0
6742.0	1.0
6743.0	1.0
6746.0	1.0
6749.0	2.0
6758.0	1.0
6760.0	1.0
6763.0	1.0
6777.0	1.0
6778.0	1.0
6779.0	1.0
6780.0	1.0
6784.0	1.0
6785.0	1.0
6790.0	1.0
6794.0	1.0
6796.0	1.0
6825.0	1.0
6827.0	2.0
6831.0	1.0
6832.0	1.0
6836.0	1.0
6843.0	1.0
6863.0	1.0
6866.0	1.0
6879.0	1.0
6889.0	1.0
6892.0	1.0
6897.0	1.0
6901.0	1.0
6903.0	1.0
6904.0	1.0
6906.0	1.0
6907.0	4.0
6908.0	1.0
6909.0	1.0
6910.0	1.0
6912.0	3.0
6913.0	3.0
6914.0	5.0
6918.0	1.0
6920.0	1.0
6922.0	1.0
6924.0	1.0
6949.0	1.0
6953.0	1.0
6957.0	1.0
6959.0	1.0
6973.0	1.0
6982.0	1.0
6984.0	1.0
6985.0	1.0
6986.0	1.0
6999.0	1.0
7003.0	1.0
7012.0	1.0
7015.0	1.0
7021.0	1.0
7026.0	1.0
7034.0	1.0
7035.0	1.0
7038.0	1.0
7042.0	1.0
7047.0	1.0
7048.0	1.0
7049.0	1.0
7060.0	1.0
7064.0	1.0
7066.0	1.0
7067.0	1.0
7068.0	1.0
7070.0	1.0
7074.0	1.0
7078.0	1.0
7080.0	1.0
7086.0	2.0
7088.0	1.0
7101.0	1.0
7112.0	2.0
7120.0	1.0
7121.0	2.0
7138.0	1.0
7154.0	1.0
7165.0	1.0
7183.0	2.0
7201.0	1.0
7202.0	1.0
7209.0	1.0
7250.0	1.0
7251.0	1.0
7267.0	1.0
7269.0	1.0
7278.0	1.0
7288.0	1.0
7310.0	1.0
7322.0	1.0
7327.0	1.0
7328.0	1.0
7336.0	1.0
7338.0	1.0
7346.0	1.0
7348.0	1.0
7387.0	1.0
7403.0	1.0
7407.0	1.0
7416.0	1.0
7420.0	2.0
7432.0	1.0
7453.0	1.0
7460.0	1.0
7495.0	2.0
7502.0	1.0
7503.0	1.0
7513.0	1.0
7514.0	1.0
7549.0	1.0
7567.0	1.0
7568.0	1.0
7574.0	1.0
7590.0	2.0
7591.0	1.0
7602.0	1.0
7640.0	1.0
7646.0	1.0
7648.0	1.0
7650.0	1.0
7657.0	1.0
7661.0	1.0
7696.0	1.0
7697.0	1.0
7708.0	1.0
7737.0	1.0
7738.0	1.0
7741.0	1.0
7742.0	1.0
7767.0	1.0
7787.0	1.0
7798.0	1.0
7799.0	2.0
7808.0	1.0
7815.0	1.0
7825.0	1.0
7851.0	1.0
7856.0	1.0
7864.0	1.0
7880.0	1.0
7885.0	1.0
7891.0	1.0
7901.0	1.0
7921.0	1.0
7942.0	1.0
7949.0	1.0
7950.0	1.0
7952.0	1.0
7969.0	1.0
7981.0	1.0
7988.0	1.0
8011.0	1.0
8012.0	1.0
8016.0	1.0
8024.0	1.0
8050.0	1.0
8064.0	1.0
8079.0	1.0
8094.0	1.0
8102.0	2.0
8108.0	1.0
8141.0	1.0
8146.0	1.0
8151.0	1.0
8165.0	1.0
8179.0	1.0
8184.0	1.0
8188.0	1.0
8195.0	1.0
8210.0	1.0
8217.0	1.0
8219.0	1.0
8222.0	1.0
8250.0	1.0
8257.0	2.0
8261.0	1.0
8263.0	1.0
8278.0	1.0
8288.0	1.0
8296.0	1.0
8318.0	1.0
8321.0	1.0
8329.0	2.0
8331.0	1.0
8347.0	1.0
8349.0	1.0
8364.0	1.0
8367.0	1.0
8375.0	1.0
8377.0	1.0
8386.0	1.0
8389.0	1.0
8390.0	1.0
8391.0	1.0
8392.0	1.0
8409.0	1.0
8411.0	1.0
8423.0	2.0
8430.0	1.0
8431.0	1.0
8434.0	1.0
8444.0	1.0
8449.0	1.0
8451.0	1.0
8456.0	1.0
8465.0	1.0
8469.0	1.0
8475.0	1.0
8483.0	1.0
8484.0	1.0
8486.0	1.0
8496.0	1.0
8501.0	1.0
8509.0	1.0
8510.0	1.0
8512.0	1.0
8519.0	1.0
8520.0	1.0
8523.0	1.0
8525.0	2.0
8530.0	1.0
8535.0	1.0
8539.0	1.0
8540.0	1.0
8542.0	1.0
8544.0	1.0
8546.0	1.0
8548.0	2.0
8550.0	2.0
8553.0	1.0
8556.0	1.0
8559.0	1.0
8563.0	1.0
8568.0	1.0
8571.0	2.0
8572.0	1.0
8575.0	1.0
8577.0	1.0
8582.0	1.0
8585.0	1.0
8587.0	1.0
8589.0	2.0
8592.0	1.0
8608.0	1.0
8609.0	1.0
8612.0	1.0
8616.0	1.0
8626.0	1.0
8633.0	1.0
8635.0	2.0
8641.0	1.0
8644.0	1.0
8646.0	1.0
8649.0	1.0
8653.0	1.0
8655.0	1.0
8657.0	1.0
8658.0	1.0
8660.0	1.0
8663.0	1.0
8664.0	2.0
8666.0	2.0
8668.0	1.0
8669.0	1.0
8680.0	1.0
8681.0	1.0
8688.0	1.0
8691.0	1.0
8696.0	2.0
8697.0	1.0
8699.0	1.0
8703.0	1.0
8705.0	1.0
8707.0	1.0
8708.0	1.0
8713.0	1.0
8715.0	1.0
8717.0	1.0
8718.0	1.0
8721.0	3.0
8722.0	2.0
8723.0	2.0
8737.0	1.0
8746.0	1.0
8781.0	1.0
8794.0	1.0
8825.0	1.0
8845.0	1.0
8874.0	1.0
8877.0	1.0
8904.0	1.0
8912.0	1.0
8915.0	1.0
8919.0	1.0
8981.0	1.0
8993.0	1.0
9001.0	1.0
9005.0	1.0
9006.0	1.0
9016.0	1.0
9017.0	1.0
9050.0	1.0
9090.0	1.0
9095.0	1.0
9101.0	1.0
9119.0	1.0
9124.0	1.0
9132.0	1.0
9147.0	1.0
9156.0	1.0
9166.0	1.0
9198.0	1.0
9239.0	1.0
9241.0	1.0
9244.0	1.0
9256.0	1.0
9259.0	1.0
9289.0	1.0
9298.0	1.0
9307.0	1.0
9312.0	1.0
9320.0	1.0
9348.0	1.0
9368.0	1.0
9369.0	1.0
9374.0	1.0
9396.0	1.0
9407.0	1.0
9424.0	1.0
9431.0	1.0
9444.0	1.0
9488.0	1.0
9496.0	1.0
9506.0	1.0
9511.0	2.0
9516.0	1.0
9520.0	1.0
9528.0	1.0
9550.0	1.0
9592.0	1.0
9603.0	1.0
9611.0	1.0
9630.0	1.0
9640.0	1.0
9659.0	1.0
9668.0	1.0
9673.0	1.0
9686.0	1.0
9697.0	1.0
9748.0	1.0
9757.0	1.0
9785.0	1.0
9786.0	1.0
9809.0	1.0
9830.0	1.0
9836.0	1.0
9852.0	1.0
9854.0	1.0
9857.0	1.0
9860.0	1.0
9873.0	1.0
9886.0	1.0
9894.0	1.0
9908.0	1.0
9913.0	1.0
9932.0	1.0
9942.0	1.0
9956.0	1.0
9959.0	1.0
9968.0	1.0
9977.0	1.0
9981.0	1.0
9993.0	1.0
10000.0	1.0
10013.0	1.0
10026.0	1.0
10034.0	1.0
10040.0	1.0
10042.0	1.0
10058.0	1.0
10060.0	1.0
10076.0	1.0
10085.0	1.0
10089.0	1.0
10092.0	1.0
10098.0	1.0
10099.0	1.0
10100.0	1.0
10108.0	1.0
10150.0	1.0
10152.0	1.0
10161.0	1.0
10165.0	1.0
10180.0	1.0
10187.0	1.0
10190.0	1.0
10191.0	1.0
10192.0	1.0
10200.0	1.0
10216.0	1.0
10225.0	1.0
10242.0	1.0
10246.0	1.0
10255.0	1.0
10267.0	1.0
10271.0	2.0
10276.0	1.0
10286.0	1.0
10288.0	1.0
10289.0	1.0
10307.0	1.0
10316.0	1.0
10320.0	1.0
10336.0	1.0
10342.0	1.0
10356.0	1.0
10368.0	1.0
10371.0	1.0
10382.0	1.0
10384.0	1.0
10386.0	1.0
10413.0	1.0
10417.0	1.0
10418.0	1.0
10425.0	1.0
10427.0	1.0
10428.0	1.0
10437.0	1.0
10439.0	2.0
10441.0	2.0
10442.0	1.0
10447.0	1.0
10463.0	1.0
10467.0	1.0
10470.0	1.0
10471.0	1.0
10478.0	1.0
10479.0	1.0
10480.0	1.0
10493.0	1.0
10495.0	1.0
10504.0	1.0
10505.0	1.0
10515.0	1.0
10518.0	1.0
10519.0	1.0
10523.0	1.0
10539.0	1.0
10547.0	1.0
10558.0	1.0
10563.0	1.0
10573.0	1.0
10576.0	1.0
10585.0	1.0
10590.0	1.0
10594.0	1.0
10616.0	1.0
10640.0	1.0
10655.0	1.0
10656.0	1.0
10681.0	1.0
10689.0	1.0
10704.0	1.0
10722.0	1.0
10732.0	1.0
10743.0	1.0
10747.0	1.0
10782.0	1.0
10798.0	1.0
10822.0	1.0
10882.0	1.0
10902.0	1.0
10916.0	1.0
10960.0	1.0
10971.0	1.0
11011.0	1.0
11017.0	1.0
11037.0	1.0
11059.0	1.0
11082.0	1.0
11098.0	1.0
11124.0	1.0
11134.0	1.0
11148.0	1.0
11150.0	1.0
11163.0	1.0
11181.0	1.0
11183.0	1.0
11189.0	1.0
11193.0	1.0
11204.0	1.0
11228.0	1.0
11242.0	1.0
11243.0	1.0
11244.0	1.0
11246.0	1.0
11250.0	1.0
11268.0	1.0
11269.0	1.0
11300.0	1.0
11304.0	1.0
11305.0	1.0
11310.0	1.0
11317.0	1.0
11320.0	1.0
11322.0	1.0
11325.0	1.0
11327.0	3.0
11332.0	1.0
11333.0	2.0
11338.0	1.0
11345.0	2.0
11352.0	1.0
11408.0	1.0
11432.0	1.0
11476.0	1.0
11516.0	1.0
11522.0	1.0
11529.0	1.0
11533.0	1.0
11569.0	1.0
11603.0	1.0
11616.0	1.0
11626.0	1.0
11633.0	1.0
11647.0	1.0
11684.0	1.0
11769.0	1.0
11800.0	1.0
11818.0	1.0
11875.0	1.0
11884.0	1.0
11930.0	1.0
11931.0	1.0
12080.0	1.0
12120.0	1.0
12122.0	1.0
12152.0	1.0
12172.0	1.0
12254.0	1.0
12257.0	1.0
12293.0	1.0
12307.0	1.0
12310.0	1.0
12325.0	1.0
12342.0	1.0
12359.0	1.0
12371.0	1.0
12393.0	1.0
12395.0	1.0
12417.0	1.0
12471.0	1.0
12476.0	1.0
12519.0	1.0
12587.0	1.0
12641.0	1.0
12656.0	1.0
12720.0	1.0
12727.0	1.0
12744.0	1.0
12746.0	1.0
12806.0	1.0
12853.0	1.0
12899.0	1.0
12903.0	1.0
12915.0	1.0
12916.0	1.0
12922.0	1.0
12939.0	1.0
13004.0	1.0
13020.0	1.0
13041.0	1.0
13131.0	1.0
13135.0	1.0
13140.0	1.0
13144.0	1.0
13185.0	1.0
13208.0	1.0
13225.0	1.0
13249.0	1.0
13330.0	1.0
13362.0	1.0
13392.0	2.0
13410.0	1.0
13413.0	1.0
13419.0	1.0
13445.0	1.0
13463.0	1.0
13468.0	1.0
13484.0	1.0
13495.0	1.0
13560.0	1.0
13575.0	1.0
13582.0	1.0
13596.0	1.0
13632.0	1.0
13708.0	1.0
13712.0	1.0
13718.0	1.0
13725.0	1.0
13805.0	1.0
13848.0	1.0
13882.0	1.0
13917.0	1.0
13924.0	1.0
13927.0	1.0
13930.0	1.0
14000.0	1.0
14037.0	1.0
14065.0	2.0
14089.0	1.0
14098.0	1.0
14231.0	1.0
14247.0	1.0
14257.0	1.0
14268.0	1.0
14277.0	1.0
14304.0	1.0
14339.0	1.0
14361.0	1.0
14387.0	1.0
14406.0	1.0
14484.0	1.0
14492.0	1.0
14496.0	1.0
14509.0	1.0
14528.0	1.0
14541.0	1.0
14557.0	1.0
14573.0	1.0
14647.0	1.0
14674.0	1.0
14692.0	1.0
14759.0	1.0
14761.0	1.0
14771.0	1.0
14805.0	1.0
14836.0	1.0
14850.0	1.0
14880.0	1.0
14966.0	1.0
14969.0	1.0
15013.0	1.0
15031.0	1.0
15036.0	1.0
15054.0	1.0
15074.0	1.0
15108.0	1.0
15147.0	1.0
15174.0	1.0
15196.0	1.0
15233.0	1.0
15237.0	1.0
15261.0	1.0
15270.0	1.0
15274.0	1.0
15286.0	1.0
15321.0	1.0
15359.0	1.0
15362.0	1.0
15365.0	1.0
15366.0	1.0
15370.0	1.0
15380.0	1.0
15417.0	1.0
15424.0	1.0
15431.0	1.0
15444.0	1.0
15449.0	1.0
15454.0	2.0
15459.0	1.0
15462.0	1.0
15475.0	1.0
15478.0	1.0
15480.0	1.0
15484.0	1.0
15569.0	1.0
15597.0	1.0
15617.0	1.0
15621.0	1.0
15622.0	1.0
15662.0	1.0
15722.0	1.0
15728.0	2.0
15780.0	2.0
15785.0	1.0
15800.0	1.0
15814.0	1.0
15819.0	1.0
15821.0	1.0
15864.0	1.0
15883.0	1.0
15886.0	1.0
15958.0	1.0
15959.0	1.0
15984.0	1.0
15993.0	1.0
16005.0	1.0
16022.0	1.0
16034.0	1.0
16064.0	1.0
16067.0	1.0
16080.0	1.0
16132.0	1.0
16133.0	1.0
16148.0	1.0
16173.0	1.0
16228.0	1.0
16261.0	1.0
16283.0	1.0
16401.0	1.0
16406.0	1.0
16422.0	1.0
16461.0	1.0
16523.0	1.0
16542.0	1.0
16597.0	1.0
16669.0	1.0
16705.0	1.0
16765.0	1.0
16791.0	1.0
16827.0	1.0
16834.0	1.0
16869.0	1.0
16884.0	1.0
16961.0	1.0
17046.0	1.0
17064.0	1.0
17096.0	1.0
17128.0	1.0
17161.0	1.0
17205.0	1.0
17209.0	1.0
17246.0	1.0
17289.0	1.0
17304.0	1.0
17313.0	1.0
17438.0	1.0
17443.0	1.0
17515.0	1.0
17521.0	1.0
17619.0	1.0
17670.0	1.0
17684.0	1.0
17726.0	1.0
17732.0	1.0
17786.0	1.0
17795.0	1.0
17863.0	1.0
17864.0	1.0
17897.0	1.0
17910.0	1.0
17966.0	1.0
17979.0	1.0
17981.0	1.0
17991.0	1.0
18018.0	1.0
18020.0	2.0
18037.0	1.0
18054.0	1.0
18096.0	1.0
18109.0	1.0
18118.0	1.0
18119.0	1.0
18173.0	1.0
18181.0	1.0
18410.0	1.0
18532.0	1.0
18617.0	1.0
18743.0	1.0
18752.0	1.0
18952.0	1.0
18975.0	1.0
18987.0	1.0
19024.0	1.0
19036.0	1.0
19136.0	1.0
19266.0	1.0
19288.0	1.0
19415.0	1.0
19467.0	1.0
19481.0	1.0
19519.0	1.0
19610.0	1.0
19757.0	1.0
19810.0	1.0
19879.0	1.0
19924.0	1.0
19950.0	1.0
19981.0	1.0
20092.0	1.0
20186.0	1.0
20302.0	2.0
20354.0	1.0
20576.0	1.0
20592.0	1.0
20600.0	1.0
20627.0	1.0
20669.0	1.0
21029.0	1.0
21223.0	1.0
21366.0	1.0
21462.0	1.0
21498.0	1.0
21553.0	1.0
21708.0	1.0
21736.0	1.0
21770.0	1.0
21799.0	1.0
21824.0	1.0
21975.0	1.0
22163.0	1.0
22213.0	1.0
22527.0	1.0
22580.0	1.0
22598.0	1.0
22620.0	1.0
22670.0	1.0
22716.0	1.0
22855.0	1.0
22911.0	1.0
22917.0	1.0
22967.0	1.0
23001.0	1.0
23057.0	1.0
23118.0	1.0
23320.0	1.0
23341.0	1.0
23345.0	1.0
23400.0	1.0
23405.0	1.0
23531.0	1.0
23568.0	1.0
23604.0	1.0
23670.0	1.0
23733.0	1.0
23817.0	1.0
23891.0	1.0
23938.0	1.0
23960.0	1.0
24003.0	1.0
24004.0	1.0
24043.0	1.0
24076.0	1.0
24090.0	1.0
24128.0	1.0
24146.0	1.0
24171.0	1.0
24186.0	1.0
24193.0	1.0
24216.0	1.0
24285.0	1.0
24289.0	1.0
24326.0	1.0
24329.0	1.0
24349.0	1.0
24384.0	1.0
24397.0	1.0
24401.0	1.0
24405.0	1.0
24977.0	1.0
25035.0	1.0
25168.0	1.0
25298.0	1.0
25406.0	1.0
25527.0	1.0
25761.0	1.0
25764.0	1.0
25825.0	1.0
26284.0	1.0
26326.0	1.0
26564.0	1.0
26730.0	1.0
26797.0	1.0
26865.0	1.0
27153.0	1.0
27364.0	1.0
27383.0	1.0
27389.0	1.0
27671.0	1.0
27770.0	1.0
28043.0	1.0
28087.0	1.0
28152.0	1.0
28410.0	1.0
28744.0	1.0
28902.0	1.0
28968.0	1.0
29047.0	1.0
29377.0	1.0
29397.0	1.0
29749.0	1.0
29834.0	1.0
30009.0	1.0
30037.0	1.0
30070.0	1.0
30128.0	1.0
30454.0	1.0
30743.0	1.0
31017.0	1.0
31052.0	1.0
31172.0	1.0
31266.0	1.0
31298.0	1.0
31331.0	1.0
31668.0	1.0
31732.0	1.0
31743.0	1.0
31788.0	1.0
32291.0	1.0
32348.0	1.0
32390.0	1.0
32422.0	1.0
32762.0	1.0
32764.0	1.0
32939.0	1.0
33447.0	1.0
33457.0	1.0
33641.0	1.0
33660.0	1.0
33709.0	1.0
34139.0	1.0
34298.0	1.0
34356.0	1.0
34398.0	1.0
34581.0	1.0
34649.0	1.0
34718.0	1.0
34841.0	1.0
35363.0	1.0
35467.0	1.0
35558.0	1.0
35592.0	1.0
35679.0	1.0
35930.0	1.0
36013.0	1.0
36127.0	1.0
36345.0	1.0
36488.0	1.0
36688.0	1.0
36772.0	1.0
36841.0	1.0
37232.0	1.0
37288.0	1.0
37494.0	1.0
37596.0	1.0
37921.0	1.0
37943.0	1.0
38327.0	1.0
38334.0	1.0
38682.0	1.0
38748.0	1.0
38757.0	1.0
39085.0	1.0
39166.0	1.0
39256.0	1.0
39300.0	1.0
39773.0	1.0
39818.0	1.0
39890.0	1.0
39961.0	2.0
40039.0	1.0
40186.0	1.0
40215.0	1.0
40510.0	1.0
40780.0	1.0
40823.0	1.0
40997.0	1.0
41001.0	1.0
41214.0	1.0
41480.0	1.0
41481.0	1.0
41694.0	1.0
41788.0	1.0
41959.0	1.0
42093.0	1.0
42335.0	1.0
42501.0	1.0
42585.0	1.0
42646.0	1.0
42700.0	1.0
43134.0	1.0
43143.0	1.0
43479.0	1.0
43548.0	1.0
43565.0	1.0
43566.0	1.0
44006.0	1.0
44138.0	1.0
44180.0	1.0
44374.0	1.0
44410.0	1.0
44565.0	1.0
44646.0	1.0
44748.0	1.0
44793.0	1.0
44915.0	1.0
45122.0	1.0
45399.0	1.0
45669.0	1.0
45722.0	1.0
45723.0	1.0
45727.0	1.0
45779.0	1.0
46017.0	1.0
46056.0	1.0
46258.0	1.0
46303.0	1.0
46317.0	1.0
46359.0	1.0
46364.0	1.0
46820.0	1.0
46821.0	1.0
46993.0	1.0
47023.0	1.0
47182.0	1.0
47250.0	1.0
47268.0	1.0
47570.0	1.0
47761.0	1.0
47764.0	1.0
47907.0	1.0
48047.0	1.0
48272.0	1.0
48285.0	1.0
48373.0	1.0
48535.0	1.0
48544.0	1.0
48621.0	1.0
48626.0	1.0
48707.0	1.0
48752.0	1.0
48855.0	1.0
49002.0	1.0
49047.0	1.0
49094.0	1.0
49124.0	1.0
49227.0	1.0
49245.0	1.0
49372.0	1.0
49453.0	1.0
49567.0	1.0
49579.0	1.0
49606.0	1.0
49697.0	1.0
49717.0	1.0
49863.0	1.0
49866.0	1.0
49967.0	1.0
49988.0	1.0
50043.0	1.0
50097.0	1.0
50162.0	1.0
50206.0	1.0
50244.0	1.0
50301.0	1.0
50348.0	1.0
50359.0	1.0
50377.0	1.0
50412.0	1.0
50415.0	1.0
50436.0	1.0
50479.0	1.0
50481.0	1.0
50492.0	1.0
50504.0	1.0
50522.0	2.0
50523.0	1.0
50524.0	1.0
50526.0	1.0
50534.0	1.0
50657.0	1.0
50661.0	2.0
50815.0	1.0
50892.0	1.0
51134.0	1.0
51525.0	1.0
51545.0	1.0
51643.0	1.0
51657.0	1.0
52069.0	1.0
52203.0	1.0
52281.0	1.0
52479.0	1.0
52652.0	1.0
52688.0	1.0
52968.0	1.0
52998.0	1.0
53068.0	1.0
53367.0	1.0
53611.0	1.0
53631.0	1.0
53686.0	1.0
53798.0	1.0
53885.0	1.0
53980.0	1.0
54156.0	1.0
54235.0	1.0
54547.0	1.0
54572.0	1.0
54588.0	1.0
54742.0	1.0
54780.0	1.0
54808.0	1.0
54825.0	1.0
54839.0	1.0
55070.0	1.0
55353.0	1.0
55531.0	1.0
55559.0	1.0
55684.0	1.0
55695.0	1.0
55972.0	1.0
56031.0	1.0
56176.0	1.0
56283.0	1.0
56389.0	1.0
56487.0	1.0
56591.0	1.0
56675.0	1.0
56747.0	1.0
56871.0	1.0
56943.0	1.0
57091.0	1.0
57095.0	1.0
57187.0	1.0
57219.0	1.0
57260.0	1.0
57281.0	1.0
57295.0	1.0
57313.0	1.0
57337.0	1.0
57371.0	1.0
57374.0	1.0
57407.0	1.0
57429.0	1.0
57481.0	1.0
57612.0	1.0
58135.0	1.0
58258.0	1.0
58905.0	1.0
59090.0	1.0
59491.0	1.0
59946.0	1.0
60097.0	1.0
60210.0	1.0
60531.0	1.0
60832.0	1.0
61048.0	1.0
61102.0	1.0
61334.0	1.0
61668.0	1.0
61793.0	1.0
62150.0	1.0
62176.0	1.0
62263.0	1.0
62731.0	1.0
62897.0	1.0
63133.0	1.0
63400.0	1.0
63476.0	1.0
63537.0	1.0
63784.0	1.0
63891.0	1.0
63985.0	1.0
64088.0	1.0
64194.0	1.0
64204.0	1.0
64307.0	1.0
64319.0	1.0
64341.0	1.0
64392.0	1.0
64437.0	1.0
64446.0	1.0
64457.0	1.0
64516.0	1.0
64518.0	1.0
64967.0	1.0
66446.0	1.0
68154.0	1.0
68620.0	1.0
69747.0	1.0
70044.0	1.0
71320.0	1.0
72206.0	1.0
73253.0	1.0
74509.0	1.0
75086.0	1.0
76848.0	1.0
77955.0	1.0
78950.0	1.0
79984.0	1.0
80982.0	1.0
81428.0	1.0
83050.0	1.0
83980.0	1.0
84527.0	1.0
85945.0	1.0
86371.0	1.0
86862.0	1.0
88050.0	1.0
89246.0	1.0
89379.0	1.0
90793.0	1.0
91956.0	1.0
92237.0	1.0
93302.0	1.0
94459.0	1.0
95154.0	1.0
95741.0	1.0
96891.0	1.0
97394.0	1.0
97798.0	1.0
98521.0	1.0
98926.0	1.0
98994.0	1.0
99340.0	1.0
99766.0	1.0
100554.0	1.0
101257.0	1.0
101420.0	1.0
101711.0	1.0
101962.0	1.0
102305.0	1.0
102553.0	1.0
102660.0	1.0
103019.0	1.0
103342.0	1.0
103431.0	1.0
103560.0	1.0
103788.0	1.0
103827.0	1.0
103863.0	1.0
104043.0	1.0
104201.0	1.0
104251.0	1.0
104422.0	1.0
104457.0	1.0
104585.0	1.0
104656.0	1.0
104685.0	1.0
104713.0	1.0
104716.0	1.0
