#Insert size (bp)	insert size
1.0	358.0
2.0	80.0
3.0	53.0
4.0	44.0
5.0	35.0
6.0	36.0
7.0	33.0
8.0	49.0
9.0	36.0
10.0	28.0
11.0	35.0
12.0	34.0
13.0	43.0
14.0	35.0
15.0	34.0
16.0	30.0
17.0	28.0
18.0	35.0
19.0	22.0
20.0	29.0
21.0	38.0
22.0	36.0
23.0	34.0
24.0	42.0
25.0	28.0
26.0	25.0
27.0	33.0
28.0	37.0
29.0	26.0
30.0	31.0
31.0	23.0
32.0	22.0
33.0	13.0
34.0	11.0
35.0	20.0
36.0	28.0
37.0	32.0
38.0	38.0
39.0	69.0
40.0	4408.0
41.0	4793.0
42.0	4587.0
43.0	4528.0
44.0	4373.0
45.0	4391.0
46.0	4532.0
47.0	4346.0
48.0	4763.0
49.0	5064.0
50.0	4612.0
51.0	4513.0
52.0	4389.0
53.0	4373.0
54.0	4517.0
55.0	4337.0
56.0	4735.0
57.0	4607.0
58.0	4764.0
59.0	4731.0
60.0	4591.0
61.0	4502.0
62.0	4339.0
63.0	4274.0
64.0	4283.0
65.0	4127.0
66.0	4444.0
67.0	4362.0
68.0	4210.0
69.0	4227.0
70.0	4308.0
71.0	4157.0
72.0	4134.0
73.0	4154.0
74.0	4150.0
75.0	4062.0
76.0	4126.0
77.0	3842.0
78.0	3999.0
79.0	4026.0
80.0	3991.0
81.0	3997.0
82.0	3830.0
83.0	3740.0
84.0	3664.0
85.0	3587.0
86.0	3505.0
87.0	3325.0
88.0	3453.0
89.0	3576.0
90.0	3613.0
91.0	3416.0
92.0	3054.0
93.0	2985.0
94.0	2922.0
95.0	2739.0
96.0	2704.0
97.0	2642.0
98.0	2520.0
99.0	2556.0
100.0	2762.0
101.0	2624.0
102.0	2529.0
103.0	2251.0
104.0	1984.0
105.0	2118.0
106.0	2036.0
107.0	1986.0
108.0	2088.0
109.0	2188.0
110.0	2207.0
111.0	2256.0
112.0	2211.0
113.0	2024.0
114.0	2157.0
115.0	2061.0
116.0	2081.0
117.0	2064.0
118.0	2179.0
119.0	2185.0
120.0	2319.0
121.0	2526.0
122.0	2385.0
123.0	2304.0
124.0	2328.0
125.0	2410.0
126.0	2351.0
127.0	2470.0
128.0	2516.0
129.0	2745.0
130.0	2942.0
131.0	2961.0
132.0	2911.0
133.0	2999.0
134.0	3047.0
135.0	3093.0
136.0	3132.0
137.0	3334.0
138.0	3475.0
139.0	3722.0
140.0	3899.0
141.0	4211.0
142.0	4197.0
143.0	4246.0
144.0	4368.0
145.0	4425.0
146.0	4413.0
147.0	4647.0
148.0	4866.0
149.0	5239.0
150.0	5554.0
151.0	5844.0
152.0	6099.0
153.0	6177.0
154.0	6597.0
155.0	6561.0
156.0	6803.0
157.0	6872.0
158.0	7396.0
159.0	7665.0
160.0	8057.0
161.0	8188.0
162.0	8695.0
163.0	8891.0
164.0	9121.0
165.0	9597.0
166.0	9873.0
167.0	10287.0
168.0	10551.0
169.0	11015.0
170.0	11736.0
171.0	12043.0
172.0	12450.0
173.0	13006.0
174.0	13374.0
175.0	14210.0
176.0	14739.0
177.0	15074.0
178.0	15797.0
179.0	16370.0
180.0	16988.0
181.0	17059.0
182.0	18270.0
183.0	18734.0
184.0	19059.0
185.0	20122.0
186.0	20740.0
187.0	21388.0
188.0	22220.0
189.0	22988.0
190.0	24016.0
191.0	24583.0
192.0	25474.0
193.0	26208.0
194.0	27164.0
195.0	27908.0
196.0	28939.0
197.0	29412.0
198.0	30594.0
199.0	32149.0
200.0	32359.0
201.0	33457.0
202.0	34638.0
203.0	35472.0
204.0	36767.0
205.0	37144.0
206.0	38606.0
207.0	39870.0
208.0	40916.0
209.0	41880.0
210.0	42877.0
211.0	43825.0
212.0	45116.0
213.0	45850.0
214.0	46921.0
215.0	48014.0
216.0	48985.0
217.0	50546.0
218.0	51789.0
219.0	52194.0
220.0	53574.0
221.0	54962.0
222.0	56116.0
223.0	57218.0
224.0	58161.0
225.0	59114.0
226.0	59915.0
227.0	61460.0
228.0	61876.0
229.0	62968.0
230.0	64283.0
231.0	65588.0
232.0	66308.0
233.0	67206.0
234.0	68119.0
235.0	69090.0
236.0	69615.0
237.0	70673.0
238.0	71723.0
239.0	72215.0
240.0	73125.0
241.0	74225.0
242.0	74938.0
243.0	76290.0
244.0	76558.0
245.0	76980.0
246.0	78096.0
247.0	77966.0
248.0	79491.0
249.0	79632.0
250.0	80813.0
251.0	81575.0
252.0	82686.0
253.0	82564.0
254.0	83265.0
255.0	83966.0
256.0	84336.0
257.0	85108.0
258.0	86151.0
259.0	86036.0
260.0	86408.0
261.0	87085.0
262.0	87831.0
263.0	87893.0
264.0	88521.0
265.0	89091.0
266.0	88946.0
267.0	89801.0
268.0	90241.0
269.0	90159.0
270.0	90410.0
271.0	91202.0
272.0	91417.0
273.0	90814.0
274.0	92001.0
275.0	91885.0
276.0	92296.0
277.0	92246.0
278.0	93523.0
279.0	93440.0
280.0	93515.0
281.0	92855.0
282.0	93652.0
283.0	94566.0
284.0	94218.0
285.0	93697.0
286.0	93832.0
287.0	94067.0
288.0	94485.0
289.0	94976.0
290.0	94312.0
291.0	94582.0
292.0	94983.0
293.0	94464.0
294.0	94645.0
295.0	95251.0
296.0	95033.0
297.0	95163.0
298.0	95097.0
299.0	95584.0
300.0	94790.0
301.0	95592.0
302.0	95633.0
303.0	95378.0
304.0	95204.0
305.0	95155.0
306.0	94748.0
307.0	95678.0
308.0	95140.0
309.0	95783.0
310.0	95512.0
311.0	95182.0
312.0	95254.0
313.0	94896.0
314.0	94640.0
315.0	94822.0
316.0	94775.0
317.0	95078.0
318.0	94970.0
319.0	94421.0
320.0	94525.0
321.0	94229.0
322.0	94619.0
323.0	94614.0
324.0	93974.0
325.0	93845.0
326.0	93608.0
327.0	94087.0
328.0	93863.0
329.0	93516.0
330.0	93493.0
331.0	93326.0
332.0	92415.0
333.0	92164.0
334.0	93065.0
335.0	92852.0
336.0	92526.0
337.0	92471.0
338.0	92271.0
339.0	92140.0
340.0	92166.0
341.0	91575.0
342.0	91848.0
343.0	91874.0
344.0	91072.0
345.0	91191.0
346.0	90851.0
347.0	90478.0
348.0	90269.0
349.0	89925.0
350.0	89743.0
351.0	89680.0
352.0	90282.0
353.0	89216.0
354.0	88927.0
355.0	89623.0
356.0	88793.0
357.0	88798.0
358.0	88400.0
359.0	88057.0
360.0	87867.0
361.0	87353.0
362.0	88113.0
363.0	87533.0
364.0	87972.0
365.0	86658.0
366.0	87350.0
367.0	86981.0
368.0	86853.0
369.0	86186.0
370.0	86210.0
371.0	85462.0
372.0	85790.0
373.0	85232.0
374.0	85141.0
375.0	84924.0
376.0	84394.0
377.0	84163.0
378.0	84060.0
379.0	83937.0
380.0	83538.0
381.0	83197.0
382.0	82930.0
383.0	83137.0
384.0	82403.0
385.0	82338.0
386.0	82149.0
387.0	82529.0
388.0	81449.0
389.0	81849.0
390.0	81039.0
391.0	80949.0
392.0	81431.0
393.0	80904.0
394.0	80588.0
395.0	80446.0
396.0	79982.0
397.0	79634.0
398.0	78861.0
399.0	79401.0
400.0	79288.0
401.0	78356.0
402.0	78427.0
403.0	78305.0
404.0	78200.0
405.0	78002.0
406.0	77705.0
407.0	77162.0
408.0	76876.0
409.0	76609.0
410.0	76115.0
411.0	76204.0
412.0	76047.0
413.0	75701.0
414.0	75844.0
415.0	75429.0
416.0	74888.0
417.0	74964.0
418.0	75150.0
419.0	74337.0
420.0	74117.0
421.0	74117.0
422.0	73410.0
423.0	73432.0
424.0	72529.0
425.0	72544.0
426.0	72880.0
427.0	72332.0
428.0	72373.0
429.0	71636.0
430.0	71277.0
431.0	71292.0
432.0	71095.0
433.0	70700.0
434.0	71142.0
435.0	70781.0
436.0	70752.0
437.0	69727.0
438.0	69409.0
439.0	69861.0
440.0	68879.0
441.0	68835.0
442.0	69492.0
443.0	68379.0
444.0	68745.0
445.0	68528.0
446.0	68114.0
447.0	67998.0
448.0	67267.0
449.0	67720.0
450.0	66850.0
451.0	66028.0
452.0	66292.0
453.0	66324.0
454.0	65677.0
455.0	65829.0
456.0	65749.0
457.0	65329.0
458.0	65232.0
459.0	65013.0
460.0	65199.0
461.0	64748.0
462.0	64359.0
463.0	64023.0
464.0	63782.0
465.0	63635.0
466.0	63134.0
467.0	63017.0
468.0	63179.0
469.0	62990.0
470.0	62316.0
471.0	61904.0
472.0	61908.0
473.0	61669.0
474.0	61017.0
475.0	61638.0
476.0	61037.0
477.0	60988.0
478.0	60586.0
479.0	60060.0
480.0	60011.0
481.0	59813.0
482.0	59610.0
483.0	59444.0
484.0	59873.0
485.0	59405.0
486.0	59257.0
487.0	58835.0
488.0	58312.0
489.0	57796.0
490.0	57593.0
491.0	58017.0
492.0	57389.0
493.0	57535.0
494.0	57055.0
495.0	56956.0
496.0	56893.0
497.0	56593.0
498.0	56521.0
499.0	56464.0
500.0	56141.0
501.0	52706.0
502.0	52277.0
503.0	52258.0
504.0	51903.0
505.0	51432.0
506.0	51272.0
507.0	50811.0
508.0	50783.0
509.0	50587.0
510.0	50242.0
511.0	50157.0
512.0	50177.0
513.0	50594.0
514.0	52027.0
515.0	56108.0
516.0	48601.0
517.0	48349.0
518.0	48724.0
519.0	49508.0
520.0	49648.0
521.0	49705.0
522.0	49959.0
523.0	50300.0
524.0	50723.0
525.0	53156.0
526.0	63471.0
527.0	90401.0
528.0	139357.0
529.0	28008.0
530.0	28265.0
531.0	29045.0
532.0	29421.0
533.0	29739.0
534.0	30385.0
535.0	31051.0
536.0	31208.0
537.0	32353.0
538.0	33035.0
539.0	33628.0
540.0	34828.0
541.0	35701.0
542.0	36688.0
543.0	37660.0
544.0	38458.0
545.0	39286.0
546.0	39803.0
547.0	40414.0
548.0	40709.0
549.0	41464.0
550.0	40924.0
551.0	40825.0
552.0	40972.0
553.0	40705.0
554.0	40502.0
555.0	40598.0
556.0	40404.0
557.0	39840.0
558.0	40205.0
559.0	40258.0
560.0	39720.0
561.0	39390.0
562.0	38879.0
563.0	39121.0
564.0	38708.0
565.0	38519.0
566.0	38370.0
567.0	38305.0
568.0	38311.0
569.0	37980.0
570.0	38082.0
571.0	37401.0
572.0	37399.0
573.0	37318.0
574.0	37361.0
575.0	37062.0
576.0	36887.0
577.0	36383.0
578.0	36231.0
579.0	35999.0
580.0	36142.0
581.0	35995.0
582.0	35856.0
583.0	35565.0
584.0	35405.0
585.0	35350.0
586.0	35524.0
587.0	35128.0
588.0	34959.0
589.0	34454.0
590.0	34735.0
591.0	34214.0
592.0	34006.0
593.0	34163.0
594.0	33783.0
595.0	33334.0
596.0	33261.0
597.0	33290.0
598.0	33425.0
599.0	32933.0
600.0	32708.0
601.0	32501.0
602.0	32653.0
603.0	32557.0
604.0	32090.0
605.0	32111.0
606.0	32070.0
607.0	31714.0
608.0	31469.0
609.0	31299.0
610.0	31377.0
611.0	31335.0
612.0	31002.0
613.0	30728.0
614.0	30700.0
615.0	30796.0
616.0	30387.0
617.0	30450.0
618.0	29915.0
619.0	29718.0
620.0	29531.0
621.0	29528.0
622.0	29655.0
623.0	29026.0
624.0	29082.0
625.0	28795.0
626.0	28971.0
627.0	28887.0
628.0	28508.0
629.0	28388.0
630.0	28210.0
631.0	28001.0
632.0	27976.0
633.0	27756.0
634.0	28004.0
635.0	27741.0
636.0	27410.0
637.0	27449.0
638.0	27260.0
639.0	27123.0
640.0	26991.0
641.0	26597.0
642.0	26396.0
643.0	26264.0
644.0	26169.0
645.0	26375.0
646.0	26112.0
647.0	25588.0
648.0	25479.0
649.0	25483.0
650.0	25176.0
651.0	25033.0
652.0	24976.0
653.0	25335.0
654.0	24796.0
655.0	24537.0
656.0	24567.0
657.0	24412.0
658.0	24499.0
659.0	23847.0
660.0	24324.0
661.0	23799.0
662.0	23883.0
663.0	23674.0
664.0	23851.0
665.0	23726.0
666.0	22892.0
667.0	23266.0
668.0	22907.0
669.0	23045.0
670.0	22700.0
671.0	22658.0
672.0	22354.0
673.0	22521.0
674.0	22622.0
675.0	22203.0
676.0	21766.0
677.0	22000.0
678.0	21652.0
679.0	21546.0
680.0	21424.0
681.0	21451.0
682.0	21675.0
683.0	21175.0
684.0	21210.0
685.0	20721.0
686.0	20727.0
687.0	20495.0
688.0	20259.0
689.0	20416.0
690.0	20337.0
691.0	20151.0
692.0	19925.0
693.0	20080.0
694.0	19846.0
695.0	19510.0
696.0	19522.0
697.0	19664.0
698.0	19186.0
699.0	19272.0
700.0	19169.0
701.0	18980.0
702.0	19091.0
703.0	18572.0
704.0	18787.0
705.0	18724.0
706.0	18626.0
707.0	18323.0
708.0	18475.0
709.0	18551.0
710.0	18164.0
711.0	17709.0
712.0	17958.0
713.0	17629.0
714.0	17743.0
715.0	17522.0
716.0	17201.0
717.0	17142.0
718.0	17083.0
719.0	17011.0
720.0	16916.0
721.0	17026.0
722.0	16695.0
723.0	16472.0
724.0	16427.0
725.0	16495.0
726.0	16356.0
727.0	15953.0
728.0	16278.0
729.0	15900.0
730.0	15939.0
731.0	15965.0
732.0	15804.0
733.0	15661.0
734.0	15478.0
735.0	15295.0
736.0	15088.0
737.0	15165.0
738.0	15282.0
739.0	14884.0
740.0	15021.0
741.0	14997.0
742.0	14791.0
743.0	14512.0
744.0	14590.0
745.0	14235.0
746.0	14295.0
747.0	14276.0
748.0	13984.0
749.0	14152.0
750.0	13904.0
751.0	13964.0
752.0	13756.0
753.0	13557.0
754.0	13173.0
755.0	13343.0
756.0	13332.0
757.0	13284.0
758.0	13430.0
759.0	13076.0
760.0	12914.0
761.0	13100.0
762.0	12674.0
763.0	12848.0
764.0	12713.0
765.0	12515.0
766.0	12573.0
767.0	12354.0
768.0	12249.0
769.0	12185.0
770.0	12010.0
771.0	12030.0
772.0	11875.0
773.0	11738.0
774.0	12057.0
775.0	11788.0
776.0	11534.0
777.0	11510.0
778.0	11585.0
779.0	11541.0
780.0	11645.0
781.0	11089.0
782.0	11152.0
783.0	11033.0
784.0	10892.0
785.0	10829.0
786.0	11045.0
787.0	10741.0
788.0	10714.0
789.0	10612.0
790.0	10540.0
791.0	10412.0
792.0	10449.0
793.0	10394.0
794.0	10213.0
795.0	10241.0
796.0	10144.0
797.0	10149.0
798.0	9821.0
799.0	10059.0
800.0	9935.0
801.0	9755.0
802.0	9704.0
803.0	9669.0
804.0	9384.0
805.0	9403.0
806.0	9277.0
807.0	9264.0
808.0	9107.0
809.0	9057.0
810.0	9091.0
811.0	8809.0
812.0	8916.0
813.0	8866.0
814.0	8758.0
815.0	8962.0
816.0	8587.0
817.0	8585.0
818.0	8633.0
819.0	8508.0
820.0	8336.0
821.0	8410.0
822.0	8301.0
823.0	8182.0
824.0	8218.0
825.0	8072.0
826.0	8024.0
827.0	7908.0
828.0	8001.0
829.0	7827.0
830.0	7883.0
831.0	7517.0
832.0	7659.0
833.0	7343.0
834.0	7526.0
835.0	7457.0
836.0	7410.0
837.0	7317.0
838.0	7278.0
839.0	7195.0
840.0	7105.0
841.0	7002.0
842.0	6985.0
843.0	6992.0
844.0	7142.0
845.0	6910.0
846.0	6849.0
847.0	6880.0
848.0	6754.0
849.0	6569.0
850.0	6661.0
851.0	6569.0
852.0	6496.0
853.0	6265.0
854.0	6545.0
855.0	6420.0
856.0	6175.0
857.0	6205.0
858.0	6236.0
859.0	6041.0
860.0	6043.0
861.0	5829.0
862.0	6047.0
863.0	5980.0
864.0	5851.0
865.0	5832.0
866.0	5874.0
867.0	5716.0
868.0	5706.0
869.0	5634.0
870.0	5530.0
871.0	5600.0
872.0	5417.0
873.0	5357.0
874.0	5320.0
875.0	5340.0
876.0	5359.0
877.0	5273.0
878.0	5249.0
879.0	5118.0
880.0	5198.0
881.0	4941.0
882.0	5128.0
883.0	5134.0
884.0	4944.0
885.0	4884.0
886.0	4863.0
887.0	4872.0
888.0	4871.0
889.0	4737.0
890.0	4696.0
891.0	4692.0
892.0	4773.0
893.0	4657.0
894.0	4581.0
895.0	4471.0
896.0	4420.0
897.0	4383.0
898.0	4210.0
899.0	4297.0
900.0	4249.0
901.0	4188.0
902.0	4209.0
903.0	4126.0
904.0	3939.0
905.0	4148.0
906.0	4081.0
907.0	3990.0
908.0	3959.0
909.0	3928.0
910.0	3891.0
911.0	3856.0
912.0	3817.0
913.0	3812.0
914.0	3782.0
915.0	3766.0
916.0	3636.0
917.0	3550.0
918.0	3685.0
919.0	3642.0
920.0	3579.0
921.0	3542.0
922.0	3619.0
923.0	3530.0
924.0	3381.0
925.0	3319.0
926.0	3368.0
927.0	3367.0
928.0	3325.0
929.0	3222.0
930.0	3267.0
931.0	3071.0
932.0	3203.0
933.0	3197.0
934.0	3101.0
935.0	3076.0
936.0	3067.0
937.0	2986.0
938.0	2859.0
939.0	3022.0
940.0	2902.0
941.0	2907.0
942.0	2860.0
943.0	2823.0
944.0	2883.0
945.0	2821.0
946.0	2755.0
947.0	2792.0
948.0	2727.0
949.0	2677.0
950.0	2666.0
951.0	2703.0
952.0	2639.0
953.0	2529.0
954.0	2549.0
955.0	2575.0
956.0	2479.0
957.0	2446.0
958.0	2378.0
959.0	2486.0
960.0	2419.0
961.0	2393.0
962.0	2448.0
963.0	2406.0
964.0	2334.0
965.0	2292.0
966.0	2206.0
967.0	2254.0
968.0	2194.0
969.0	2212.0
970.0	2193.0
971.0	2232.0
972.0	2179.0
973.0	2190.0
974.0	2056.0
975.0	2122.0
976.0	2175.0
977.0	1941.0
978.0	2019.0
979.0	2090.0
980.0	1979.0
981.0	1946.0
982.0	1987.0
983.0	1840.0
984.0	1940.0
985.0	1931.0
986.0	1898.0
987.0	1884.0
988.0	1864.0
989.0	1846.0
990.0	1827.0
991.0	1864.0
992.0	1773.0
993.0	1705.0
994.0	1668.0
995.0	1767.0
996.0	1697.0
997.0	1701.0
998.0	1582.0
999.0	1612.0
1000.0	1667.0
1001.0	1648.0
1002.0	1575.0
1003.0	1518.0
1004.0	1579.0
1005.0	1494.0
1006.0	1564.0
1007.0	1523.0
1008.0	1453.0
1009.0	1491.0
1010.0	1498.0
1011.0	1393.0
1012.0	1488.0
1013.0	1496.0
1014.0	1393.0
1015.0	1425.0
1016.0	1368.0
1017.0	1320.0
1018.0	1303.0
1019.0	1327.0
1020.0	1293.0
1021.0	1357.0
1022.0	1345.0
1023.0	1297.0
1024.0	1241.0
1025.0	1264.0
1026.0	1207.0
1027.0	1235.0
1028.0	1216.0
1029.0	1237.0
1030.0	1158.0
1031.0	1165.0
1032.0	1170.0
1033.0	1184.0
1034.0	1069.0
1035.0	1161.0
1036.0	1147.0
1037.0	1101.0
1038.0	1051.0
1039.0	1113.0
1040.0	1086.0
