#Insert size (bp)	insert size
1.0	8231.0
2.0	1439.0
3.0	1207.0
4.0	1192.0
5.0	1186.0
6.0	1201.0
7.0	1187.0
8.0	1176.0
9.0	1188.0
10.0	1100.0
11.0	1027.0
12.0	1032.0
13.0	987.0
14.0	1011.0
15.0	965.0
16.0	992.0
17.0	988.0
18.0	904.0
19.0	884.0
20.0	845.0
21.0	820.0
22.0	835.0
23.0	818.0
24.0	771.0
25.0	763.0
26.0	700.0
27.0	758.0
28.0	768.0
29.0	770.0
30.0	819.0
31.0	358.0
32.0	384.0
33.0	359.0
34.0	371.0
35.0	366.0
36.0	373.0
37.0	435.0
38.0	491.0
39.0	548.0
40.0	14655.0
41.0	14614.0
42.0	14752.0
43.0	15202.0
44.0	14886.0
45.0	14706.0
46.0	14991.0
47.0	15008.0
48.0	15285.0
49.0	15306.0
50.0	15022.0
51.0	15130.0
52.0	15114.0
53.0	15286.0
54.0	15389.0
55.0	15112.0
56.0	15840.0
57.0	15973.0
58.0	16050.0
59.0	16334.0
60.0	15772.0
61.0	16135.0
62.0	16139.0
63.0	16363.0
64.0	16222.0
65.0	16263.0
66.0	16709.0
67.0	16706.0
68.0	17263.0
69.0	17502.0
70.0	17688.0
71.0	18047.0
72.0	18168.0
73.0	18403.0
74.0	18556.0
75.0	19657.0
76.0	19580.0
77.0	20358.0
78.0	21099.0
79.0	21313.0
80.0	21614.0
81.0	22456.0
82.0	22893.0
83.0	23920.0
84.0	24119.0
85.0	25174.0
86.0	25508.0
87.0	26713.0
88.0	27618.0
89.0	28673.0
90.0	29986.0
91.0	30590.0
92.0	31633.0
93.0	32956.0
94.0	34250.0
95.0	35592.0
96.0	37026.0
97.0	38222.0
98.0	40320.0
99.0	42092.0
100.0	44178.0
101.0	45703.0
102.0	47820.0
103.0	49574.0
104.0	51659.0
105.0	53854.0
106.0	56682.0
107.0	59042.0
108.0	61621.0
109.0	64154.0
110.0	68122.0
111.0	70461.0
112.0	72965.0
113.0	76629.0
114.0	79737.0
115.0	83054.0
116.0	86988.0
117.0	90774.0
118.0	94007.0
119.0	98276.0
120.0	102126.0
121.0	105865.0
122.0	110576.0
123.0	113876.0
124.0	118548.0
125.0	123421.0
126.0	126917.0
127.0	131961.0
128.0	135859.0
129.0	140082.0
130.0	144843.0
131.0	149110.0
132.0	154110.0
133.0	157991.0
134.0	163751.0
135.0	168047.0
136.0	172236.0
137.0	175825.0
138.0	181853.0
139.0	186539.0
140.0	189981.0
141.0	195330.0
142.0	199142.0
143.0	203808.0
144.0	208468.0
145.0	213122.0
146.0	216404.0
147.0	220488.0
148.0	224122.0
149.0	229645.0
150.0	233778.0
151.0	241169.0
152.0	244265.0
153.0	248847.0
154.0	251972.0
155.0	256235.0
156.0	259945.0
157.0	263596.0
158.0	268176.0
159.0	270820.0
160.0	274858.0
161.0	278690.0
162.0	282553.0
163.0	285231.0
164.0	288660.0
165.0	291541.0
166.0	296222.0
167.0	298171.0
168.0	301217.0
169.0	303965.0
170.0	306924.0
171.0	309174.0
172.0	311310.0
173.0	315494.0
174.0	317556.0
175.0	320913.0
176.0	322560.0
177.0	324198.0
178.0	326420.0
179.0	329365.0
180.0	329843.0
181.0	333442.0
182.0	334469.0
183.0	335386.0
184.0	337830.0
185.0	338246.0
186.0	341316.0
187.0	342189.0
188.0	342707.0
189.0	343942.0
190.0	344515.0
191.0	344800.0
192.0	344775.0
193.0	345276.0
194.0	346200.0
195.0	345284.0
196.0	346170.0
197.0	346036.0
198.0	346476.0
199.0	347976.0
200.0	346354.0
201.0	347917.0
202.0	346974.0
203.0	347145.0
204.0	345367.0
205.0	345694.0
206.0	345131.0
207.0	345629.0
208.0	345370.0
209.0	344503.0
210.0	343224.0
211.0	342328.0
212.0	341695.0
213.0	339366.0
214.0	339529.0
215.0	338652.0
216.0	336850.0
217.0	336702.0
218.0	335939.0
219.0	336570.0
220.0	337201.0
221.0	336879.0
222.0	335088.0
223.0	335159.0
224.0	333240.0
225.0	333558.0
226.0	330866.0
227.0	330133.0
228.0	328990.0
229.0	327152.0
230.0	326433.0
231.0	324122.0
232.0	322263.0
233.0	320786.0
234.0	319261.0
235.0	318820.0
236.0	316418.0
237.0	315752.0
238.0	314509.0
239.0	313815.0
240.0	312203.0
241.0	309672.0
242.0	308717.0
243.0	306758.0
244.0	304443.0
245.0	302462.0
246.0	301321.0
247.0	299937.0
248.0	297459.0
249.0	295944.0
250.0	293656.0
251.0	292593.0
252.0	291219.0
253.0	288507.0
254.0	286695.0
255.0	284026.0
256.0	283133.0
257.0	279699.0
258.0	277988.0
259.0	276892.0
260.0	275067.0
261.0	273659.0
262.0	270612.0
263.0	268667.0
264.0	266501.0
265.0	264593.0
266.0	262153.0
267.0	260960.0
268.0	258930.0
269.0	256353.0
270.0	255027.0
271.0	253513.0
272.0	249856.0
273.0	248876.0
274.0	246017.0
275.0	244021.0
276.0	242649.0
277.0	240031.0
278.0	237818.0
279.0	237351.0
280.0	234777.0
281.0	233535.0
282.0	230674.0
283.0	228589.0
284.0	227646.0
285.0	225483.0
286.0	222779.0
287.0	221023.0
288.0	219841.0
289.0	216801.0
290.0	215191.0
291.0	212883.0
292.0	211969.0
293.0	210145.0
294.0	207289.0
295.0	205130.0
296.0	203370.0
297.0	202841.0
298.0	199486.0
299.0	198054.0
300.0	196228.0
301.0	194249.0
302.0	192886.0
303.0	191203.0
304.0	189585.0
305.0	187730.0
306.0	185143.0
307.0	184592.0
308.0	182539.0
309.0	180561.0
310.0	178573.0
311.0	176630.0
312.0	175010.0
313.0	173407.0
314.0	171833.0
315.0	170105.0
316.0	168387.0
317.0	166481.0
318.0	165416.0
319.0	163509.0
320.0	161899.0
321.0	160912.0
322.0	158701.0
323.0	157337.0
324.0	155128.0
325.0	154042.0
326.0	152162.0
327.0	150363.0
328.0	149328.0
329.0	147725.0
330.0	145947.0
331.0	143595.0
332.0	141800.0
333.0	141701.0
334.0	139347.0
335.0	138433.0
336.0	136405.0
337.0	135539.0
338.0	134384.0
339.0	132474.0
340.0	130957.0
341.0	129923.0
342.0	128737.0
343.0	127235.0
344.0	125185.0
345.0	124008.0
346.0	122871.0
347.0	121505.0
348.0	119885.0
349.0	119630.0
350.0	116880.0
351.0	116198.0
352.0	115137.0
353.0	113731.0
354.0	112220.0
355.0	110952.0
356.0	110680.0
357.0	108332.0
358.0	108157.0
359.0	106273.0
360.0	105330.0
361.0	104317.0
362.0	103139.0
363.0	102490.0
364.0	100679.0
365.0	100253.0
366.0	98793.0
367.0	97227.0
368.0	96365.0
369.0	94984.0
370.0	94866.0
371.0	93548.0
372.0	92622.0
373.0	91258.0
374.0	90670.0
375.0	89184.0
376.0	87757.0
377.0	87004.0
378.0	86289.0
379.0	85714.0
380.0	84700.0
381.0	82723.0
382.0	82809.0
383.0	81776.0
384.0	80579.0
385.0	79602.0
386.0	78611.0
387.0	77929.0
388.0	77271.0
389.0	76171.0
390.0	75444.0
391.0	74210.0
392.0	73300.0
393.0	72885.0
394.0	72017.0
395.0	70816.0
396.0	70377.0
397.0	69428.0
398.0	68280.0
399.0	67637.0
400.0	66710.0
401.0	66091.0
402.0	65733.0
403.0	64405.0
404.0	63747.0
405.0	63197.0
406.0	62369.0
407.0	61388.0
408.0	60520.0
409.0	59580.0
410.0	59480.0
411.0	58560.0
412.0	58209.0
413.0	57086.0
414.0	56663.0
415.0	55405.0
416.0	54934.0
417.0	54608.0
418.0	53939.0
419.0	53397.0
420.0	53102.0
421.0	52193.0
422.0	51774.0
423.0	51184.0
424.0	50513.0
425.0	49853.0
426.0	48853.0
427.0	48443.0
428.0	47718.0
429.0	47486.0
430.0	46797.0
431.0	45744.0
432.0	45591.0
433.0	44950.0
434.0	44162.0
435.0	44167.0
436.0	43526.0
437.0	43171.0
438.0	42291.0
439.0	41859.0
440.0	40980.0
441.0	41056.0
442.0	40351.0
443.0	39938.0
444.0	39394.0
445.0	38628.0
446.0	38152.0
447.0	37610.0
448.0	36795.0
449.0	36888.0
450.0	36146.0
451.0	36107.0
452.0	35289.0
453.0	35192.0
454.0	34462.0
455.0	33982.0
456.0	33806.0
457.0	32947.0
458.0	32524.0
459.0	32018.0
460.0	32144.0
461.0	31339.0
462.0	30776.0
463.0	30438.0
464.0	30214.0
465.0	29667.0
466.0	29685.0
467.0	29085.0
468.0	28322.0
469.0	28413.0
470.0	28140.0
471.0	27393.0
472.0	27375.0
473.0	26947.0
474.0	26518.0
475.0	26516.0
476.0	26061.0
477.0	25445.0
478.0	25325.0
479.0	25133.0
480.0	24776.0
481.0	24254.0
482.0	23919.0
483.0	23767.0
484.0	23394.0
485.0	22973.0
486.0	22633.0
487.0	22608.0
488.0	22045.0
489.0	21931.0
490.0	21450.0
491.0	21069.0
492.0	21041.0
493.0	20578.0
494.0	20359.0
495.0	20120.0
496.0	19959.0
497.0	19565.0
498.0	19262.0
499.0	19208.0
500.0	19138.0
501.0	17891.0
502.0	17657.0
503.0	17475.0
504.0	17059.0
505.0	17004.0
506.0	16823.0
507.0	16372.0
508.0	16262.0
509.0	15944.0
510.0	15837.0
511.0	15633.0
512.0	15247.0
513.0	15817.0
514.0	16413.0
515.0	19310.0
516.0	14422.0
517.0	14279.0
518.0	14352.0
519.0	14063.0
520.0	14456.0
521.0	14162.0
522.0	14250.0
523.0	14542.0
524.0	14433.0
525.0	15103.0
526.0	19092.0
527.0	30181.0
528.0	51730.0
529.0	7298.0
530.0	7265.0
531.0	7217.0
532.0	7087.0
533.0	7051.0
534.0	7137.0
535.0	6777.0
536.0	6863.0
537.0	6915.0
538.0	6796.0
539.0	6852.0
540.0	6842.0
541.0	6808.0
542.0	6684.0
543.0	6821.0
544.0	6778.0
545.0	6861.0
546.0	6775.0
547.0	7046.0
548.0	7138.0
549.0	7415.0
550.0	7611.0
551.0	7930.0
552.0	8286.0
553.0	8494.0
554.0	8527.0
555.0	8460.0
556.0	8217.0
557.0	8361.0
558.0	8102.0
559.0	8085.0
560.0	7894.0
561.0	7618.0
562.0	7732.0
563.0	7379.0
564.0	7462.0
565.0	7313.0
566.0	7166.0
567.0	7241.0
568.0	7039.0
569.0	6857.0
570.0	7047.0
571.0	6609.0
572.0	6666.0
573.0	6630.0
574.0	6472.0
575.0	6360.0
576.0	6268.0
577.0	6092.0
578.0	5979.0
579.0	6169.0
580.0	5820.0
581.0	5890.0
582.0	5647.0
583.0	5671.0
584.0	5573.0
585.0	5434.0
586.0	5386.0
587.0	5427.0
588.0	5432.0
589.0	5278.0
590.0	5137.0
591.0	5095.0
592.0	4944.0
593.0	4747.0
594.0	4771.0
595.0	4716.0
596.0	4751.0
597.0	4719.0
598.0	4627.0
599.0	4522.0
600.0	4455.0
601.0	4477.0
602.0	4363.0
