chr	windowStart	windowEnd	D	f_d	f_dM	d_f
chr1	1774619	2183939	0.124691	0.070704	0.041099	0.075690
chr1	2189565	3463765	-0.183295	-0.061296	-0.036679	-0.145488
chr1	3467004	5066860	0.149254	0.042679	0.026732	0.090909
chr1	5071753	6125431	0.028571	0.013953	0.006908	0.020096
chr1	6210430	7310892	0.386139	0.165853	0.093013	0.307888
chr1	7312200	7959959	0.066754	0.021662	0.014147	0.062295
chr1	7960269	8539772	0.000000	0.000000	0.000000	0.005405
chr1	8549471	12080532	0.144397	0.049796	0.029605	0.105512
chr1	12146777	14767942	0.177665	0.035497	0.021531	0.107438
chr1	14792237	17295187	0.091570	0.015771	0.011548	0.062937
chr1	17297435	21875044	0.037485	0.012271	0.005637	0.041546
chr1	21884348	24669786	0.024055	0.006445	0.003886	0.019355
chr1	24772872	26115394	-0.045455	-0.014093	-0.007618	-0.034921
chr1	26135807	29035671	0.064399	0.014031	0.009575	0.088210
chr1	29035753	31966344	-0.197500	-0.067148	-0.035407	-0.141199
chr1	31967736	33573998	0.048362	0.015683	0.008068	0.032325
chr1	33574738	36558380	-0.015782	-0.003899	-0.002239	-0.021088
chr1	36561164	37749869	0.151376	0.042820	0.025813	0.105207
chr1	37750729	40380414	0.143229	0.022467	0.016007	0.107212
chr1	40388425	43361965	-0.154217	-0.035681	-0.021732	-0.113879
chr1	43373885	47789117	0.084643	0.025225	0.016370	0.065299
chr1	47792819	49912172	0.298193	0.050084	0.035620	0.205821
chr1	49934246	52308594	0.209243	0.046093	0.030163	0.144152
chr1	52325673	53479652	0.004796	0.001592	0.001019	0.003559
chr1	53533061	55231380	0.010502	0.002214	0.001355	0.003846
chr1	55256978	56473942	0.161094	0.029854	0.019937	0.107943
chr1	56493060	57943475	0.270784	0.055741	0.035019	0.218075
chr1	57943867	59790821	-0.140251	-0.036876	-0.021061	-0.127094
chr1	59800264	61052605	0.052933	0.013996	0.008720	0.051910
chr1	61074530	62604693	0.157385	0.047474	0.027941	0.089259
chr1	62672138	64762750	-0.026723	-0.005431	-0.003354	-0.017071
chr1	64762763	66563110	0.022642	0.008822	0.005282	0.016245
chr1	66571051	68592283	-0.346486	-0.077460	-0.046852	-0.237532
chr1	68739765	70806511	-0.182390	-0.041057	-0.025066	-0.131460
chr1	70872116	72882445	0.088071	0.028829	0.017749	0.070347
chr1	72888152	74781832	0.006878	0.001982	0.001022	-0.004533
chr1	74792996	77225911	0.167947	0.039087	0.025832	0.130435
chr1	77231460	79337773	-0.114046	-0.041331	-0.020853	-0.088136
chr1	79346818	81009016	-0.387289	-0.190275	-0.094195	-0.329392
chr1	81044133	83839379	0.228606	0.044737	0.029072	0.176909
chr1	83878258	85668126	0.240984	0.053682	0.034370	0.128767
chr1	85757258	88055562	-0.132479	-0.021874	-0.015687	-0.097179
chr1	88080207	89515912	-0.134328	-0.024471	-0.015800	-0.091733
chr1	89637090	90305775	0.042122	0.011143	0.005837	0.022129
chr1	90311919	91087872	0.242424	0.039637	0.024490	0.167539
chr1	91088773	92302503	-0.259366	-0.075598	-0.032648	-0.169811
chr1	92332836	95768210	0.163957	0.026640	0.018088	0.101774
chr1	95770946	98512510	0.152196	0.040416	0.025560	0.109801
chr1	98512623	101063910	0.078071	0.020016	0.012823	0.061483
chr1	101074594	104198699	0.266839	0.051666	0.032649	0.198459
chr1	104350244	107679541	-0.182749	-0.039246	-0.024692	-0.114784
chr1	107827428	113372082	0.126953	0.031904	0.019377	0.101900
chr1	113417583	115140890	0.451923	0.077014	0.058914	0.281437
chr1	115481908	117680820	-0.023474	-0.003408	-0.002186	-0.022556
chr1	117691846	119410987	-0.243976	-0.070425	-0.035571	-0.163424
chr1	119411989	121865697	0.076462	0.015052	0.008872	0.042965
chr1	121945622	123330451	0.082500	0.022706	0.015802	0.050847
chr1	123332631	126178221	-0.125320	-0.032573	-0.020144	-0.069504
chr1	126203685	129459276	0.117735	0.029737	0.018686	0.068636
chr1	129467574	130913590	-0.109810	-0.046758	-0.025487	-0.065048
chr1	131340082	132261598	0.189744	0.061014	0.035922	0.137546
chr1	132271263	133272540	0.184397	0.112419	0.049435	0.132203
chr1	133283377	134391024	0.250370	0.159735	0.073638	0.161722
chr1	134500085	135961413	-0.138627	-0.054963	-0.025673	-0.088717
chr1	135961549	140518876	-0.224105	-0.062206	-0.040741	-0.178408
chr1	140518877	142436859	0.485342	0.115813	0.076624	0.427221
chr1	142444006	144247363	0.223250	0.067197	0.042001	0.175858
chr1	144255989	145711646	0.005650	0.001399	0.001010	0.003636
chr1	145711676	146795410	-0.093617	-0.040109	-0.020578	-0.076125
chr1	146884405	149168935	0.076000	0.014075	0.008587	0.041466
chr1	149182789	150442871	0.110799	0.040589	0.019394	0.079397
chr1	150442876	152040569	-0.445415	-0.148424	-0.077468	-0.334014
chr1	152052416	155764790	0.306018	0.066205	0.039116	0.211317
chr1	155910034	157392927	-0.085308	-0.035649	-0.019769	-0.072202
chr1	157396766	159417666	0.030568	0.009403	0.005191	0.016706
chr1	159428778	168473179	0.242836	0.044231	0.028992	0.173416
chr1	168506107	170861402	-0.216617	-0.077522	-0.041177	-0.145228
chr1	170947754	174424968	0.072046	0.019083	0.012060	0.043398
chr1	174425217	181156812	0.355120	0.085624	0.055064	0.254290
chr1	181234229	183015255	0.177686	0.053677	0.031701	0.148789
chr1	183045754	184826634	0.159681	0.051987	0.030194	0.133333
chr1	185073168	186656027	-0.139381	-0.036582	-0.023365	-0.121951
chr1	186743143	189272792	0.002172	0.000699	0.000394	0.012027
chr1	189295469	192174004	0.316794	0.081528	0.055848	0.230769
chr1	192215876	194230775	-0.063830	-0.013189	-0.009447	-0.047244
chr1	194270318	196637282	0.061508	0.017763	0.011813	0.055856
chr1	196638482	198852997	0.112717	0.026357	0.017269	0.086093
chr1	198893184	202462439	0.001170	0.000348	0.000206	0.000902
chr1	202480235	203801310	0.122004	0.040826	0.023973	0.090625
chr1	203909311	205738423	-0.452211	-0.133642	-0.075771	-0.286360
chr1	205743115	207617893	-0.130814	-0.028154	-0.018252	-0.088757
chr1	207648593	208934261	0.115676	0.045461	0.026712	0.109077
chr1	208949089	209904843	0.392216	0.140495	0.084344	0.264463
chr1	209948649	210932507	-0.092949	-0.023842	-0.014266	-0.048093
chr1	210934676	214502212	0.277846	0.094197	0.063428	0.154443
chr2	1029808	2764729	0.134890	0.055964	0.031984	0.117431
chr2	2790280	4798645	0.247642	0.096923	0.054702	0.182609
chr2	4803288	5787720	-0.362162	-0.138382	-0.074426	-0.219672
chr2	5838166	7231384	0.324121	0.084158	0.052739	0.284768
chr2	7231720	8989349	0.043077	0.011260	0.006173	0.025830
chr2	9128490	12980706	0.127098	0.021779	0.012699	0.087315
chr2	13001758	16404904	-0.158730	-0.024353	-0.014274	-0.086572
chr2	16560423	18529941	-0.117166	-0.042744	-0.024160	-0.086519
chr2	18537844	21459050	0.098333	0.020515	0.012251	0.069268
chr2	21614310	23858429	-0.107180	-0.029933	-0.017191	-0.089362
chr2	23932936	26376292	0.115789	0.026096	0.017742	0.081481
chr2	26464323	27550189	0.388823	0.115657	0.072624	0.351235
chr2	27554413	30999262	0.014620	0.003333	0.001938	0.027451
chr2	31323461	33344284	0.093717	0.029386	0.015673	0.080756
chr2	33344391	35415481	0.484036	0.124005	0.076150	0.289977
chr2	35539200	36523550	0.083333	0.028385	0.016064	0.063082
chr2	36535420	37581522	0.427778	0.138365	0.077739	0.293458
chr2	37605440	38860489	0.221662	0.084117	0.044704	0.175373
chr2	38874968	40592369	0.235988	0.060852	0.040754	0.176972
chr2	40594555	42297588	0.107356	0.030075	0.019438	0.096429
chr2	42297596	44075935	0.427912	0.126506	0.080489	0.330365
chr2	44125913	46077882	0.063187	0.016513	0.010044	0.041284
chr2	46099653	47972592	0.016541	0.005959	0.002970	0.010309
chr2	47988289	49030361	0.196916	0.082669	0.051789	0.147163
chr2	49143673	50503484	0.238806	0.088754	0.050618	0.158559
chr2	50503680	52090996	0.160656	0.053722	0.035067	0.123842
chr2	52092535	52837131	-0.313636	-0.139888	-0.081617	-0.230769
chr2	52837416	54600424	-0.166265	-0.058450	-0.030919	-0.119584
chr2	54607430	56508260	-0.077039	-0.018053	-0.011290	-0.040667
chr2	56508741	57746085	0.175130	0.046936	0.031273	0.138866
chr2	57757851	62528929	0.043915	0.007229	0.004903	0.030729
chr2	62671881	65827141	0.410405	0.080560	0.048347	0.376884
chr2	65894602	67121268	0.028963	0.008910	0.005166	0.028571
chr2	67121779	69028093	0.041237	0.007686	0.005499	0.051335
chr2	69034154	71097288	0.027545	0.005938	0.003642	0.028074
chr2	71098747	72600652	-0.039735	-0.008622	-0.005165	-0.039356
chr2	72648572	74457729	0.296104	0.067059	0.041242	0.233954
chr2	74473385	76912853	0.260121	0.065900	0.039491	0.206231
chr2	76916124	83572226	-0.218662	-0.050378	-0.030478	-0.193768
chr2	83588842	86631523	0.006369	0.001823	0.001053	-0.003636
chr2	86641949	89669085	-0.030440	-0.006994	-0.004670	-0.023499
chr2	89679904	93215706	0.274172	0.076459	0.043302	0.203140
chr2	93217742	95065418	-0.129841	-0.067803	-0.030989	-0.122558
chr2	95115177	98689446	0.066667	0.013412	0.008660	0.039690
chr2	98721775	100691385	0.174964	0.045000	0.029080	0.141361
chr2	100695379	103676153	-0.033708	-0.005168	-0.003155	-0.043311
chr2	103704894	108669311	-0.078481	-0.018225	-0.011237	-0.055456
chr2	108728747	110611328	0.142857	0.041961	0.024895	0.115871
chr2	110634261	112801674	0.465561	0.135738	0.085721	0.352113
chr2	112829695	113957165	0.197987	0.068025	0.042904	0.122661
chr2	113961600	114920890	-0.045031	-0.012734	-0.007708	-0.040634
chr2	114925619	115839981	0.061765	0.020673	0.012024	0.041096
chr2	115844208	117685472	-0.292958	-0.122919	-0.060395	-0.157718
chr2	117694279	119131621	0.100000	0.026868	0.017227	0.070370
chr2	119141588	121838845	-0.127610	-0.041168	-0.023948	-0.084746
chr2	122267797	124925789	-0.024020	-0.004492	-0.002703	-0.020106
chr2	124926778	126786195	0.241099	0.089417	0.049745	0.220126
chr2	127005455	129205713	-0.127921	-0.033183	-0.019218	-0.090121
chr2	129206285	131445430	0.040580	0.009904	0.005696	0.020258
chr2	131542726	133558217	0.037084	0.009281	0.006429	0.027804
chr2	133560671	136496360	0.227513	0.079985	0.046386	0.204099
chr2	136496374	138180954	-0.089872	-0.026996	-0.015621	-0.062044
chr2	138195255	138910451	-0.098675	-0.041222	-0.022361	-0.050879
chr2	138911992	141733577	-0.320000	-0.057656	-0.033385	-0.234568
chr2	141813104	144097754	0.183824	0.046468	0.026360	0.149270
chr2	144221668	149030559	0.132530	0.032374	0.016852	0.065306
chr2	149168823	150580781	0.158273	0.035156	0.022304	0.092784
chr2	150654051	151558659	0.314685	0.135056	0.080923	0.244094
chr2	151558786	152612074	-0.017978	-0.006763	-0.003450	-0.013889
chr2	152616868	153937605	0.398240	0.097417	0.058390	0.370902
chr2	153938281	155114112	0.143376	0.066377	0.042660	0.131886
chr2	155152255	156636546	0.100629	0.031778	0.017724	0.068894
chr2	156636598	159700586	-0.067818	-0.025181	-0.012621	-0.026428
chr2	159712156	162279153	-0.245111	-0.085662	-0.048189	-0.173004
chr2	162279465	164162214	-0.093969	-0.037064	-0.019974	-0.081468
chr3	5056029	8260079	0.005848	0.000902	0.000622	0.013148
chr3	8291729	12340871	0.066667	0.010481	0.007123	0.025484
chr3	12347566	14115383	0.392576	0.113891	0.072643	0.324048
chr3	14119759	16220685	-0.116645	-0.025501	-0.015066	-0.080689
chr3	16236492	18821825	-0.033742	-0.006150	-0.003977	-0.043103
chr3	18964315	23503238	0.164103	0.016162	0.011579	0.102041
chr3	23503553	24512377	0.118881	0.041818	0.019744	0.089177
chr3	24626989	25696739	-0.299327	-0.110027	-0.067498	-0.205811
chr3	25713779	26614514	-0.062500	-0.027239	-0.011763	-0.064340
chr3	26625065	29276020	-0.147842	-0.048228	-0.028352	-0.136691
chr3	29282371	30923664	0.126824	0.033782	0.019674	0.104533
chr3	30924519	33696546	0.238592	0.040526	0.027962	0.170009
chr3	33696554	34637958	-0.005128	-0.001404	-0.000862	-0.002950
chr3	34648878	36247007	0.039947	0.010068	0.006978	0.026408
chr3	36247056	40853753	0.247191	0.042836	0.028534	0.182566
chr3	40853782	43545675	0.242503	0.073431	0.040990	0.160900
chr3	43555836	44300045	0.069606	0.034509	0.019512	0.045045
chr3	44311014	45475524	-0.034722	-0.009269	-0.005359	-0.021363
chr3	45477194	46894135	-0.083440	-0.023678	-0.014416	-0.063477
chr3	47097977	48518409	0.010817	0.003235	0.002046	0.007432
chr3	48524087	50187458	-0.059140	-0.021113	-0.012494	-0.042802
chr3	50209862	51877537	0.402886	0.148770	0.084793	0.329102
chr3	51902604	52822352	-0.147095	-0.130340	-0.037926	-0.111994
chr3	52826322	54139905	-0.053571	-0.021171	-0.012897	-0.038817
chr3	54150311	55424025	0.338164	0.109325	0.075201	0.254113
chr3	55524075	56802487	0.365947	0.151872	0.097572	0.297468
chr3	56808153	57619962	0.406380	0.117734	0.077698	0.272066
chr3	57630806	58112638	0.127681	0.057445	0.034771	0.106202
chr3	58178694	61317105	-0.090411	-0.015270	-0.010365	-0.074046
chr3	61513476	63317525	0.036855	0.008314	0.004573	0.026362
chr3	63326649	64467226	0.109195	0.030731	0.020865	0.086758
chr3	64467385	66892192	-0.100629	-0.028748	-0.018335	-0.084806
chr3	66905450	68674566	-0.143056	-0.035489	-0.022143	-0.098376
chr3	68788251	70617998	-0.039501	-0.014298	-0.007670	-0.033159
chr3	70688339	74129228	-0.178112	-0.041976	-0.026845	-0.132800
chr3	74137098	75930091	-0.199704	-0.060756	-0.032730	-0.133841
chr3	75938272	77208339	0.019157	0.005468	0.002673	0.016043
chr3	77239781	80758020	0.096842	0.026976	0.016965	0.075658
chr3	80842280	84427069	-0.234554	-0.049509	-0.029283	-0.167347
chr3	84449239	85582482	0.133501	0.040030	0.022871	0.089376
chr3	85599091	88221921	-0.187500	-0.036486	-0.021104	-0.138211
chr3	88324219	91916610	0.461787	0.094800	0.062270	0.431840
chr3	92041347	94024509	0.139742	0.058930	0.034664	0.124011
chr3	94054174	98140319	-0.106667	-0.038890	-0.020621	-0.054248
chr3	98144727	102965116	-0.171364	-0.031244	-0.020691	-0.121212
chr3	102994813	106735672	-0.073227	-0.012487	-0.008711	-0.036364
chr3	106736921	108466431	0.089074	0.022704	0.013746	0.071770
chr3	108538812	110508431	-0.000524	-0.000137	-0.000090	0.010578
chr3	110973591	113401162	0.043237	0.018083	0.009764	0.044386
chr3	113402392	114780769	0.369979	0.115043	0.072514	0.306480
chr3	114780907	116555305	0.182222	0.054776	0.036010	0.134426
chr3	116555364	117308383	0.182440	0.068133	0.039947	0.145712
chr3	117317636	118748663	-0.014245	-0.005675	-0.003229	-0.009980
chr3	118749476	120858185	0.091510	0.030505	0.018659	0.066667
chr3	120875790	122223565	0.264090	0.083945	0.049408	0.164147
chr3	122223646	123389022	0.320730	0.120885	0.070534	0.208475
chr3	123401907	124931737	-0.120853	-0.056531	-0.029330	-0.103918
chr4	3253106	7407481	-0.052097	-0.010385	-0.006610	-0.007557
chr4	7409521	10460128	0.472441	0.109689	0.075419	0.349810
chr4	10482418	12741975	0.122507	0.047046	0.024998	0.119334
chr4	12751992	13607744	0.154846	0.103571	0.048465	0.104712
chr4	13630193	15750790	-0.014925	-0.003931	-0.002582	-0.001862
chr4	15817169	17642157	0.052632	0.015334	0.009703	0.050246
chr4	17792920	21119275	0.392891	0.092069	0.063970	0.314374
chr4	21132043	22383866	-0.183891	-0.060214	-0.032476	-0.107556
chr4	22403508	24456728	-0.204659	-0.050190	-0.024990	-0.109333
chr4	24561375	26641826	0.006826	0.001887	0.001107	0.005300
chr4	26648041	29466790	0.008621	0.002297	0.001470	0.007435
chr4	29476939	31154426	0.075887	0.023340	0.014503	0.058935
chr4	31162691	33084761	-0.340611	-0.107339	-0.058223	-0.217973
chr4	33111534	34516555	0.043937	0.011648	0.006988	0.015690
chr4	34575293	38845560	0.055260	0.016337	0.009721	0.036364
chr4	38845566	41642250	-0.310448	-0.135026	-0.072795	-0.265886
chr4	41655828	43376452	0.153153	0.024442	0.017394	0.113225
chr4	43382186	47236468	0.148476	0.038901	0.024887	0.136860
chr4	47408255	48911182	-0.504630	-0.172275	-0.077962	-0.387900
chr4	48928115	52267973	0.254582	0.030075	0.018352	0.141884
chr4	52287463	55419861	0.050992	0.010594	0.006704	0.018789
chr4	55526022	58338986	0.056323	0.014202	0.007637	0.046980
chr4	58344962	60359324	0.046543	0.016065	0.009100	0.034146
chr4	60359449	63622023	0.265472	0.069205	0.037731	0.164506
chr4	63630550	66651780	0.063457	0.015673	0.010209	0.057199
chr4	66882065	69386184	0.087719	0.031195	0.016007	0.025506
chr4	69449695	70683559	0.316554	0.130975	0.070525	0.250558
chr4	70683663	71991313	0.212084	0.083930	0.047409	0.164345
chr4	71991447	75062530	-0.149055	-0.051797	-0.027926	-0.115917
chr4	75062774	77541048	-0.142308	-0.044106	-0.022412	-0.117069
chr4	77561517	81134660	-0.160405	-0.061770	-0.031017	-0.117709
chr5	1073537	2433278	0.037594	0.018664	0.010178	-0.004082
chr5	2468856	3160739	0.211078	0.087560	0.046995	0.118388
chr5	3195856	3818940	-0.219013	-0.134383	-0.058446	-0.180934
chr5	3824077	4663180	-0.003049	-0.001495	-0.000803	0.021869
chr5	4673414	6005816	0.276486	0.078648	0.047885	0.203810
chr5	6012463	7187171	0.186047	0.059177	0.035731	0.121849
chr5	7203773	8524930	0.022831	0.009088	0.004532	0.016779
chr5	8525459	9463227	-0.019930	-0.006290	-0.003966	-0.005927
chr5	9464793	11074431	-0.185286	-0.039969	-0.024747	-0.121864
chr5	11078798	12179625	0.049020	0.018871	0.011252	0.018933
chr5	12186372	13415787	0.047264	0.014291	0.009494	0.046859
chr5	13420662	14281611	0.014925	0.004789	0.002859	0.003279
chr5	14294556	15293352	0.200269	0.072365	0.038195	0.122431
chr5	15295980	16607236	-0.018895	-0.004242	-0.002614	-0.014115
chr5	16607553	19398856	0.036896	0.007787	0.004816	-0.004108
chr5	19400854	22750411	-0.261694	-0.091498	-0.050653	-0.153911
chr5	22753901	25539628	0.040214	0.007526	0.004204	0.024876
chr5	25540476	28932860	-0.203757	-0.033428	-0.019815	-0.142601
chr5	28958822	31650975	0.158265	0.027683	0.016962	0.154219
chr5	31656810	37577230	0.392555	0.053450	0.034633	0.267898
chr5	37747953	40974616	-0.207186	-0.041223	-0.023938	-0.158570
chr5	40975367	43454295	-0.068263	-0.011456	-0.007935	-0.079734
chr5	43554775	47881044	0.390210	0.064345	0.042141	0.247956
chr5	47881410	50609519	0.097166	0.023320	0.014637	0.091185
chr5	50634671	52931456	0.288010	0.052850	0.036743	0.232669
chr5	52949579	57092234	-0.012329	-0.001172	-0.000882	-0.010837
chr5	57096878	59654010	0.040293	0.010745	0.006668	0.036522
chr5	59679489	61308762	0.123779	0.035968	0.021696	0.076613
chr5	61350063	63550233	0.286632	0.085430	0.050075	0.195021
chr5	63554637	65501907	0.158245	0.067987	0.037959	0.106918
chr5	65511855	67051942	-0.026119	-0.006682	-0.004036	-0.018733
chr5	67094284	68493673	0.245361	0.096097	0.054596	0.198594
chr5	68498847	69681112	-0.037464	-0.015841	-0.008188	-0.044161
chr5	69684590	70809841	-0.092848	-0.046010	-0.020580	-0.073705
chr6	1195131	2702515	0.159587	0.052466	0.033061	0.136899
chr6	2704365	4926834	0.223796	0.071064	0.044658	0.166490
chr6	4926925	5809628	0.016743	0.004892	0.002651	0.023116
chr6	5810048	7155593	0.120735	0.057013	0.025333	0.070470
chr6	7212378	8561123	0.255259	0.091950	0.052324	0.201220
chr6	8648487	9660274	0.094382	0.047024	0.023578	0.071672
chr6	9706903	10871777	-0.055156	-0.019829	-0.011156	-0.041293
chr6	10882450	11742407	-0.264103	-0.114955	-0.058045	-0.220490
chr6	11745928	12932714	0.019648	0.006723	0.004006	0.016115
chr6	12937110	14127276	0.081851	0.016810	0.010948	0.045545
chr6	14131211	15658293	-0.277840	-0.079515	-0.048652	-0.238006
chr6	15763217	18721706	0.099885	0.022871	0.015526	0.076632
chr6	18722971	20336999	-0.034153	-0.011924	-0.005934	-0.024201
chr6	20344158	22245435	0.136674	0.038373	0.021402	0.106762
chr6	22250101	25343426	-0.080201	-0.017039	-0.009787	-0.034247
chr6	25351259	26904392	0.318299	0.077575	0.045377	0.245033
chr6	26904436	32963052	-0.076923	-0.011793	-0.007423	-0.068811
chr6	33162596	39242946	0.033916	0.004838	0.003286	0.028621
chr6	39244316	40435352	0.266376	0.100715	0.061168	0.248980
chr6	40436712	41430634	0.314815	0.099944	0.046709	0.233435
chr6	41448580	42198586	0.331770	0.142713	0.081159	0.247722
chr6	42220610	43597241	-0.102521	-0.030886	-0.016294	-0.080000
chr6	43602019	44864927	-0.257302	-0.074637	-0.039874	-0.167118
chr6	44866407	45566818	0.240719	0.113197	0.058087	0.166217
chr6	45571121	46559770	0.139565	0.047135	0.028870	0.115789
chr6	46572521	47488757	-0.358531	-0.129233	-0.075759	-0.321705
chr6	47501400	48120564	-0.045685	-0.016733	-0.009555	-0.030612
chr6	48123692	48591451	0.123529	0.053985	0.033568	0.099150
chr6	48599443	49663570	0.343173	0.083475	0.058157	0.223737
chr6	49702939	50763735	0.355062	0.140389	0.081850	0.291016
chr6	50764529	51690207	0.092932	0.040394	0.023488	0.074523
chr7	167417	939379	0.030211	0.012484	0.006126	0.018051
chr7	951143	1892640	0.090909	0.046950	0.022661	0.069272
chr7	1906280	2990425	0.080513	0.041516	0.019862	0.075489
chr7	3073492	3986567	0.303977	0.099961	0.053866	0.211045
chr7	3998637	5049830	-0.105395	-0.043880	-0.026624	-0.110092
chr7	5084580	5984506	-0.001333	-0.000496	-0.000256	0.021356
chr7	5985001	7033458	-0.099738	-0.049196	-0.026047	-0.075472
chr7	7191584	8708314	-0.241530	-0.103191	-0.048380	-0.186184
chr7	8711057	9473890	0.419214	0.143088	0.099576	0.345324
chr7	9512688	11053876	-0.147239	-0.044967	-0.026851	-0.118859
chr7	11250223	13646747	-0.085985	-0.020443	-0.011697	-0.064516
chr7	13725230	18272962	-0.140496	-0.025542	-0.016712	-0.100592
chr7	18329398	21958214	0.097325	0.019521	0.011961	0.050473
chr7	21986451	26317432	-0.055616	-0.009623	-0.006102	-0.032929
chr7	26317726	29748819	0.002407	0.000416	0.000298	0.001938
chr7	29839780	33935622	0.391396	0.067872	0.044254	0.281509
chr7	33938470	34745068	0.056604	0.015738	0.009356	0.030000
chr7	34748211	36157832	-0.016741	-0.005765	-0.002900	-0.013310
chr7	36159537	37794209	0.036011	0.007698	0.004955	0.009671
chr7	37796700	40060237	0.181340	0.034070	0.023771	0.142045
chr7	40085315	41181108	0.160142	0.048160	0.029967	0.081867
chr7	41191752	42131929	0.396104	0.123163	0.081369	0.356725
chr7	42141342	43753643	0.168632	0.052677	0.031521	0.128945
chr7	43811629	44682839	0.084629	0.021813	0.012538	0.043391
chr7	44683583	45572043	0.425727	0.121778	0.074963	0.279116
chr7	45574514	46129356	0.341040	0.117757	0.073981	0.246519
chr7	46201380	46961381	0.270781	0.094790	0.062881	0.193603
chr8	609280	1601222	-0.021812	-0.006817	-0.003919	-0.016983
chr8	1634631	2405425	0.119205	0.037604	0.022075	0.115139
chr8	2405454	2924259	-0.453278	-0.223470	-0.099612	-0.303589
chr8	2924327	3739303	-0.093298	-0.031817	-0.019843	-0.079755
chr8	3875239	4550129	-0.168591	-0.049728	-0.033262	-0.127341
chr8	4581804	5258432	0.022069	0.008955	0.005438	0.014159
chr8	5260423	5871119	0.036075	0.012175	0.007799	0.028311
chr8	5886274	6429882	-0.136103	-0.058594	-0.028184	-0.076183
chr8	6437048	7079491	-0.203738	-0.069397	-0.034928	-0.119649
chr8	7084582	7530539	0.084605	0.038665	0.021540	0.064431
chr8	7535241	8308889	-0.009302	-0.003245	-0.001966	0.007519
chr8	8332768	8705162	0.133690	0.079393	0.036958	0.093851
chr8	8718510	10039483	0.074586	0.024564	0.014263	0.042553
chr8	10062586	13176291	-0.450331	-0.088286	-0.055150	-0.327974
chr8	13177836	15808545	0.143737	0.037393	0.025204	0.112540
chr8	15959647	18128481	0.210137	0.040384	0.026275	0.189919
chr8	18291622	25194175	-0.030415	-0.003646	-0.002702	-0.028278
chr8	25206007	29922578	-0.137255	-0.020634	-0.014034	-0.099150
chr8	29932505	32098686	-0.189567	-0.046706	-0.028185	-0.095682
chr8	32153643	33230802	0.005540	0.001533	0.000908	0.004505
chr8	33242355	34241068	-0.094928	-0.035679	-0.022019	-0.089898
chr8	34244601	34982850	-0.023910	-0.008868	-0.004839	-0.004794
chr8	35033010	35799704	-0.281977	-0.096246	-0.052674	-0.173913
chr8	35799855	36661848	-0.155313	-0.059344	-0.029807	-0.113772
chr8	36697383	37729154	0.157001	0.049268	0.023547	0.122924
chr8	37754791	38723464	0.066079	0.017392	0.009949	0.040872
chr8	38728566	39904563	0.021739	0.008448	0.004449	0.015209
chr8	39954633	40419685	0.104132	0.040226	0.023410	0.075988
chr8	40440758	41204654	0.140476	0.058658	0.036405	0.104056
chr8	41209356	41497623	0.364734	0.253143	0.131076	0.259897
chr8	41509438	42659326	0.205279	0.089305	0.044341	0.162055
chr8	42675861	43421747	0.151667	0.066912	0.034198	0.092762
chr9	1449962	2924234	-0.224924	-0.096459	-0.044091	-0.149798
chr9	2977251	3931069	0.190341	0.073559	0.042081	0.138144
chr9	4009280	4664246	0.011429	0.003109	0.001827	0.008850
chr9	4673078	5813246	0.218162	0.073480	0.045504	0.176999
chr9	5843301	7299800	0.184056	0.071310	0.041900	0.128823
chr9	7307432	10368624	0.257745	0.055349	0.036706	0.176570
chr9	10389818	10920962	-0.067961	-0.041940	-0.018535	-0.050883
chr9	10932975	11670980	-0.119880	-0.048914	-0.027291	-0.074913
chr9	11681730	12826632	0.013025	0.003377	0.001748	0.014663
chr9	12830379	13849722	-0.134078	-0.041860	-0.017863	-0.093385
chr9	13849744	15286845	0.420889	0.150018	0.074876	0.363718
chr9	15327353	17787465	0.207719	0.036334	0.025757	0.174785
chr9	17787468	24433346	-0.090508	-0.010010	-0.007660	-0.079612
chr9	25049757	27703113	0.370629	0.083023	0.051770	0.276247
chr9	27705099	30144743	-0.069909	-0.013311	-0.006837	-0.050000
chr9	30155097	31614911	0.069199	0.014960	0.008981	0.052094
chr9	31619923	33536395	0.030105	0.007091	0.004347	0.010252
chr9	33633333	35282757	0.040134	0.013309	0.008444	0.031524
chr9	35291562	36317499	0.087603	0.025828	0.015461	0.035983
chr9	36327973	38344252	0.128878	0.036221	0.021474	0.094077
chr9	38344836	38854410	-0.075145	-0.039305	-0.020948	-0.045614
chr9	38854541	39737816	0.154054	0.078216	0.038002	0.099602
chr9	39739063	40880202	-0.139942	-0.043822	-0.027719	-0.081712
chr9	40895601	42460184	0.065909	0.022964	0.013911	0.056530
chr10	775153	10768655	-0.121290	-0.011150	-0.007363	-0.095918
chr10	10825108	15310609	-0.018910	-0.003815	-0.002430	-0.018011
chr10	15467204	19126841	-0.137356	-0.016304	-0.010685	-0.087558
chr10	19220491	21175817	-0.134146	-0.023663	-0.014418	-0.080645
chr10	21218421	24643965	0.157175	0.035826	0.023389	0.117949
chr10	24645956	25817507	-0.005900	-0.001726	-0.000968	-0.024648
chr10	25826456	26888055	-0.098143	-0.034628	-0.018767	-0.061360
chr10	26912323	28279912	-0.049073	-0.015182	-0.008350	-0.036320
chr10	28401632	30743411	0.162791	0.030129	0.020438	0.113320
chr10	30750526	31301148	-0.116919	-0.047722	-0.026119	-0.064361
chr10	31461844	33473150	0.263226	0.074249	0.047030	0.192090
chr10	33473568	34315035	0.192638	0.058640	0.038343	0.136150
chr10	34347189	35799566	0.003736	0.001816	0.000858	-0.002523
chr10	35807925	37011993	0.427984	0.191323	0.104243	0.387156
chr10	37043731	38275165	-0.132075	-0.048055	-0.025236	-0.093690
chr10	38276008	39382185	0.114878	0.037546	0.018464	0.065868
chr10	39427340	40750069	0.310992	0.075751	0.052908	0.228346
chr11	2892121	3801414	0.201320	0.051361	0.030831	0.134658
chr11	3809505	4317925	0.435897	0.154624	0.085794	0.281553
chr11	4347628	5185941	0.327037	0.148712	0.086707	0.255300
chr11	5191682	5913348	-0.198276	-0.092416	-0.055250	-0.164286
chr11	5913610	7004270	0.103093	0.029710	0.018207	0.073260
chr11	7298574	7681495	0.203679	0.097936	0.052359	0.145814
chr11	7686328	8247323	-0.139498	-0.042084	-0.022195	-0.060632
chr11	8249702	8969192	0.022654	0.007591	0.004360	0.013133
chr11	8971596	9853654	0.087353	0.025453	0.016591	0.059875
chr11	9953503	10891969	0.286307	0.066824	0.043585	0.199230
chr11	10898652	11375656	0.141012	0.060592	0.035760	0.117912
chr11	11408643	12633416	-0.064475	-0.014441	-0.008322	-0.061578
chr11	12684208	13969705	0.238636	0.051560	0.031470	0.144330
chr11	13990067	14998059	0.243478	0.071016	0.039427	0.151625
chr11	15025119	16149261	-0.195301	-0.059221	-0.031980	-0.130942
chr11	16163546	16997204	0.061765	0.024850	0.013807	0.040000
chr11	17011525	18143350	0.073034	0.016489	0.009965	0.055319
chr11	18161952	22110087	0.063170	0.009046	0.005836	0.058050
chr11	22159053	26955673	0.020312	0.002186	0.001489	0.010292
chr11	26962835	28232549	-0.083205	-0.029779	-0.014677	-0.036972
chr11	28233602	29082056	-0.037707	-0.010108	-0.005848	-0.038105
chr11	29088008	29917576	0.156328	0.064384	0.038973	0.106691
chr11	30030711	30988424	0.178378	0.053608	0.029009	0.125249
chr11	31018779	31568902	-0.098675	-0.037236	-0.018829	-0.069143
chr11	31584387	32686665	0.075964	0.023326	0.014028	0.066430
chr11	32708220	33934854	-0.462420	-0.164502	-0.087533	-0.307367
chr11	33936622	34509981	0.379641	0.194757	0.101343	0.285843
chr11	34515280	35175269	-0.005249	-0.002150	-0.001251	-0.003831
chr11	35216032	36019843	-0.063257	-0.021709	-0.011984	-0.044805
chr11	36020029	36790765	-0.037992	-0.013542	-0.008038	-0.025408
chr11	36790839	37719863	0.303937	0.088954	0.055716	0.201672
chr12	3153042	8540201	0.004438	0.000670	0.000421	0.009709
chr12	8634476	11322219	-0.021879	-0.006067	-0.003620	-0.014038
chr12	11322384	15239509	0.373494	0.056703	0.039429	0.270611
chr12	15239510	17400131	-0.138710	-0.035963	-0.017245	-0.098398
chr12	17452312	20091692	-0.122630	-0.025723	-0.012678	-0.095120
chr12	20099973	21831835	-0.318310	-0.072335	-0.042760	-0.195841
chr12	21833287	22936162	0.144737	0.040536	0.023202	0.108055
chr12	22938436	23675270	-0.053735	-0.015111	-0.008799	-0.041879
chr12	23680322	24463502	0.309838	0.084321	0.053193	0.210576
chr12	24465889	25580080	0.087179	0.027372	0.016083	0.065385
chr12	25580145	26519500	0.029851	0.007554	0.004464	0.021429
chr12	26535702	27897665	-0.124318	-0.068304	-0.028802	-0.100329
chr12	27934562	29595267	0.197241	0.047572	0.029854	0.146231
chr12	29620580	30036728	0.020962	0.009588	0.005547	0.017764
chr12	30069843	31009593	0.346123	0.080170	0.053177	0.174721
chr12	31025815	31686890	-0.086037	-0.032235	-0.015687	-0.053450
chr12	31713812	32707761	0.016861	0.004880	0.002959	0.012026
chr12	32708112	33962313	0.094118	0.036309	0.019865	0.068966
chr13	192561	2297498	0.042440	0.009528	0.005888	0.048246
chr13	2298100	2996354	0.229399	0.121224	0.073449	0.186257
chr13	3005045	3932908	0.258152	0.090887	0.057255	0.162427
chr13	3939113	4777816	0.196663	0.079929	0.046094	0.142390
chr13	4779439	5496093	-0.023810	-0.007323	-0.004748	0.006110
chr13	5520892	6264453	0.512039	0.196388	0.108762	0.366246
chr13	6314907	7651443	0.417625	0.111237	0.070469	0.333947
chr13	7651510	8508632	0.031884	0.008883	0.004917	0.018364
chr13	8511255	9528547	0.065183	0.018225	0.010679	0.040959
chr13	9528597	11287454	-0.150134	-0.034005	-0.022044	-0.109870
chr13	11313073	12037217	-0.347239	-0.242849	-0.105387	-0.267739
chr13	12080242	12611317	0.366412	0.120200	0.071886	0.273066
chr13	12612935	13534833	0.057851	0.027804	0.013463	0.046183
chr13	13597254	15422916	0.020024	0.005189	0.003077	0.007752
chr13	15772409	20242493	0.039514	0.004774	0.003096	0.029885
chr13	20260674	22860126	0.085082	0.011854	0.008334	0.060082
chr13	22889551	24260404	-0.316940	-0.066482	-0.040828	-0.220532
chr13	24311934	25861560	-0.020000	-0.004691	-0.003084	-0.013793
chr13	25922719	27671549	-0.080882	-0.021956	-0.013821	-0.068607
chr13	27681052	28226647	0.261294	0.115624	0.068269	0.179881
chr13	28228242	29087061	0.165816	0.070043	0.038576	0.128713
chr13	29091604	30018621	0.079937	0.022527	0.012344	0.035040
chr13	30037460	31001882	0.175481	0.064726	0.038913	0.151139
chr13	31009196	32062727	0.026772	0.008017	0.004425	0.026048
chr13	32117014	33201339	0.240073	0.087069	0.048994	0.154374
chr14	466924	2748390	-0.286385	-0.044915	-0.026178	-0.190716
chr14	2748391	4574406	0.146154	0.036103	0.023405	0.085271
chr14	4645946	5899076	-0.190278	-0.046564	-0.024535	-0.122958
chr14	5920763	8027362	0.142105	0.024735	0.015996	0.098901
chr14	8028070	9151544	-0.160048	-0.052925	-0.023808	-0.121019
chr14	9187298	10147299	0.197548	0.064382	0.044210	0.143342
chr14	10172870	11222151	0.110204	0.036896	0.021549	0.113879
chr14	11235948	12953531	0.147275	0.038139	0.022948	0.088496
chr15	1200596	2306466	0.211155	0.068990	0.038974	0.170029
chr15	2345159	3185386	0.102151	0.028784	0.016425	0.067857
chr15	3229919	3899148	0.474055	0.218160	0.130942	0.426741
chr15	3899741	5171096	-0.090430	-0.019744	-0.011990	-0.081893
chr15	5171404	5734779	-0.017493	-0.007183	-0.003540	-0.026270
chr15	5736277	6575540	-0.085253	-0.030816	-0.018139	-0.069418
chr15	6580533	7346549	0.141593	0.053822	0.027106	0.086331
chr15	7346863	8250439	0.016086	0.004891	0.002914	-0.002882
chr15	8252716	9629064	0.097171	0.020996	0.012678	0.072677
chr15	9632590	10989055	-0.093298	-0.040502	-0.021175	-0.075774
chr15	11086317	12124448	0.315522	0.102381	0.059240	0.185868
chr15	12157688	12749062	-0.050704	-0.029087	-0.015792	-0.046041
chr16	816799	1766425	-0.079245	-0.026411	-0.016342	-0.057640
chr16	1796121	4359614	0.378076	0.051311	0.040831	0.283276
chr16	4376041	6695070	-0.100000	-0.013497	-0.009533	-0.071146
chr16	6775372	8924980	-0.209816	-0.048669	-0.028602	-0.163247
chr16	8942821	9593787	0.376392	0.164610	0.109480	0.299115
chr17	543159	1186998	0.158990	0.070939	0.038871	0.109744
chr17	1206538	2338826	-0.042877	-0.013103	-0.007517	-0.028784
chr17	2356520	3290975	-0.298883	-0.123059	-0.059324	-0.191413
chr17	3291003	4189968	-0.246523	-0.080846	-0.047399	-0.161826
chr17	4201588	5317600	0.065041	0.019098	0.010294	0.033670
chr17	5402848	6781436	-0.126506	-0.037643	-0.022710	-0.106383
chr17	6792449	8078073	0.186992	0.062443	0.038025	0.139057
chr18	1370902	3543449	0.081032	0.023240	0.013535	0.072761
chr18	3550230	4937194	0.025120	0.007125	0.004238	0.014740
chr18	5009308	5613084	0.133127	0.055128	0.033626	0.103614
chr18	5700843	6467209	0.096695	0.048190	0.026840	0.078764
chr18	6497337	7400961	0.353623	0.114824	0.076738	0.231076
chr19	1958054	2715811	0.018487	0.008021	0.004254	0.011567
chr19	2803892	4146225	0.126050	0.044574	0.026521	0.107914
chr19	4146270	5478985	-0.066470	-0.017048	-0.010541	-0.033986
chr19	5533018	6567551	-0.034286	-0.015639	-0.008589	-0.034310
chr19	6605390	7464393	-0.284041	-0.115008	-0.051793	-0.187680
chr20	540595	1928520	0.048499	0.019075	0.013002	0.041522
chr20	1929253	3010535	-0.200290	-0.075341	-0.038394	-0.131078
chr20	3080768	4014514	0.011494	0.003924	0.001983	0.007160
chr20	4031030	4892758	-0.246073	-0.087994	-0.052965	-0.186508
chr20	4905799	5826276	-0.108374	-0.043385	-0.022297	-0.097015
chr20	5826518	6788677	-0.153652	-0.049688	-0.028399	-0.102867
chr21	1145764	2951853	-0.054619	-0.016879	-0.008992	-0.048026
chr21	2962443	4533110	0.182773	0.087702	0.047274	0.170018
chr21	4534153	5576498	0.204678	0.061765	0.035596	0.134100
chr22	607917	1304151	0.211640	0.090226	0.056029	0.176211
chr22	1306810	3522760	0.054945	0.014019	0.008074	0.040667
chr22	3529243	5209303	-0.283019	-0.072241	-0.041961	-0.174538
chr22	5234955	5707264	0.005666	0.002604	0.001359	0.000000
chr23	855975	1744936	-0.210014	-0.061591	-0.034266	-0.168075
chr24	510241	1665163	-0.016012	-0.004973	-0.002683	-0.016815
chrZ	775665	1257400	0.250996	0.078592	0.034484	0.193933
chrZ	1260802	3497099	0.101266	0.042105	0.023006	0.079190
chrZ	3521116	4302311	0.136738	0.052070	0.027602	0.090316
chrZ	4302368	4391651	0.419118	0.513514	0.281019	0.268868
chrZ	4397574	4525804	0.165975	0.253700	0.123711	0.078261
chrZ	4525863	4602836	0.271375	0.246761	0.162584	0.149284
chrZ	4608540	4635944	0.088553	0.195238	0.075553	0.042664
chrZ	4636010	5350260	0.034632	0.028743	0.012756	0.020305
chrZ	5350290	6871467	-0.029101	-0.036954	-0.012722	-0.015471
chrZ	6871485	8868565	0.182432	0.139735	0.071492	0.100872
chrZ	8868655	9353371	0.071283	0.077434	0.029991	0.050360
chrZ	9371504	12018376	0.093478	0.017800	0.011588	0.065053
chrZ	12018386	17036572	-0.068392	-0.022041	-0.012582	-0.044525
chrZ	17036582	22443878	-0.103509	-0.070266	-0.032240	-0.074214
chrZ	22466011	54265387	0.021488	0.002928	0.001934	0.018620
