chr	windowStart	windowEnd	D	f_d	f_dM	d_f
chr1	1629515	2156706	0.149516	0.086294	0.048977	0.107459
chr1	2164806	3234964	0.212676	0.136993	0.074274	0.172967
chr1	3245334	4200417	0.229008	0.096347	0.064760	0.169069
chr1	4242741	5386247	0.218182	0.107295	0.063045	0.182320
chr1	5386255	6631239	0.139919	0.079954	0.045985	0.100859
chr1	6636914	7877575	0.369494	0.140010	0.094683	0.336650
chr1	7877586	8543445	0.086409	0.050767	0.025306	0.064430
chr1	8549471	10704287	0.472811	0.240789	0.149869	0.309596
chr1	10778971	13490782	0.283810	0.122811	0.069797	0.227666
chr1	13492837	15436966	0.480519	0.261023	0.148178	0.274074
chr1	15468213	16814472	0.360279	0.260274	0.149979	0.259526
chr1	16903496	17744342	-0.362899	-0.277940	-0.114522	-0.258932
chr1	17894807	22281270	0.242321	0.128857	0.062440	0.215743
chr1	22402312	24438946	-0.413375	-0.201987	-0.102631	-0.321179
chr1	24438983	25895291	0.442186	0.200286	0.114727	0.368360
chr1	26036240	28185657	0.133779	0.066514	0.035979	0.159420
chr1	28194456	29653405	0.219450	0.112655	0.063877	0.160830
chr1	29653436	32147910	0.208191	0.137439	0.063930	0.161446
chr1	32151276	33548946	0.200639	0.125218	0.062500	0.155418
chr1	33573998	35317836	0.550585	0.247486	0.129996	0.383092
chr1	35344664	36929504	0.098257	0.071040	0.037316	0.077403
chr1	36946035	37855297	0.280926	0.176309	0.100043	0.225641
chr1	37937967	39685510	0.351990	0.153597	0.085995	0.272362
chr1	39769953	41713971	-0.182257	-0.073569	-0.041285	-0.164827
chr1	41714063	44074587	0.633588	0.260920	0.170505	0.443351
chr1	44076168	47884482	0.133832	0.064323	0.037105	0.100070
chr1	47895277	49495530	0.078295	0.030526	0.018787	0.059867
chr1	49504715	50955530	0.423506	0.163154	0.104265	0.298571
chr1	51019446	51981027	-0.151992	-0.120750	-0.061578	-0.087640
chr1	51983701	53454833	-0.208305	-0.121627	-0.063482	-0.190476
chr1	53455260	54086036	-0.322679	-0.229686	-0.108997	-0.250888
chr1	54199150	55264871	0.035963	0.015581	0.007719	0.027380
chr1	55273268	56337988	-0.024639	-0.011996	-0.006767	-0.021854
chr1	56377813	57369298	0.590341	0.209392	0.130343	0.378537
chr1	57375495	58354898	-0.156757	-0.109953	-0.038538	-0.131579
chr1	58429406	59609907	0.311721	0.149581	0.092650	0.266955
chr1	59648854	60400765	0.195909	0.144978	0.078351	0.147076
chr1	60420050	62013048	0.171886	0.053608	0.036249	0.117287
chr1	62013704	63219765	0.325397	0.162779	0.078789	0.240469
chr1	63220367	65411077	-0.403648	-0.148051	-0.088668	-0.299588
chr1	65411183	66930688	-0.273115	-0.150470	-0.083788	-0.204691
chr1	66930995	68434933	-0.137774	-0.060691	-0.030116	-0.101449
chr1	68444988	69515579	0.268495	0.202418	0.088295	0.194893
chr1	69516305	71489622	0.398448	0.156789	0.097477	0.310644
chr1	71494002	72548537	0.385616	0.212032	0.131473	0.325872
chr1	72585505	74522889	0.309504	0.134552	0.067772	0.214452
chr1	74524855	76823246	0.389435	0.176083	0.099101	0.339568
chr1	76828029	78335539	-0.128605	-0.058531	-0.031709	-0.106109
chr1	78335574	80494375	0.060883	0.031336	0.015022	0.053619
chr1	80536150	81431680	0.185185	0.133835	0.050000	0.109141
chr1	81433689	83605048	0.448551	0.168322	0.100290	0.300737
chr1	83617692	85484215	0.004772	0.002435	0.001413	0.004125
chr1	85484986	86963550	0.251133	0.125424	0.071135	0.189596
chr1	86965037	88641474	0.253935	0.092490	0.059635	0.165753
chr1	88669771	89681483	0.187554	0.094884	0.047588	0.150381
chr1	89690896	90712685	0.425373	0.134212	0.077309	0.384817
chr1	90743639	93270750	0.402939	0.094247	0.056581	0.328707
chr1	93271032	96123262	0.398551	0.121625	0.086552	0.375000
chr1	96145199	97940646	0.050344	0.019895	0.011773	0.026525
chr1	97953929	100911715	0.177236	0.068082	0.038897	0.147897
chr1	100915865	101546158	0.298364	0.155857	0.102074	0.208614
chr1	101555709	103785037	0.422263	0.246443	0.145807	0.340774
chr1	103900734	106680487	0.100833	0.051865	0.031859	0.066589
chr1	106752260	108139145	0.231718	0.164119	0.074929	0.154615
chr1	108303320	113462165	0.208223	0.087477	0.053284	0.179019
chr1	113471486	114612511	0.389388	0.168482	0.123274	0.330793
chr1	114625922	116078010	0.290352	0.111953	0.063462	0.193421
chr1	116094114	117775614	0.355390	0.239299	0.117056	0.277108
chr1	117817817	119679820	-0.074754	-0.041274	-0.019799	-0.050671
chr1	119698983	121709237	0.115412	0.048685	0.027224	0.093768
chr1	121768540	123003471	0.386273	0.159106	0.116852	0.300995
chr1	123004763	124620648	0.295142	0.127197	0.073349	0.201754
chr1	124629687	128228544	0.125235	0.042377	0.025218	0.076481
chr1	128290312	129593046	0.325559	0.168257	0.089381	0.228669
chr1	129604522	131818078	0.390055	0.153545	0.088872	0.287225
chr1	131818924	132686892	0.248691	0.121912	0.066614	0.239899
chr1	132705580	134369152	0.340909	0.141964	0.084050	0.245041
chr1	134391024	135976970	0.135787	0.056809	0.029029	0.061925
chr1	135978339	140518880	0.308003	0.129835	0.084357	0.243243
chr1	140554432	141714069	0.155292	0.095907	0.049897	0.105608
chr1	141714971	143672087	0.007343	0.004610	0.002313	0.016831
chr1	143672378	145161888	0.436975	0.189478	0.125396	0.282993
chr1	145162762	146072551	0.129366	0.092678	0.047801	0.089445
chr1	146080216	147276381	0.077051	0.060116	0.027102	0.053664
chr1	147281853	148436484	-0.085433	-0.060139	-0.025970	-0.070406
chr1	148451939	149265619	0.090458	0.074949	0.035012	0.058540
chr1	149265627	150443855	-0.052050	-0.031468	-0.012784	-0.042949
chr1	150473588	151856068	0.229099	0.127956	0.061435	0.137459
chr1	151878679	152504728	-0.127302	-0.098620	-0.046906	-0.087237
chr1	152525186	155477543	0.078960	0.035040	0.019403	0.058824
chr1	155547734	156835684	0.027299	0.023398	0.010644	0.010052
chr1	156835705	158016165	0.023466	0.015710	0.006962	0.018923
chr1	158079861	158945063	-0.081535	-0.055669	-0.027195	-0.059233
chr1	159130563	160685455	0.045491	0.025050	0.015319	0.043581
chr1	160792390	168760898	0.454918	0.158935	0.105433	0.363245
chr1	168794895	170811414	-0.109231	-0.070717	-0.037275	-0.071264
chr1	170820768	174254927	0.176641	0.064267	0.038474	0.107554
chr1	174279642	180442353	0.447594	0.244201	0.144838	0.397774
chr1	180541601	181614853	0.472028	0.289700	0.173299	0.427215
chr1	181710811	182923542	-0.128243	-0.085750	-0.038599	-0.118029
chr1	182940637	183907209	0.090226	0.043906	0.023898	0.058041
chr1	183920407	185685580	0.106828	0.053209	0.027930	0.076801
chr1	185696531	187072889	0.333066	0.134326	0.080054	0.264837
chr1	187089024	189193379	-0.209677	-0.064217	-0.041813	-0.126575
chr1	189234501	191714859	0.132665	0.057425	0.037287	0.112014
chr1	191723070	192993784	0.403385	0.196631	0.129956	0.321710
chr1	193018975	194897823	0.246127	0.130683	0.082575	0.217988
chr1	194898008	196904639	0.202442	0.097087	0.062026	0.178470
chr1	196919125	199528198	0.341912	0.144672	0.091867	0.298077
chr1	199677369	202480235	0.069046	0.043553	0.023069	0.049972
chr1	202518388	204475732	0.164978	0.062793	0.035678	0.146830
chr1	204487199	205743190	0.310526	0.248770	0.116967	0.209964
chr1	205744038	207373771	0.004460	0.002459	0.001249	0.003054
chr1	207440088	208631736	-0.133333	-0.081679	-0.035600	-0.089770
chr1	208631874	209619355	0.430150	0.239508	0.143063	0.359307
chr1	209632757	210451022	0.088456	0.054062	0.025050	0.055724
chr1	210532524	212644783	0.226113	0.097266	0.062898	0.182421
chr2	175919	1026539	-0.052980	-0.048241	-0.020113	-0.030888
chr2	1029805	2858595	0.145260	0.071055	0.042129	0.112472
chr2	2858635	4592691	0.198166	0.110700	0.062370	0.103320
chr2	4592827	5710233	0.414075	0.209959	0.115380	0.310049
chr2	5711898	6770407	0.405836	0.169874	0.104556	0.303823
chr2	6860924	8166167	0.108772	0.054710	0.028042	0.080624
chr2	8202182	9982014	0.333024	0.157698	0.083566	0.265336
chr2	9985360	11390800	0.236467	0.126782	0.058280	0.180828
chr2	11394138	13023724	0.025641	0.016841	0.007045	0.037068
chr2	13023992	15321325	0.329491	0.114601	0.068042	0.257701
chr2	15329286	16560423	0.118380	0.057143	0.029598	0.103542
chr2	16659883	18890556	0.455010	0.150262	0.094160	0.350118
chr2	19016698	21824057	0.716089	0.225363	0.144521	0.544011
chr2	21832914	24170059	0.203338	0.058430	0.033112	0.140832
chr2	24173131	26091352	0.180198	0.078168	0.048284	0.164129
chr2	26110058	27412807	0.219196	0.100039	0.059486	0.156917
chr2	27452030	30322613	0.244153	0.091643	0.051673	0.200601
chr2	30328326	33194820	0.038132	0.014671	0.006990	0.030341
chr2	33194929	35387311	0.311042	0.089296	0.060159	0.224886
chr2	35411967	36502266	0.238655	0.128304	0.069378	0.177057
chr2	36506097	37388056	0.022222	0.010856	0.005902	0.023222
chr2	37444734	38449310	0.105128	0.058571	0.032790	0.096093
chr2	38479200	39485613	0.401240	0.167933	0.112004	0.334337
chr2	39492694	41482767	0.022273	0.011223	0.006060	0.017890
chr2	41498232	42560682	0.302225	0.156706	0.100898	0.260522
chr2	42560683	43796912	0.164695	0.137225	0.056704	0.121070
chr2	43874100	45387216	0.240238	0.119611	0.068259	0.205519
chr2	45392472	46780680	0.334552	0.181593	0.097198	0.192532
chr2	46781379	48314287	0.494101	0.320772	0.161749	0.394945
chr2	48320417	49318782	0.204157	0.139914	0.086601	0.137084
chr2	49344234	50525629	0.401818	0.237890	0.125018	0.316166
chr2	50533236	51705192	0.142077	0.083041	0.041956	0.086898
chr2	51753104	52733054	0.163488	0.099771	0.050162	0.132743
chr2	52733105	54164150	0.062500	0.032287	0.016184	0.043897
chr2	54164710	55204282	0.139290	0.075308	0.039571	0.088474
chr2	55204304	56623289	0.049590	0.028094	0.016966	0.046813
chr2	56633162	57647534	0.528105	0.273692	0.165669	0.417902
chr2	57651507	59813062	0.076703	0.041061	0.018875	0.061147
chr2	59814533	63754598	0.209346	0.078445	0.042280	0.145310
chr2	63765418	65748132	0.197160	0.092694	0.048866	0.179420
chr2	65780704	66993972	-0.090119	-0.037203	-0.023367	-0.056664
chr2	67028938	68909712	0.181402	0.061057	0.039336	0.152174
chr2	68936569	70211846	0.231827	0.121243	0.068110	0.154910
chr2	70214376	71271353	0.031136	0.013404	0.007823	0.025954
chr2	71534345	72582907	0.356040	0.184254	0.095261	0.257979
chr2	72663764	74387936	0.385609	0.195556	0.095762	0.264442
chr2	74388456	75151269	0.549389	0.276319	0.154846	0.428781
chr2	75184142	77105909	0.452145	0.221817	0.099374	0.328851
chr2	77107546	83431990	0.076336	0.044037	0.025567	0.069444
chr2	83488671	86213726	0.397337	0.181324	0.106559	0.349784
chr2	86214556	88529035	0.239981	0.117107	0.060914	0.149115
chr2	88529036	92711851	0.493124	0.140223	0.092774	0.321945
chr2	92815549	94541103	0.084246	0.040866	0.022297	0.054113
chr2	94541105	96693476	0.311769	0.162173	0.090909	0.242424
chr2	96877118	99546390	0.040375	0.012329	0.007844	0.031559
chr2	99586188	101120693	0.003992	0.001487	0.000839	0.002345
chr2	101146987	101730221	0.129870	0.053576	0.031842	0.083770
chr2	101802488	107052899	0.353015	0.122883	0.076055	0.252603
chr2	107052967	108649614	0.453219	0.209565	0.133451	0.321951
chr2	108664534	110049456	0.488007	0.199962	0.118292	0.332486
chr2	110070008	111515040	0.214545	0.115589	0.063922	0.164201
chr2	111518749	113303281	0.438849	0.194923	0.119751	0.308378
chr2	113347626	114482685	0.468692	0.275701	0.170607	0.314125
chr2	114519724	115060617	0.232198	0.096733	0.057339	0.155925
chr2	115066126	115534855	0.055666	0.041466	0.022946	0.038760
chr2	115552656	117259474	0.421173	0.210106	0.121219	0.306711
chr2	117283981	118525286	0.207957	0.134033	0.068158	0.143371
chr2	118557195	119690143	0.037986	0.017104	0.010379	0.027760
chr2	119690264	122442558	-0.062344	-0.036188	-0.017657	-0.026738
chr2	122447604	124154180	0.120703	0.071143	0.035421	0.098757
chr2	124245904	126231075	0.241558	0.075477	0.041766	0.187856
chr2	126231838	127523138	0.543831	0.269563	0.149788	0.426209
chr2	127572797	129144216	0.246299	0.158407	0.079462	0.229036
chr2	129155481	130739379	0.442455	0.205748	0.107923	0.335922
chr2	130739455	132695488	0.305113	0.153295	0.094288	0.241700
chr2	132777637	133944538	0.063683	0.039689	0.019762	0.045343
chr2	133975464	137362237	0.236039	0.160547	0.070032	0.186800
chr2	137381096	138301278	0.036027	0.019866	0.010631	0.028527
chr2	138301473	139121901	0.444756	0.292836	0.151509	0.341254
chr2	139141130	140300682	0.014885	0.007650	0.003620	0.013554
chr2	140430258	142067174	-0.050440	-0.026672	-0.011797	-0.040411
chr2	142075240	143917985	0.426955	0.204484	0.113388	0.344739
chr2	143929412	145809151	0.361849	0.188863	0.090932	0.226601
chr2	145812345	149292084	0.287742	0.165308	0.064669	0.242655
chr2	149301254	150233067	0.525163	0.281117	0.154553	0.351133
chr2	150254694	151318261	0.248852	0.116446	0.075231	0.194824
chr2	151339688	152298842	0.159177	0.073166	0.035418	0.152517
chr2	152361897	153663571	0.209209	0.076613	0.043838	0.160399
chr2	153665668	154955442	-0.052083	-0.030588	-0.018101	-0.042345
chr2	155032306	156259610	0.334479	0.175019	0.102314	0.239873
chr2	156259896	157752495	0.127937	0.097190	0.043601	0.105163
chr2	157753077	160135165	-0.155660	-0.079710	-0.040115	-0.101695
chr2	160219507	162362550	0.114074	0.049438	0.029602	0.094923
chr2	162406710	164611462	0.436317	0.216443	0.105478	0.275784
chr3	3225774	4429338	0.598645	0.339007	0.201482	0.489362
chr3	4432330	6410217	0.336466	0.145469	0.085330	0.217445
chr3	6415777	8198524	0.159261	0.098301	0.047319	0.124961
chr3	8210216	11378813	0.052632	0.028072	0.015849	0.059908
chr3	11393144	13010274	0.291194	0.166169	0.099007	0.212739
chr3	13019299	15042616	0.052459	0.021644	0.012975	0.037037
chr3	15061677	16808424	0.040041	0.017064	0.008235	0.013557
chr3	16825604	18474423	-0.030818	-0.010621	-0.006625	-0.023071
chr3	18509432	21602343	0.237931	0.082684	0.049023	0.200290
chr3	21615522	22888928	-0.197519	-0.080435	-0.042720	-0.140339
chr3	22908912	24300840	0.283880	0.167403	0.067235	0.198294
chr3	24302289	25388597	0.123669	0.111976	0.041251	0.097608
chr3	25390872	26469196	-0.041293	-0.024932	-0.009865	-0.044224
chr3	26474679	28103873	0.212174	0.096595	0.053521	0.138009
chr3	28174939	30599228	0.069647	0.019455	0.012047	0.060006
chr3	30645279	32380981	-0.308793	-0.119968	-0.067037	-0.254637
chr3	32389579	34116416	-0.213783	-0.097063	-0.048640	-0.117498
chr3	34130371	35388781	0.449225	0.132470	0.095325	0.346154
chr3	35391385	36759268	0.315261	0.247050	0.153997	0.229544
chr3	36809329	39519308	0.246320	0.110015	0.056935	0.231676
chr3	39530261	41068290	-0.148539	-0.131183	-0.056762	-0.121919
chr3	41176139	43337755	0.101629	0.058456	0.028444	0.083386
chr3	43340594	43744049	0.331210	0.205635	0.118502	0.262295
chr3	43754639	45216868	0.040100	0.019435	0.011112	0.034372
chr3	45217236	46356625	0.243954	0.154714	0.079014	0.211337
chr3	46360100	47665437	0.509198	0.270176	0.156124	0.383094
chr3	47677595	48854424	0.164758	0.075267	0.046523	0.118429
chr3	48893389	49956716	0.417122	0.276570	0.158890	0.313269
chr3	49975479	51790620	0.082047	0.042970	0.023467	0.056393
chr3	51804805	52913721	-0.080279	-0.064903	-0.019456	-0.067806
chr3	52932813	54139905	-0.052361	-0.034183	-0.017347	-0.037585
chr3	54150311	55713569	0.319824	0.119055	0.074784	0.231063
chr3	55737175	57005884	0.226436	0.142080	0.079862	0.150252
chr3	57028958	57588492	0.391586	0.196748	0.127839	0.297400
chr3	57588583	58004610	-0.078231	-0.046523	-0.026532	-0.065156
chr3	58004624	59108356	0.165908	0.091289	0.057493	0.106286
chr3	59183656	60948756	-0.100149	-0.055567	-0.023527	-0.094499
chr3	61067572	62669818	0.105079	0.048397	0.027152	0.084724
chr3	62716270	63973526	0.217789	0.091004	0.045925	0.151972
chr3	63977601	65039936	0.247993	0.170762	0.092007	0.191011
chr3	65102698	67080254	-0.277945	-0.157096	-0.078080	-0.248467
chr3	67093055	68681771	0.566414	0.218182	0.138555	0.436723
chr3	68702107	70882353	0.397678	0.165035	0.097639	0.333333
chr3	70882389	73009308	0.352172	0.137494	0.089515	0.245372
chr3	73009311	75313231	-0.072682	-0.021183	-0.012126	-0.033557
chr3	75313331	76432601	-0.282961	-0.141230	-0.065794	-0.204696
chr3	76445392	77478941	0.147163	0.068524	0.033884	0.116573
chr3	77501985	80559644	0.344068	0.166701	0.109641	0.253958
chr3	80573995	81562876	0.412636	0.240783	0.119156	0.374552
chr3	81588456	84214392	0.001422	0.000919	0.000423	0.001024
chr3	84296969	85549865	0.368166	0.175752	0.099226	0.302617
chr3	85565418	87018356	0.302000	0.094537	0.054889	0.222714
chr3	87020110	88845107	0.055780	0.028471	0.014511	0.017809
chr3	88929015	90917748	0.529992	0.296454	0.149066	0.418968
chr3	90921630	93941352	-0.309286	-0.134648	-0.067251	-0.216232
chr3	94268004	98428971	0.352761	0.184000	0.076226	0.250000
chr3	98485151	100607726	0.198885	0.095642	0.050501	0.178333
chr3	102205917	104884338	0.479005	0.221942	0.135028	0.410063
chr3	104890481	107518959	0.516104	0.163372	0.095148	0.398423
chr3	107535828	108554327	0.376132	0.249386	0.122982	0.302449
chr3	108559227	110496599	0.208226	0.085748	0.050832	0.187067
chr3	111031810	113202946	0.122483	0.063176	0.035428	0.093333
chr3	113272530	114076488	0.130293	0.135536	0.052980	0.107672
chr3	114087958	115120993	0.394305	0.238954	0.138275	0.332364
chr3	115143060	116643694	-0.060302	-0.042640	-0.021204	-0.051033
chr3	116650328	117436026	-0.176471	-0.145247	-0.064131	-0.137466
chr3	117441619	118919098	0.052682	0.023871	0.013455	0.038395
chr3	118941902	120500090	0.369527	0.131002	0.089940	0.230606
chr3	120527085	122196200	0.163351	0.076772	0.038595	0.103448
chr3	122196202	123157759	0.461128	0.247545	0.166049	0.417529
chr3	123165408	124517413	0.065943	0.027696	0.017790	0.040936
chr4	2207785	5883788	-0.052233	-0.034192	-0.016000	-0.018655
chr4	5903954	7744937	0.298301	0.086862	0.054861	0.192598
chr4	7751567	9633609	0.404448	0.178903	0.131143	0.303274
chr4	9695940	12216182	0.058289	0.031950	0.014534	0.057938
chr4	12219399	13454990	-0.029446	-0.015545	-0.008599	-0.051309
chr4	13528770	15587846	0.190309	0.076035	0.047401	0.161386
chr4	15605026	17155259	-0.189704	-0.091557	-0.047958	-0.141839
chr4	17161491	19390456	0.010623	0.005919	0.003318	0.008065
chr4	19396642	21256222	0.224262	0.165818	0.086473	0.191061
chr4	21256484	22351064	-0.028154	-0.015220	-0.007772	-0.018582
chr4	22357562	24382067	0.091150	0.027059	0.016113	0.066667
chr4	24409247	25324691	0.305375	0.260585	0.133868	0.276028
chr4	25330374	27923280	0.195260	0.092501	0.049005	0.173173
chr4	28064054	29733602	0.226008	0.110507	0.064773	0.178082
chr4	29782949	31825482	0.616541	0.341964	0.215742	0.501529
chr4	32240319	33482028	0.623443	0.278195	0.159363	0.473565
chr4	33492495	34776963	0.431546	0.380275	0.173722	0.292623
chr4	34827533	37258477	0.160059	0.130422	0.071616	0.135741
chr4	37302552	41554340	0.151216	0.077598	0.041119	0.117347
chr4	41558625	42657348	0.095079	0.051931	0.027283	0.080796
chr4	42683022	43876148	0.292904	0.181349	0.103931	0.249761
chr4	43889140	48070134	-0.031115	-0.009816	-0.005059	-0.023377
chr4	48070289	49567065	0.336353	0.107201	0.060298	0.225460
chr4	49569031	52020855	0.417611	0.114882	0.078032	0.337562
chr4	52024326	55014829	0.266609	0.111572	0.063055	0.184038
chr4	55024406	56429023	0.003215	0.002204	0.000985	0.013390
chr4	56432837	57917274	0.237701	0.099739	0.048275	0.150838
chr4	58120863	60237452	0.236799	0.121251	0.065331	0.156745
chr4	60239056	61696341	0.002551	0.001421	0.000816	0.000667
chr4	61696408	66429961	0.259817	0.142141	0.080299	0.207311
chr4	66436795	68257979	0.232334	0.176278	0.065100	0.153635
chr4	68478222	70386302	0.375254	0.172494	0.104128	0.287714
chr4	70386314	71377789	0.045255	0.028227	0.012202	0.040279
chr4	71446028	74125904	0.296673	0.125918	0.072519	0.264637
chr4	74168287	76776054	0.331190	0.146828	0.085655	0.281421
chr4	76852484	79978277	-0.181176	-0.122025	-0.049729	-0.142478
chr5	636610	1908504	0.158592	0.091234	0.052588	0.109296
chr5	1910694	2862395	-0.060995	-0.034405	-0.020444	-0.046229
chr5	2884149	3607105	0.021496	0.011471	0.005672	0.025641
chr5	3607641	4047128	0.365011	0.196683	0.112554	0.274194
chr5	4094806	4911236	-0.171123	-0.131237	-0.054085	-0.148936
chr5	4931637	6003411	0.274933	0.123912	0.073496	0.220779
chr5	6005796	7198143	0.227053	0.114032	0.061978	0.168459
chr5	7203773	8437210	0.095816	0.049366	0.025079	0.083825
chr5	8441538	9031074	-0.139776	-0.066934	-0.038077	-0.103099
chr5	9065025	10111799	-0.041754	-0.018740	-0.009351	-0.029112
chr5	10175944	11832850	0.323610	0.097864	0.056484	0.223693
chr5	11863319	12982048	0.265587	0.130210	0.079515	0.184932
chr5	13006834	13749001	0.123552	0.058856	0.035485	0.086014
chr5	13762210	14857715	0.009151	0.003960	0.002567	-0.011779
chr5	14895898	15420582	0.062615	0.044766	0.019359	0.047288
chr5	15422828	16485614	0.058984	0.030689	0.014886	0.043860
chr5	16485648	17598596	0.015410	0.006816	0.003818	-0.031958
chr5	17607702	21734886	0.398659	0.151451	0.106383	0.331269
chr5	21756929	23106047	-0.086354	-0.034084	-0.018399	-0.053526
chr5	23109527	25126509	-0.011715	-0.003746	-0.001787	-0.008534
chr5	25129077	26809965	-0.015152	-0.004121	-0.002632	-0.012448
chr5	26830028	29189203	-0.336245	-0.148338	-0.083273	-0.291513
chr5	29189287	30995752	0.033302	0.010476	0.005491	0.049408
chr5	31023697	33513051	0.631510	0.376261	0.212277	0.532627
chr5	33595143	38485186	0.561620	0.160342	0.103909	0.429919
chr5	38708606	40073429	0.094686	0.071169	0.028283	0.062183
chr5	40100165	41759606	-0.026174	-0.014855	-0.007115	-0.020160
chr5	41776321	43156925	0.430371	0.172680	0.110801	0.366337
chr5	43176681	45217964	0.436267	0.201967	0.096663	0.350396
chr5	45218006	48424729	0.634354	0.244670	0.169142	0.484416
chr5	48424961	50346479	-0.042991	-0.019119	-0.010016	-0.026226
chr5	50362930	52776077	0.336870	0.116621	0.081698	0.311981
chr5	52785869	54727282	0.503630	0.267344	0.139119	0.438758
chr5	54739258	57107930	0.302326	0.142643	0.090306	0.227345
chr5	57111876	59142106	-0.066173	-0.026438	-0.014954	-0.034139
chr5	59191952	60897068	0.220399	0.095626	0.057178	0.162349
chr5	60979378	62029521	0.660829	0.375589	0.251182	0.490765
chr5	62056756	63672301	0.170849	0.101724	0.045742	0.116678
chr5	63675830	65841088	0.422771	0.222480	0.124642	0.300313
chr5	65851912	67094284	0.337884	0.159806	0.090452	0.266487
chr5	67131529	68323294	0.355599	0.201503	0.106221	0.265786
chr5	68377467	69636149	0.015275	0.007044	0.003544	0.005189
chr5	69641946	70669725	0.086280	0.036858	0.019078	0.056850
chr6	869021	1992620	0.318617	0.184426	0.097403	0.256320
chr6	2034982	4091565	0.094716	0.040237	0.027027	0.073097
chr6	4097551	5438105	0.226705	0.096199	0.054887	0.175900
chr6	5452651	5942094	0.418715	0.302389	0.128704	0.232242
chr6	5969668	7229121	0.286089	0.213725	0.093216	0.203156
chr6	7283688	8488651	0.268508	0.140017	0.076717	0.219837
chr6	8504281	9038375	0.332329	0.191496	0.110278	0.218194
chr6	9043032	10167667	0.063830	0.029473	0.015705	0.041820
chr6	10171943	11594399	0.016008	0.006100	0.003484	0.018929
chr6	11611173	12362044	0.268443	0.189718	0.088733	0.237925
chr6	12427578	13313694	0.457291	0.221990	0.140789	0.353333
chr6	13359332	14491651	0.281365	0.136833	0.078822	0.198181
chr6	14516515	15721215	0.448417	0.288342	0.147836	0.283739
chr6	15723025	16444537	0.146163	0.082673	0.041152	0.086677
chr6	16460521	19599723	0.355812	0.145395	0.086966	0.242517
chr6	19603748	20919597	0.027697	0.012111	0.006404	0.019281
chr6	20925860	23030115	-0.125322	-0.056469	-0.027762	-0.065554
chr6	23067983	24683519	-0.131881	-0.150033	-0.052934	-0.087187
chr6	24703611	25528101	-0.158366	-0.114854	-0.047340	-0.100604
chr6	25529029	26776204	0.041386	0.018909	0.009316	0.040000
chr6	26880693	28476374	0.534808	0.313867	0.148866	0.428197
chr6	28523366	31722851	-0.112644	-0.104813	-0.028369	-0.066148
chr6	31812409	33879713	0.587643	0.396735	0.212070	0.483693
chr6	33892932	37802696	0.752424	0.319810	0.172685	0.667732
chr6	37817632	39706118	0.330220	0.183062	0.104962	0.283343
chr6	39708572	41009572	0.514091	0.247533	0.120172	0.448378
chr6	41081865	41803121	0.144840	0.089582	0.033889	0.093218
chr6	41803285	43406239	-0.090129	-0.032407	-0.020054	-0.052308
chr6	43420767	44479474	0.117874	0.057497	0.031327	0.097639
chr6	44488815	45203250	0.411898	0.294022	0.149786	0.298708
chr6	45219898	45566818	0.331399	0.267322	0.155671	0.190136
chr6	45575569	45964233	0.406475	0.282942	0.149595	0.285541
chr6	45972369	47110018	0.558633	0.297297	0.205993	0.426958
chr6	47149759	47623746	0.127128	0.103416	0.043656	0.080460
chr6	47638140	48062983	0.116531	0.083902	0.045899	0.076106
chr6	48067086	48461045	0.143255	0.121141	0.063649	0.099435
chr6	48502407	49417489	-0.042918	-0.021413	-0.011919	-0.030675
chr6	49471756	50411002	0.064917	0.048958	0.028905	0.060386
chr6	50458721	51127773	0.204570	0.110468	0.065991	0.183158
chr6	51148200	51961631	-0.040205	-0.016246	-0.009628	-0.021726
chr7	769517	1706404	-0.430855	-0.310842	-0.142536	-0.318746
chr7	1728416	2423612	0.333333	0.202247	0.097270	0.224806
chr7	2457266	3273418	-0.210273	-0.103803	-0.046208	-0.135690
chr7	3316527	3965208	-0.212310	-0.113172	-0.061167	-0.156579
chr7	3978394	5076232	0.230837	0.080777	0.055309	0.167560
chr7	5084557	6012543	0.418351	0.213154	0.110416	0.342401
chr7	6036147	7683206	-0.144192	-0.108162	-0.053039	-0.126168
chr7	7683497	8975018	0.120558	0.061251	0.033560	0.103939
chr7	8980693	10063757	0.193211	0.079581	0.048044	0.180488
chr7	10063797	11512877	0.292281	0.106092	0.062097	0.222736
chr7	11514788	14073400	0.072617	0.024484	0.015649	0.057681
chr7	14106768	16354689	0.204641	0.057661	0.041002	0.143917
chr7	16381621	19320511	0.226257	0.125387	0.059786	0.164969
chr7	19327571	21589466	0.543678	0.267005	0.145427	0.271554
chr7	21701392	22834583	0.157143	0.118662	0.055687	0.132646
chr7	22902479	25895203	0.411498	0.205593	0.106323	0.379358
chr7	25916475	28669653	0.272549	0.108913	0.065589	0.229752
chr7	28689620	30398408	0.605855	0.277378	0.187390	0.526855
chr7	30630780	32043420	-0.040936	-0.020453	-0.010384	-0.030973
chr7	32060523	34116772	0.391452	0.225885	0.105666	0.311324
chr7	34132868	34614836	0.409955	0.209238	0.121350	0.321505
chr7	34637219	35170322	0.038462	0.027507	0.011242	0.027459
chr7	35177601	36151027	0.109308	0.077318	0.040545	0.078721
chr7	36152658	37447570	0.023419	0.014951	0.008002	0.020576
chr7	37466372	38281019	0.408426	0.210270	0.126582	0.359033
chr7	38300272	40632427	0.373016	0.123291	0.079718	0.270033
chr7	40637181	41204487	-0.113680	-0.072393	-0.032109	-0.078146
chr7	41220825	42275686	0.177357	0.066196	0.043631	0.132315
chr7	42332073	43555401	0.539295	0.302892	0.171650	0.324415
chr7	43574445	44528135	0.296919	0.162868	0.077344	0.226496
chr7	44558188	45442525	0.153374	0.060741	0.035432	0.091278
chr7	45442756	45832805	0.085506	0.040005	0.024461	0.066023
chr7	45836762	46625595	0.415149	0.242102	0.126313	0.292441
chr7	46627318	47480865	-0.067207	-0.034357	-0.020297	-0.043939
chr8	999277	2088322	0.068814	0.036462	0.018319	0.045062
chr8	2166865	2599525	0.112760	0.076690	0.032646	0.112000
chr8	2599779	3150197	-0.042594	-0.029314	-0.013722	-0.033233
chr8	3152453	3990848	0.302235	0.157428	0.092353	0.213436
chr8	4032488	4523795	0.132026	0.077593	0.040330	0.111562
chr8	4524061	5108837	-0.009174	-0.006260	-0.003133	-0.009945
chr8	5115884	5688584	0.000000	0.000000	0.000000	-0.030481
chr8	5690411	6145723	-0.137034	-0.088120	-0.041146	-0.103811
chr8	6162231	6501106	-0.114930	-0.093328	-0.037829	-0.080999
chr8	6510228	7182656	-0.001266	-0.000718	-0.000335	0.014644
chr8	7201303	7576100	0.160057	0.073953	0.042706	0.092042
chr8	7579149	8253941	0.069170	0.036726	0.018702	0.060958
chr8	8274593	9023926	0.014612	0.008517	0.005099	0.026562
chr8	9053915	10025511	0.285592	0.154524	0.093447	0.200966
chr8	10025784	12303679	0.224638	0.087749	0.051589	0.161039
chr8	12309850	13880837	0.102609	0.054630	0.025203	0.078095
chr8	13899682	16204110	0.358326	0.181979	0.108874	0.252967
chr8	16208725	18025097	0.485528	0.185317	0.113848	0.366985
chr8	18108926	21876834	0.225000	0.094210	0.052507	0.193029
chr8	21883840	24983807	0.378817	0.203953	0.125349	0.352266
chr8	24983843	29223752	0.040778	0.017915	0.010163	0.028834
chr8	29259661	30297628	0.403863	0.167151	0.106580	0.286061
chr8	30450086	32370172	0.188285	0.066782	0.043325	0.177083
chr8	32378228	33764727	0.223043	0.114178	0.074366	0.187113
chr8	33775280	34368696	0.201869	0.116035	0.073047	0.130120
chr8	34377672	34939695	0.397938	0.181178	0.122852	0.266904
chr8	34948252	35751685	-0.055882	-0.023537	-0.013808	-0.029562
chr8	35753158	36859715	-0.195410	-0.075848	-0.043708	-0.173802
chr8	36875383	37530308	0.147279	0.077681	0.037813	0.087186
chr8	37535538	38360192	-0.287383	-0.142857	-0.070145	-0.199697
chr8	38366749	39107506	0.240254	0.106769	0.070676	0.163278
chr8	39110566	40135774	0.394305	0.143643	0.089687	0.275800
chr8	40138409	40448175	0.133710	0.085337	0.048176	0.090561
chr8	40466416	41410428	0.525547	0.301634	0.192077	0.404494
chr8	41422017	42354720	0.462348	0.231502	0.143811	0.383047
chr8	42375658	43215547	0.091918	0.038647	0.025369	0.070968
chr9	743960	2473943	0.358762	0.162047	0.074163	0.268870
chr9	2486755	3450430	0.193631	0.108552	0.049133	0.119417
chr9	3466099	4112998	0.630208	0.299629	0.206338	0.460076
chr9	4128399	4744139	0.019811	0.011092	0.005712	0.014456
chr9	4744192	6281362	0.266234	0.128268	0.064429	0.192488
chr9	6420869	7316066	0.278499	0.126268	0.085493	0.208767
chr9	7424526	9967798	0.173228	0.066729	0.044218	0.158171
chr9	10022159	10734108	0.346249	0.143223	0.092035	0.288858
chr9	10734144	11513851	0.473614	0.186530	0.127278	0.370831
chr9	11520843	12059995	0.477528	0.256862	0.142478	0.357430
chr9	12111859	12925272	0.216036	0.111902	0.054428	0.184762
chr9	12929844	13848326	0.031151	0.020061	0.007572	0.031151
chr9	13868179	15164360	0.262024	0.160404	0.070307	0.199781
chr9	15238613	16600975	0.231614	0.118907	0.065630	0.194829
chr9	16601925	17333365	0.251668	0.175299	0.098913	0.165000
chr9	17351663	19801830	0.081761	0.025121	0.015784	0.060225
chr9	19859744	22430571	0.449624	0.162884	0.114224	0.346466
chr9	22434943	26528013	0.516156	0.165548	0.112399	0.411221
chr9	26531737	28780645	0.290698	0.172476	0.083253	0.263858
chr9	28824820	31022329	0.210057	0.052674	0.031305	0.162382
chr9	31045300	32071506	0.084581	0.027866	0.018578	0.064430
chr9	32073603	33126976	0.190244	0.119609	0.066390	0.166311
chr9	33145750	34512772	-0.357355	-0.186002	-0.097933	-0.309723
chr9	34527035	35607341	0.055472	0.025791	0.015790	0.040148
chr9	35608666	36714305	0.298404	0.176599	0.103404	0.241631
chr9	36715987	37957200	0.495986	0.268081	0.142564	0.386779
chr9	37965915	38602348	0.303088	0.253104	0.113232	0.236678
chr9	38602362	39639484	-0.261075	-0.135994	-0.078493	-0.216891
chr9	39665896	40617676	-0.079079	-0.051315	-0.024368	-0.048408
chr9	40617726	42258761	-0.211783	-0.120362	-0.057770	-0.170513
chr9	42259071	43252969	0.039216	0.022550	0.012698	0.026786
chr10	5957736	9396118	0.523438	0.220940	0.119632	0.429487
chr10	9397525	13158710	0.137006	0.065079	0.035148	0.108623
chr10	13221480	15492246	0.395791	0.240760	0.119101	0.352266
chr10	15504656	17635063	-0.066280	-0.041099	-0.020510	-0.047486
chr10	17770323	19393935	0.291235	0.155433	0.086072	0.226761
chr10	19396291	21027848	0.118023	0.072684	0.033434	0.088076
chr10	21042064	24391641	0.557426	0.143020	0.093529	0.369665
chr10	24421508	25542380	0.425641	0.235740	0.115720	0.372197
chr10	25586395	26541101	0.386631	0.238839	0.117116	0.289720
chr10	26570880	27080114	0.302013	0.191489	0.089124	0.201794
chr10	27131898	27921483	-0.016221	-0.009257	-0.004532	-0.013418
chr10	28030964	29964105	0.093613	0.034444	0.022181	0.083268
chr10	29965893	30863092	0.370502	0.211028	0.123002	0.284179
chr10	30863219	31634094	0.330069	0.143833	0.092039	0.237254
chr10	31639353	33461638	0.221691	0.099020	0.061200	0.192469
chr10	33461822	33930581	0.121739	0.057213	0.035515	0.089059
chr10	33963926	35331183	0.109113	0.042747	0.024406	0.071915
chr10	35341915	36334170	-0.039770	-0.021609	-0.010233	-0.019318
chr10	36334179	37477608	-0.061847	-0.027758	-0.015405	-0.031888
chr10	37496205	39073702	-0.343310	-0.202335	-0.099275	-0.281907
chr10	39077112	39660191	0.175468	0.088185	0.049939	0.132768
chr10	39667139	41197834	0.380753	0.179664	0.089030	0.257062
chr11	3043310	3727148	0.281100	0.121983	0.066942	0.176825
chr11	3732864	4168833	0.511290	0.254159	0.156273	0.418033
chr11	4170727	4799765	-0.038386	-0.019529	-0.011390	-0.026087
chr11	4832021	5634570	0.248545	0.112724	0.064419	0.204096
chr11	5634571	6046544	0.263501	0.170431	0.097452	0.216526
chr11	6055143	7298574	0.128795	0.060936	0.034117	0.094086
chr11	7300316	7721434	0.000824	0.000388	0.000240	0.000648
chr11	7723140	8191629	-0.182688	-0.114933	-0.051916	-0.111791
chr11	8195958	8724876	0.210396	0.121429	0.071259	0.135135
chr11	8758988	9751349	-0.028756	-0.012678	-0.007696	-0.026501
chr11	9816058	10878873	0.529766	0.192497	0.128719	0.474039
chr11	10880828	11251214	0.135574	0.109962	0.049440	0.087609
chr11	11266084	12145474	-0.100421	-0.051448	-0.021796	-0.080594
chr11	12145531	13242021	0.100433	0.049132	0.024324	0.071151
chr11	13255976	13973653	0.369948	0.190451	0.107127	0.261922
chr11	13990067	14741079	0.181061	0.113056	0.067210	0.147440
chr11	14741536	15660907	-0.053215	-0.024730	-0.013256	-0.049645
chr11	15783543	16683177	-0.195467	-0.131763	-0.056136	-0.166297
chr11	16710169	17593801	-0.046746	-0.023213	-0.012821	-0.046426
chr11	17616014	19196283	0.080478	0.040882	0.019211	0.065884
chr11	19202313	22681096	-0.137067	-0.064083	-0.032609	-0.100239
chr11	22688837	25568341	0.053504	0.023604	0.014709	0.046496
chr11	25569838	27209563	-0.020939	-0.012778	-0.006198	-0.016412
chr11	27216854	28227585	0.108073	0.063118	0.029057	0.070948
chr11	28227633	28754199	0.217791	0.143531	0.062208	0.171913
chr11	28773976	29641521	0.190269	0.131888	0.060741	0.130599
chr11	29654911	30590657	0.176699	0.111247	0.049571	0.142444
chr11	30594047	31151400	0.386018	0.217946	0.120216	0.311134
chr11	31152012	31719749	0.195817	0.111957	0.064355	0.131378
chr11	31731549	32235315	0.483095	0.329783	0.205447	0.410861
chr11	32379102	33495245	0.144398	0.099429	0.048739	0.115232
chr11	33496360	34131965	0.385210	0.190971	0.104726	0.226476
chr11	34131966	34772874	0.558923	0.293675	0.170650	0.440318
chr11	34824986	35519083	0.221940	0.128388	0.065104	0.175625
chr11	35520539	36501533	-0.110039	-0.058426	-0.029234	-0.092110
chr11	36536066	37088135	-0.096774	-0.056214	-0.026796	-0.076462
chr11	37160844	38706691	0.171692	0.087794	0.045954	0.125229
chr12	3377631	7181798	0.180021	0.047580	0.030090	0.149821
chr12	7417372	9836765	0.174863	0.070083	0.039225	0.139610
chr12	9841580	11779818	0.043165	0.016766	0.011191	0.025150
chr12	11842734	14857296	0.296193	0.139790	0.087541	0.210283
chr12	14864604	16436369	0.176661	0.071397	0.039303	0.097235
chr12	16437900	17518478	0.108287	0.051661	0.021929	0.069859
chr12	17556240	18546751	-0.030755	-0.031823	-0.009023	-0.048128
chr12	18558670	20154110	0.049041	0.019033	0.010757	0.041263
chr12	20154914	21294375	-0.030781	-0.019826	-0.008321	-0.024332
chr12	21344609	22571388	0.560933	0.354451	0.182073	0.465233
chr12	22580597	23242000	0.128631	0.047635	0.029316	0.088911
chr12	23259653	23837476	0.046650	0.015046	0.009905	0.033233
chr12	23839411	24935628	0.264911	0.074959	0.057238	0.186405
chr12	24958010	25696368	0.025822	0.017000	0.008777	0.017707
chr12	25700177	26411369	-0.010720	-0.005395	-0.002652	-0.022406
chr12	26454928	27452593	0.193988	0.117296	0.053727	0.135277
chr12	27549605	28916851	0.282840	0.203520	0.098937	0.225685
chr12	28955643	29714998	0.173061	0.086442	0.048870	0.134977
chr12	29721018	30616918	0.502170	0.259425	0.170210	0.405802
chr12	30618359	31235856	0.117414	0.048212	0.028125	0.071716
chr12	31257429	31637130	-0.098171	-0.047966	-0.027508	-0.073461
chr12	31642414	32156398	0.341549	0.154182	0.095945	0.239506
chr12	32160318	32883665	0.166504	0.103261	0.050607	0.141206
chr13	508142	2324589	0.228223	0.099753	0.054709	0.189702
chr13	2329287	3300976	0.320230	0.138820	0.085608	0.251885
chr13	3307884	3980844	-0.198254	-0.139535	-0.056624	-0.127443
chr13	3984303	4692084	0.333634	0.153114	0.088602	0.248718
chr13	4757839	5559405	-0.195634	-0.074009	-0.045720	-0.133684
chr13	5569583	6427451	0.254545	0.148936	0.080361	0.162252
chr13	6490507	7683362	0.073430	0.032088	0.019036	0.066596
chr13	7770069	8545957	0.207373	0.071259	0.045493	0.171756
chr13	8547860	9518227	-0.045977	-0.028520	-0.015001	-0.030668
chr13	9544125	11313039	0.060795	0.023101	0.013890	0.034700
chr13	11313045	12140221	-0.022278	-0.017174	-0.007549	-0.017602
chr13	12140224	12652499	0.288043	0.130783	0.073382	0.213710
chr13	12692053	13714494	0.259630	0.110779	0.063016	0.175499
chr13	13723903	15002786	-0.055079	-0.030980	-0.014879	-0.045056
chr13	15059817	18241562	0.050170	0.017216	0.010494	0.042538
chr13	18295117	20373323	0.029116	0.012200	0.006454	0.017313
chr13	20387600	21161476	0.184586	0.121269	0.056996	0.138770
chr13	21191022	22223426	0.328688	0.179854	0.097822	0.198318
chr13	22245672	23597506	0.472868	0.322538	0.151647	0.378882
chr13	23598692	24211850	0.219792	0.150018	0.064704	0.147244
chr13	24231459	25142147	0.452401	0.241837	0.125688	0.338801
chr13	25152725	26679133	0.214004	0.087306	0.052945	0.180022
chr13	26682022	27640838	0.188552	0.118343	0.069948	0.169492
chr13	27641184	28059284	0.124774	0.094813	0.053261	0.070681
chr13	28070032	28778380	-0.216958	-0.147258	-0.058295	-0.161522
chr13	28786325	29498531	0.366637	0.265590	0.134820	0.270475
chr13	29498686	30524887	-0.005313	-0.002319	-0.001237	-0.006435
chr13	30531154	31030118	-0.048849	-0.043939	-0.018905	-0.027558
chr13	31032207	31800119	0.085882	0.052017	0.026995	0.061681
chr13	31808276	32588653	0.215712	0.082949	0.052504	0.154455
chr13	32589961	33325069	0.043860	0.026824	0.014879	0.030483
chr14	1176341	2153712	-0.231707	-0.113834	-0.051611	-0.174603
chr14	2154828	3328239	0.612159	0.224615	0.155754	0.374844
chr14	3328620	5233547	0.288406	0.110310	0.064183	0.234670
chr14	5287950	6139185	-0.014582	-0.005516	-0.003222	-0.032601
chr14	6144343	7511954	0.384848	0.138596	0.086689	0.274298
chr14	7512751	8909747	-0.006924	-0.001683	-0.000997	-0.004287
chr14	8925838	9634622	0.273778	0.150097	0.074432	0.205006
chr14	9644383	10846705	0.198299	0.078493	0.046695	0.144509
chr14	10903152	11526516	-0.134539	-0.089025	-0.042717	-0.099642
chr14	11579443	12923320	0.231358	0.093149	0.054925	0.153748
chr15	1042584	2069117	0.306987	0.159108	0.097676	0.260308
chr15	2104231	3103316	-0.203070	-0.093075	-0.047356	-0.153887
chr15	3113948	4082086	0.434865	0.149389	0.096880	0.389735
chr15	4082890	4967555	-0.228261	-0.134461	-0.051345	-0.183082
chr15	4968834	5490434	0.095890	0.052857	0.026653	0.073593
chr15	5496768	5841400	0.271362	0.188827	0.077667	0.182565
chr15	5858431	6833281	0.080408	0.033836	0.019931	0.062776
chr15	6849277	7518559	0.267658	0.119751	0.071384	0.208999
chr15	7522668	8429323	0.509859	0.248172	0.141369	0.384289
chr15	8429982	9433771	0.481404	0.227416	0.128996	0.426546
chr15	9441425	10841323	0.415220	0.213856	0.117881	0.359122
chr15	10872769	11884012	0.389648	0.177590	0.105152	0.221957
chr15	11906437	12566223	0.320911	0.218433	0.110085	0.248027
chr16	546066	1418511	-0.092593	-0.064082	-0.031309	-0.077640
chr16	1431312	3206911	0.458314	0.238896	0.145447	0.335808
chr16	3240140	4563646	0.047087	0.011694	0.008787	0.014972
chr16	4659855	5832799	0.260141	0.173478	0.087330	0.198386
chr16	5858456	7398118	0.293214	0.107247	0.057664	0.188788
chr16	7405489	8878457	0.454783	0.255309	0.128202	0.326419
chr16	8881851	9381248	-0.106816	-0.056270	-0.030439	-0.064536
chr17	556458	1155341	0.323543	0.157683	0.100043	0.235550
chr17	1155893	2030680	0.217391	0.103581	0.062095	0.155939
chr17	2113885	2747323	-0.075517	-0.048233	-0.021827	-0.054609
chr17	2764944	3929816	-0.094064	-0.034123	-0.018854	-0.067541
chr17	3936063	4543717	0.149856	0.093652	0.044213	0.113426
chr17	4593755	5619756	0.145513	0.065288	0.039465	0.097006
chr17	5651046	7459592	0.498843	0.142904	0.099187	0.432836
chr18	954207	2890773	0.297111	0.115198	0.066148	0.228331
chr18	2896843	3824710	0.113974	0.065248	0.036906	0.069031
chr18	3841485	4609757	0.174041	0.092260	0.055871	0.103356
chr18	4609892	5462794	-0.009236	-0.006382	-0.003249	-0.006769
chr18	5474091	6165189	-0.120459	-0.110785	-0.041972	-0.070866
chr18	6170181	7236630	0.081030	0.039618	0.020467	0.050147
chr18	7242567	8162159	0.137290	0.076092	0.043032	0.099936
chr19	2498038	4035659	0.019040	0.009760	0.005158	0.030416
chr19	4036696	5155263	0.189236	0.088618	0.045953	0.131802
chr19	5169073	6160462	0.104508	0.047200	0.028231	0.058968
chr19	6162769	7103162	0.307504	0.151802	0.090364	0.268000
chr20	154945	1053842	0.323966	0.227772	0.111365	0.263950
chr20	1081339	2220269	-0.066068	-0.049349	-0.023629	-0.025038
chr20	2274937	3095061	0.132167	0.068325	0.036841	0.082081
chr20	3134267	3876119	0.228903	0.093293	0.053402	0.169135
chr20	3887675	4397008	0.388832	0.246937	0.130405	0.252805
chr20	4400391	5179021	0.072202	0.037736	0.020910	0.051163
chr20	5194300	5912626	-0.284404	-0.201954	-0.077235	-0.197767
chr20	5914118	6639372	0.426608	0.244033	0.129123	0.275261
chr21	569639	1942962	-0.184845	-0.082458	-0.042263	-0.141167
chr21	1962190	3300848	-0.046022	-0.020980	-0.011109	-0.036935
chr21	3334369	4888644	0.361951	0.168140	0.080996	0.225585
chr21	4911017	6255305	0.312378	0.141827	0.086784	0.242699
chr22	813982	1664050	-0.026056	-0.012639	-0.007142	-0.018602
chr22	1722429	3404572	0.394340	0.194283	0.104084	0.263636
chr22	3440627	4366503	-0.107296	-0.053034	-0.027302	-0.086241
chr22	4368433	5416240	-0.118884	-0.061542	-0.035323	-0.113395
chr23	137926	1016186	-0.086453	-0.048127	-0.025607	-0.064883
chr23	1021625	1984671	0.369913	0.197287	0.101133	0.320327
chr24	498213	1396656	-0.142857	-0.101604	-0.035849	-0.101611
chr24	1399151	2441327	-0.031475	-0.014765	-0.008473	-0.006631
chrZ	861292	2926894	0.661078	0.282594	0.144100	0.567404
chrZ	2935269	3923959	0.028571	0.020855	0.009583	0.023508
chrZ	3967141	4371772	-0.012646	-0.010744	-0.005008	-0.008997
chrZ	4373260	4481423	0.387001	0.412598	0.290788	0.259921
chrZ	4481461	4556613	0.125741	0.187445	0.094855	0.084800
chrZ	4556715	4629580	0.260486	0.346549	0.196339	0.172012
chrZ	4629621	5192301	0.094340	0.132530	0.050459	0.052331
chrZ	5241289	6863182	-0.129851	-0.230464	-0.051632	-0.081537
chrZ	6871467	8868660	0.367502	0.566082	0.223970	0.230257
chrZ	8877869	9435236	0.153392	0.176271	0.061357	0.094891
chrZ	9435315	12644989	0.060000	0.021201	0.012691	0.041274
chrZ	12645046	19177084	0.331137	0.140070	0.067325	0.196098
chrZ	19179571	26564788	0.082345	0.070942	0.026647	0.058658
chrZ	27586122	74453455	0.558209	0.166278	0.092203	0.458079
