chr	windowStart	windowEnd	D	f_d	f_dM	d_f
chr1	1496619	2137925	0.297376	0.120047	0.079719	0.198830
chr1	2147321	3236037	-0.260241	-0.125581	-0.078242	-0.213298
chr1	3245334	3956873	-0.056604	-0.028433	-0.017787	-0.054509
chr1	3984301	5442118	0.286825	0.093241	0.062846	0.230104
chr1	5469644	6657358	0.302994	0.146894	0.089674	0.223706
chr1	6724023	7715386	0.195781	0.064216	0.041379	0.170492
chr1	7738932	8248575	0.437186	0.156957	0.121664	0.358333
chr1	8313093	9670329	0.367493	0.121936	0.097583	0.278440
chr1	9891854	12178191	0.381099	0.154463	0.106747	0.316294
chr1	12186865	14716989	0.424390	0.135683	0.097918	0.345512
chr1	14729636	15727540	0.307317	0.151034	0.107303	0.193995
chr1	15740648	17290796	0.237378	0.176817	0.114007	0.202833
chr1	17300469	18459441	0.004307	0.002846	0.001345	0.002868
chr1	18485491	22403611	0.580678	0.241453	0.158916	0.503117
chr1	22511644	24254373	0.073270	0.034183	0.019893	0.061205
chr1	24334277	25525052	0.139126	0.050645	0.033929	0.084092
chr1	25526457	27288577	0.212809	0.072998	0.053138	0.140638
chr1	27368724	28866207	0.316157	0.088159	0.061014	0.258427
chr1	28870904	30754475	0.376589	0.130029	0.093861	0.233344
chr1	31134486	32611297	0.346102	0.164028	0.116300	0.245343
chr1	32733488	33844780	0.043673	0.011818	0.009381	0.034377
chr1	33853466	35197669	0.363314	0.145939	0.113791	0.252643
chr1	35293719	36863552	-0.099005	-0.046667	-0.025765	-0.078603
chr1	36875600	37761129	0.308411	0.144015	0.108672	0.209176
chr1	37781090	39194971	0.215686	0.095174	0.068107	0.164506
chr1	39199065	40486153	0.441766	0.231366	0.164379	0.404414
chr1	40501726	42703289	0.197024	0.083333	0.055846	0.158735
chr1	42740152	44938878	0.046625	0.016683	0.011293	0.034202
chr1	44939860	48341365	0.034951	0.011683	0.008152	0.025547
chr1	48402840	49904492	0.152203	0.038234	0.029483	0.138889
chr1	49909471	51306996	-0.098901	-0.039536	-0.027861	-0.077443
chr1	51328358	52785997	-0.164295	-0.061234	-0.039085	-0.129460
chr1	52904210	53711263	0.132835	0.073938	0.043448	0.106099
chr1	53711264	54742101	-0.157188	-0.061054	-0.040986	-0.117667
chr1	54745270	55572509	-0.166626	-0.084311	-0.053563	-0.132143
chr1	55572510	56388313	0.206273	0.079093	0.055435	0.169811
chr1	56392700	57525122	0.126264	0.040266	0.032247	0.107470
chr1	57571598	58803828	0.463846	0.230241	0.147145	0.377960
chr1	58855587	60223841	-0.216063	-0.058126	-0.038933	-0.171815
chr1	60320025	61099957	0.310417	0.137054	0.085862	0.270745
chr1	61115999	62478243	0.504529	0.227595	0.132105	0.453594
chr1	62564073	63377380	0.500391	0.214753	0.162419	0.453131
chr1	63389710	65390660	0.154047	0.076801	0.044551	0.144569
chr1	65405002	66890960	-0.028238	-0.009662	-0.006690	-0.022014
chr1	66892657	68190276	0.193935	0.137984	0.069604	0.161671
chr1	68191282	69408887	-0.147896	-0.062352	-0.046415	-0.120549
chr1	69409655	70409831	0.451128	0.154044	0.103986	0.303493
chr1	70413138	72171857	0.151793	0.065173	0.042456	0.131466
chr1	72304906	73088903	0.487288	0.225098	0.127275	0.390713
chr1	73090519	76179072	0.310936	0.106162	0.067953	0.270354
chr1	76191086	77679512	0.262796	0.165656	0.090608	0.233303
chr1	77679917	78657650	0.143843	0.073114	0.042125	0.119181
chr1	78665831	80302173	0.200252	0.094940	0.065057	0.176667
chr1	80325350	81152157	0.415124	0.260742	0.160428	0.327027
chr1	81165650	82810218	0.162636	0.057059	0.045217	0.149083
chr1	82833505	85051379	-0.094820	-0.025373	-0.017150	-0.061125
chr1	85136265	85862928	0.105077	0.057284	0.038601	0.093878
chr1	85878020	87306072	0.095861	0.043810	0.028938	0.083863
chr1	87306140	88828748	0.390440	0.160269	0.116989	0.363212
chr1	88939530	89852973	0.696860	0.187297	0.140697	0.519352
chr1	89881414	91005764	0.491820	0.132202	0.092455	0.366509
chr1	91083487	92549363	0.417669	0.116816	0.084200	0.378552
chr1	92549371	94303065	0.617435	0.358514	0.195856	0.530759
chr1	94307260	96018131	0.456153	0.201437	0.120246	0.391146
chr1	96111600	97728173	0.280611	0.121862	0.081195	0.245734
chr1	97737423	100472981	0.302288	0.087978	0.060067	0.242296
chr1	100486096	101324902	0.474699	0.256566	0.181595	0.394263
chr1	101325843	103558861	0.508093	0.194074	0.145695	0.445055
chr1	103710404	107025134	0.232315	0.067053	0.044230	0.163014
chr1	107081367	108169709	0.243322	0.113709	0.078318	0.187711
chr1	108169711	113417583	0.358499	0.073026	0.050861	0.267347
chr1	113443004	114507079	0.230769	0.141862	0.075949	0.190127
chr1	114516509	115899511	0.271671	0.089875	0.060826	0.231914
chr1	115899512	117540322	0.113464	0.058377	0.037267	0.084229
chr1	117547186	118982902	0.273418	0.080444	0.059412	0.180621
chr1	118985066	120601560	-0.057242	-0.032250	-0.015881	-0.046643
chr1	120610543	121816565	0.493671	0.248276	0.159112	0.419856
chr1	121865697	123004763	0.358444	0.125599	0.087691	0.314286
chr1	123019913	123910615	0.346096	0.215361	0.118387	0.286809
chr1	123913875	125610240	0.035890	0.023247	0.012825	0.034061
chr1	125747142	128541757	0.483705	0.211672	0.126913	0.389610
chr1	128551266	129508229	0.625386	0.395375	0.276231	0.456417
chr1	129510915	130926803	0.106591	0.045675	0.030473	0.080485
chr1	131000371	132136908	-0.158816	-0.076063	-0.045509	-0.103112
chr1	132137329	133211942	0.135271	0.050929	0.035561	0.097052
chr1	133226619	134507656	0.489665	0.180837	0.129684	0.349618
chr1	134507670	135889276	0.278873	0.072559	0.058866	0.208351
chr1	135903302	138557835	0.238967	0.073486	0.052482	0.159057
chr1	140041217	141563057	0.298864	0.087599	0.065045	0.249105
chr1	141563305	142687376	0.202203	0.085491	0.065712	0.146692
chr1	142748447	144074497	0.142546	0.070329	0.049397	0.122316
chr1	144126497	145278385	0.160305	0.069100	0.051928	0.142066
chr1	145290603	147095332	0.115942	0.031862	0.022133	0.088127
chr1	147115311	147843362	0.213162	0.101131	0.074737	0.137539
chr1	147861701	149094408	0.101006	0.040385	0.029608	0.064407
chr1	149096875	149439070	0.061453	0.048871	0.024784	0.071926
chr1	149504542	150837307	0.234177	0.093539	0.060022	0.147150
chr1	150839348	151855508	0.252818	0.179019	0.101225	0.183769
chr1	151856068	152504728	0.173817	0.077362	0.053701	0.129645
chr1	152528403	154012498	0.000000	0.000000	0.000000	0.000000
chr1	154014449	156547741	0.010386	0.004172	0.002455	-0.001032
chr1	156547766	157509923	0.210361	0.108006	0.069084	0.152042
chr1	157518486	158867552	0.350787	0.240486	0.136866	0.281517
chr1	158873284	159782348	0.264336	0.130954	0.091736	0.256968
chr1	159782517	167667993	0.580231	0.294236	0.203678	0.468924
chr1	167678367	169816511	0.466993	0.183801	0.126588	0.366179
chr1	169816526	170965732	0.045564	0.027683	0.015493	0.035492
chr1	170965752	174236792	0.101205	0.029414	0.019914	0.080819
chr1	174238496	178783253	0.004219	0.001519	0.001038	0.003148
chr1	178784429	181313025	0.420217	0.158346	0.115430	0.329932
chr1	181337382	182680924	-0.045770	-0.020217	-0.012642	-0.048860
chr1	182694466	183787101	-0.190843	-0.069757	-0.047667	-0.164743
chr1	183792054	185163003	0.081220	0.028890	0.021602	0.069440
chr1	185237183	186216848	0.276000	0.085196	0.065484	0.209982
chr1	186224002	187342754	0.104520	0.034802	0.025465	0.061392
chr1	187343026	189193379	0.389171	0.214552	0.132871	0.346908
chr1	189232616	191067999	0.095066	0.031188	0.021636	0.072588
chr1	191076380	192681099	0.351149	0.137448	0.094261	0.239102
chr1	192697389	194303699	-0.010289	-0.002599	-0.001988	-0.006054
chr1	194323541	195348934	-0.233627	-0.123770	-0.078653	-0.198670
chr1	195453443	197895983	0.242221	0.067948	0.047326	0.213498
chr1	197924716	199739780	-0.350785	-0.216969	-0.114897	-0.286733
chr1	199742973	201789293	0.170783	0.109677	0.061641	0.125673
chr1	201918109	203334546	0.534167	0.185391	0.125113	0.494799
chr1	203339775	204577200	0.499770	0.380785	0.239260	0.360784
chr1	204579470	205757940	-0.080834	-0.045455	-0.028484	-0.056126
chr1	205758702	207300769	0.062163	0.034419	0.021352	0.043378
chr1	207320225	208415817	0.330435	0.220556	0.127019	0.297680
chr1	208460013	209699299	0.032819	0.012731	0.008886	0.032058
chr1	209703975	210448423	0.257954	0.130976	0.088587	0.204360
chr1	210451022	211697188	0.099727	0.050449	0.031121	0.075648
chr1	211716274	214498346	-0.043712	-0.017829	-0.011453	-0.025243
chr2	867152	2704549	0.295880	0.126636	0.083805	0.247908
chr2	2704630	4446485	0.499071	0.154889	0.120946	0.339444
chr2	4446644	5531125	0.301685	0.130033	0.092793	0.194216
chr2	5532122	6599480	0.128974	0.042056	0.029469	0.092213
chr2	6609066	7304625	0.301904	0.189366	0.126280	0.238027
chr2	7318799	8860608	0.472430	0.170116	0.108780	0.371449
chr2	8875686	10139596	0.185322	0.067859	0.049280	0.152904
chr2	10148688	11671812	0.578360	0.304613	0.208449	0.539127
chr2	11674034	13077204	-0.258897	-0.165153	-0.090513	-0.205219
chr2	13132387	15199176	0.450105	0.198005	0.125841	0.437882
chr2	15225205	16246413	0.061166	0.035873	0.020185	0.042928
chr2	16247331	17336505	0.412658	0.205635	0.130278	0.344124
chr2	17415838	19606643	0.176119	0.054807	0.032894	0.129481
chr2	19639559	20969743	0.272307	0.112343	0.075772	0.221109
chr2	20986799	23257841	0.256069	0.062226	0.043188	0.190343
chr2	23261127	25091175	0.172287	0.056985	0.041155	0.150613
chr2	25110416	26721897	0.276187	0.110691	0.078076	0.234855
chr2	26727395	28195810	0.469341	0.092842	0.068675	0.325958
chr2	28262085	30778437	0.300146	0.099146	0.073838	0.214810
chr2	30778788	32076226	0.585440	0.286657	0.186885	0.464248
chr2	32143405	33416546	0.312294	0.108849	0.077111	0.241706
chr2	33432227	34695525	-0.054145	-0.024654	-0.015691	-0.056229
chr2	34707110	35861000	0.151538	0.086401	0.052486	0.126844
chr2	35873298	36803610	0.201945	0.092434	0.058875	0.165644
chr2	36805881	37266446	0.493671	0.337711	0.213270	0.395333
chr2	37268641	37801976	0.226708	0.123172	0.079709	0.168851
chr2	37806472	39088923	0.234262	0.125138	0.071873	0.194405
chr2	39101197	39610713	0.071329	0.037792	0.022689	0.046123
chr2	39640677	41414494	-0.009793	-0.004162	-0.002772	-0.008351
chr2	41415007	42202348	0.172291	0.107242	0.065815	0.163208
chr2	42208012	43112860	0.086604	0.045039	0.030745	0.087464
chr2	43137223	45170802	0.362942	0.103283	0.073865	0.305171
chr2	45365103	46569827	0.036885	0.014865	0.010950	0.012092
chr2	46574034	48088078	0.059871	0.023794	0.016664	0.043207
chr2	48176435	49373504	0.139776	0.040293	0.030405	0.093584
chr2	49373510	50791369	0.331078	0.109787	0.086481	0.271969
chr2	50795172	51853459	-0.011383	-0.005245	-0.003679	-0.010226
chr2	51893926	52724385	0.527848	0.285616	0.184187	0.386708
chr2	52724502	53469269	0.341702	0.143779	0.102325	0.206758
chr2	53665077	54915627	0.015010	0.007001	0.004768	0.013833
chr2	54922209	56301732	0.558511	0.294383	0.200014	0.455160
chr2	56331034	57349422	0.192171	0.068113	0.046504	0.168750
chr2	57375551	58568964	0.292764	0.123687	0.078916	0.245871
chr2	58675933	63026134	0.405318	0.109877	0.081532	0.348668
chr2	63283219	65242782	0.360202	0.107755	0.070187	0.285955
chr2	65283806	66296761	0.289006	0.173627	0.095901	0.277949
chr2	66383470	67963592	0.291351	0.082616	0.060335	0.232472
chr2	67991830	69028093	0.355643	0.147349	0.097278	0.285814
chr2	69034069	70468278	-0.123119	-0.037953	-0.028040	-0.093439
chr2	70513480	71671605	0.413333	0.134705	0.086883	0.352614
chr2	71700379	72889497	0.127935	0.039242	0.028663	0.093046
chr2	72953571	74447725	0.269872	0.077618	0.059722	0.195836
chr2	74522136	76035844	0.166948	0.047143	0.037225	0.155660
chr2	76057056	79053458	0.186489	0.043816	0.034260	0.138942
chr2	79225142	83794883	0.238130	0.106053	0.072103	0.203721
chr2	83797708	85168415	0.641916	0.309206	0.210035	0.548218
chr2	85246492	88805527	-0.048094	-0.009711	-0.007537	-0.034649
chr2	88852599	92506644	0.190781	0.047219	0.035579	0.142664
chr2	92628553	93676357	0.400821	0.187700	0.118368	0.310491
chr2	93685052	95308297	0.074057	0.032763	0.019642	0.053517
chr2	95308479	97146499	0.177458	0.063023	0.038866	0.131595
chr2	97163337	99415588	0.234625	0.091173	0.048744	0.211810
chr2	99422860	100653084	0.232038	0.173670	0.096348	0.196674
chr2	100658536	101292959	0.352227	0.121925	0.091323	0.323775
chr2	101310660	103000407	0.024613	0.007023	0.005151	0.018480
chr2	103202216	107052967	0.539957	0.291036	0.192406	0.453446
chr2	107098169	108552706	-0.008621	-0.002705	-0.001954	-0.002123
chr2	108554570	110035727	0.160830	0.048025	0.034182	0.128023
chr2	110035728	111407125	0.002534	0.001312	0.000882	0.002234
chr2	111416244	112948319	0.517529	0.233443	0.166723	0.448151
chr2	112955968	113893980	0.076404	0.039001	0.025314	0.038398
chr2	113902635	114652932	0.391633	0.258655	0.160537	0.251203
chr2	114655760	115207706	0.464119	0.241513	0.148192	0.354701
chr2	115264512	115724248	0.071197	0.046875	0.025537	0.046512
chr2	115745011	117098400	0.184733	0.072716	0.048284	0.103448
chr2	117155411	118391578	0.266207	0.092863	0.067807	0.172131
chr2	118441602	119351435	0.534359	0.289230	0.182083	0.470075
chr2	119406533	121224823	0.046079	0.032506	0.015646	0.038178
chr2	121249621	122719623	0.067836	0.045189	0.024865	0.045685
chr2	122753961	124662443	0.226880	0.088334	0.053400	0.210206
chr2	124717138	126120305	0.306541	0.119004	0.074316	0.238920
chr2	126120898	127343229	0.639506	0.242472	0.175673	0.478314
chr2	127343230	128643618	0.145474	0.066535	0.044219	0.107914
chr2	128687076	129450548	0.252887	0.152862	0.103693	0.185961
chr2	129519743	131097751	0.208174	0.095732	0.065523	0.183018
chr2	131101143	132628781	0.068182	0.024448	0.016036	0.047853
chr2	132629596	133823729	0.131047	0.054259	0.036375	0.098136
chr2	133882064	136923201	0.343486	0.150700	0.107082	0.254210
chr2	136977192	138025871	-0.205466	-0.121703	-0.078017	-0.184544
chr2	138026561	138568421	0.144175	0.065491	0.049492	0.108820
chr2	138568621	139526145	0.212181	0.139335	0.092413	0.171914
chr2	139530240	140935034	0.548553	0.202516	0.147372	0.431039
chr2	140943149	142141726	0.089837	0.030438	0.023248	0.081919
chr2	142148971	143939613	0.511957	0.211306	0.142835	0.333562
chr2	143953288	147642848	0.066849	0.021878	0.015880	0.051925
chr2	147642929	149435339	0.204056	0.065676	0.044165	0.119282
chr2	149465026	150864189	0.273591	0.088073	0.069414	0.264443
chr2	150865727	151764668	0.121654	0.051767	0.036637	0.102647
chr2	151771697	153095822	0.543997	0.131763	0.105449	0.435470
chr2	153104998	153999125	0.209302	0.095075	0.059019	0.180764
chr2	154001758	155822257	-0.115057	-0.036108	-0.025198	-0.098122
chr2	155827179	156669323	-0.075750	-0.045980	-0.027880	-0.067544
chr2	156726835	159543750	0.192274	0.086365	0.049587	0.140374
chr2	159545757	160955799	0.189511	0.074601	0.053834	0.156836
chr2	160998623	163660830	0.315307	0.107382	0.073828	0.268474
chr3	2347739	4088308	0.459302	0.150254	0.102969	0.278933
chr3	4155432	6429368	-0.130834	-0.034802	-0.025219	-0.120643
chr3	6539950	7715209	0.409981	0.200182	0.147880	0.293769
chr3	7731344	10338605	0.164916	0.098105	0.057188	0.123003
chr3	10348496	11984133	0.074031	0.053420	0.028507	0.077691
chr3	12011810	13665808	0.211501	0.079297	0.056616	0.160827
chr3	13780281	15460778	0.011328	0.004154	0.002789	0.010216
chr3	15461780	17070338	0.552580	0.195947	0.145561	0.496188
chr3	17070412	18313818	0.168171	0.070016	0.044856	0.117724
chr3	18350709	20980807	0.465187	0.176336	0.123758	0.447139
chr3	21125707	22738789	0.431040	0.170213	0.112816	0.418972
chr3	22744826	24168637	0.210547	0.066749	0.048713	0.187187
chr3	24169907	25082829	0.240200	0.074026	0.056805	0.181132
chr3	25099289	26234868	-0.018241	-0.008024	-0.005521	-0.029126
chr3	26249595	27553896	0.626544	0.268580	0.192931	0.510763
chr3	27553986	29170921	0.480568	0.153913	0.105007	0.429348
chr3	29177406	30427786	0.558160	0.263540	0.160698	0.503282
chr3	30437382	31140486	0.329424	0.178690	0.107797	0.318885
chr3	31152904	32416064	0.432905	0.162056	0.109677	0.393355
chr3	32423788	33831852	0.341824	0.172966	0.117002	0.318371
chr3	33844731	34464457	0.610082	0.320943	0.226379	0.459144
chr3	34465186	35989513	0.575355	0.269406	0.168996	0.510015
chr3	36119397	36995555	-0.088394	-0.071742	-0.039805	-0.057174
chr3	37035551	39303333	0.461256	0.198910	0.148914	0.410413
chr3	39385219	40135837	0.057236	0.049677	0.023718	0.049541
chr3	40166047	42565760	0.267746	0.114058	0.079463	0.208941
chr3	42592680	43499329	0.494027	0.278232	0.211971	0.416847
chr3	43522521	44328145	-0.069191	-0.037982	-0.021315	-0.054076
chr3	44344293	45285067	0.441974	0.227041	0.148295	0.372313
chr3	45285072	46360100	0.319534	0.136762	0.092367	0.255238
chr3	46361488	47470833	0.258322	0.146489	0.080077	0.189453
chr3	47473419	48560221	0.416197	0.198589	0.130564	0.367309
chr3	48575506	49889196	-0.082873	-0.032302	-0.019903	-0.064884
chr3	49911978	51440435	0.366678	0.169759	0.122510	0.288808
chr3	51441338	52156195	0.263770	0.117620	0.080455	0.216512
chr3	52156467	53302691	0.080682	0.053031	0.033141	0.064734
chr3	53308572	54150710	0.547355	0.268720	0.202120	0.437561
chr3	54208460	55174085	0.301689	0.121827	0.080108	0.250982
chr3	55174431	56658523	-0.024954	-0.008179	-0.005963	-0.018133
chr3	56665822	57366620	-0.037825	-0.016915	-0.011160	-0.045352
chr3	57366903	57853273	0.146341	0.067686	0.045180	0.138602
chr3	57862227	58608886	0.214824	0.105144	0.073898	0.158873
chr3	58620862	60506838	0.444223	0.181893	0.127092	0.404101
chr3	60611736	62498883	-0.198454	-0.046956	-0.035695	-0.162325
chr3	62503887	64049706	0.029907	0.008521	0.005930	0.025641
chr3	64050100	65133565	-0.135413	-0.066058	-0.045896	-0.115716
chr3	65244797	66870305	0.072354	0.031698	0.020003	0.054351
chr3	66884372	67921203	0.464094	0.167433	0.126319	0.400986
chr3	67935260	70497373	0.217026	0.058082	0.040164	0.171784
chr3	70521143	72902677	0.419237	0.144021	0.089158	0.346845
chr3	72911887	74698764	0.142857	0.058776	0.038467	0.107865
chr3	74760193	75938272	0.160825	0.053617	0.035907	0.124006
chr3	75950964	76342124	-0.003263	-0.002374	-0.001163	-0.002517
chr3	76391226	77206099	0.160377	0.060993	0.038837	0.127182
chr3	77207557	80294224	-0.011340	-0.003212	-0.002231	-0.008850
chr3	80298993	81588952	0.308392	0.124929	0.090332	0.267025
chr3	81616204	83401532	0.023785	0.013967	0.008742	0.017857
chr3	83674464	84852949	0.077384	0.026532	0.018913	0.063396
chr3	84906020	86058030	0.550868	0.316578	0.205176	0.453988
chr3	86061650	87347949	-0.285517	-0.125976	-0.070051	-0.232110
chr3	87387725	89159359	0.281787	0.110479	0.075038	0.232558
chr3	89182029	92041357	0.152929	0.036312	0.027949	0.131656
chr3	92041408	94460357	0.383686	0.121428	0.082473	0.340383
chr3	94540510	98510766	0.269646	0.084616	0.063463	0.225490
chr3	98514655	100209584	-0.098240	-0.031554	-0.023857	-0.081356
chr3	100365508	103030551	0.391947	0.180922	0.125924	0.326265
chr3	103031556	105458094	0.280108	0.093023	0.071558	0.235495
chr3	105494752	107518959	0.672490	0.204595	0.150737	0.618633
chr3	107557748	108980237	0.323183	0.090750	0.072584	0.282403
chr3	108991371	111337363	0.290898	0.121317	0.074585	0.265905
chr3	111377004	113232921	0.258131	0.130952	0.085121	0.208211
chr3	113277045	114144614	0.056604	0.025170	0.018041	0.047909
chr3	114162711	115390106	-0.003736	-0.001234	-0.000858	0.000955
chr3	115411687	116729133	0.266911	0.101540	0.077861	0.228792
chr3	116764570	117542947	-0.069901	-0.033327	-0.022855	-0.055038
chr3	117543466	118894631	0.221024	0.087003	0.054984	0.146081
chr3	118908155	120262273	0.426123	0.145400	0.112225	0.382303
chr3	120467774	121740572	0.240093	0.100260	0.074629	0.195942
chr3	121808686	123142056	0.270412	0.093384	0.068517	0.217137
chr3	123154870	124023346	0.322854	0.138725	0.090508	0.231570
chr4	659588	4325902	-0.165275	-0.057848	-0.039374	-0.112756
chr4	4335857	6809253	0.473404	0.205385	0.141663	0.377593
chr4	6830014	7446557	0.325439	0.214934	0.135174	0.229817
chr4	7472057	9369235	0.008000	0.003696	0.002226	0.006516
chr4	9500660	12133355	0.314634	0.085018	0.066903	0.246969
chr4	12216182	13545905	-0.100688	-0.037853	-0.024750	-0.113766
chr4	13607744	15310263	0.552803	0.217100	0.151041	0.488966
chr4	15310395	16462586	0.032007	0.014160	0.008916	0.047557
chr4	16476700	17449375	0.094085	0.039712	0.027902	0.077730
chr4	17456981	19535642	-0.133046	-0.040848	-0.028502	-0.130435
chr4	19535996	21253965	-0.076240	-0.032921	-0.022627	-0.058423
chr4	21256526	22328150	0.125918	0.049050	0.030864	0.078297
chr4	22341090	23443667	0.273298	0.157276	0.078449	0.229754
chr4	23474860	24387670	0.261584	0.154004	0.072225	0.193513
chr4	24387871	25371141	0.477654	0.268516	0.172466	0.324984
chr4	25394951	28316213	0.301276	0.103483	0.066778	0.277073
chr4	28350030	29629033	-0.034414	-0.013609	-0.009537	-0.026166
chr4	29631810	31009104	0.198972	0.051819	0.040208	0.140966
chr4	31067508	32821901	0.100996	0.045440	0.029371	0.057556
chr4	32840977	34103245	0.479744	0.306644	0.209302	0.309115
chr4	34105122	35670960	0.072593	0.045952	0.029254	0.048724
chr4	35784615	39581849	0.366246	0.147822	0.094341	0.282051
chr4	39714971	41560343	0.122334	0.085245	0.043722	0.106341
chr4	41560359	42958637	0.123903	0.030789	0.023242	0.082745
chr4	42973572	45177838	0.369056	0.134921	0.092687	0.328316
chr4	45261750	48054404	0.450180	0.105278	0.073424	0.347115
chr4	48070134	49047083	0.222014	0.123824	0.072588	0.151653
chr4	49054126	50189498	0.522865	0.191228	0.115264	0.409639
chr4	50217314	52089352	0.871742	0.475521	0.320798	0.799946
chr4	52099186	53856067	0.261224	0.129402	0.088653	0.244275
chr4	53914474	55919857	-0.138720	-0.075419	-0.044223	-0.112324
chr4	55922739	56624963	0.780000	0.509596	0.332534	0.664709
chr4	56632485	57280331	0.339696	0.185942	0.123463	0.281149
chr4	57303029	58832519	-0.221802	-0.144261	-0.077503	-0.162643
chr4	58989366	60237789	-0.079675	-0.042945	-0.027400	-0.053669
chr4	60238814	61552410	-0.320792	-0.104685	-0.071115	-0.229787
chr4	61564618	65057245	0.421579	0.205754	0.151163	0.341820
chr4	65276324	66972743	0.657486	0.237878	0.165503	0.560331
chr4	67043527	68991130	0.292414	0.173628	0.104916	0.191529
chr4	69006436	70530168	0.249530	0.089437	0.059409	0.232612
chr4	70551671	71262287	0.277311	0.111817	0.077385	0.199385
chr4	71312773	73719422	-0.010626	-0.004309	-0.002556	-0.003077
chr4	73758348	76099562	0.043849	0.018386	0.011779	0.032258
chr4	76199263	77801887	0.338744	0.159521	0.108610	0.277296
chr4	77802552	81038047	0.085926	0.037105	0.024432	0.070414
chr5	655691	2143301	0.008826	0.004214	0.002979	0.006920
chr5	2149770	3013778	0.232581	0.100708	0.069884	0.195062
chr5	3014971	3868394	0.236266	0.066786	0.049749	0.177243
chr5	3877494	4763724	0.007488	0.004508	0.002759	0.005291
chr5	4783024	5634855	0.320043	0.125821	0.094331	0.220326
chr5	5673249	6639072	0.298855	0.157683	0.088147	0.235235
chr5	6647894	7738457	0.360700	0.153876	0.117578	0.328700
chr5	7850290	8534806	0.022785	0.010169	0.006167	0.019718
chr5	8538805	9013449	-0.157210	-0.077121	-0.049345	-0.147308
chr5	9022476	9687834	-0.118921	-0.052235	-0.032982	-0.098345
chr5	9687950	10573482	0.029202	0.017472	0.011282	0.034258
chr5	10599516	11754406	0.279661	0.104011	0.071225	0.210679
chr5	11778558	12417691	0.601162	0.336160	0.251553	0.478953
chr5	12477690	13583978	-0.103528	-0.047047	-0.030935	-0.094737
chr5	13617633	14302986	0.254121	0.122045	0.075763	0.167114
chr5	14305916	15003806	0.270154	0.154166	0.093223	0.173145
chr5	15015555	15679784	0.499233	0.256148	0.177917	0.417843
chr5	15844392	16691862	0.297641	0.148266	0.092603	0.223001
chr5	16705826	17634802	0.372731	0.223718	0.139973	0.287937
chr5	17641061	21348758	0.165644	0.063492	0.042532	0.144385
chr5	21382678	22716777	-0.005540	-0.002471	-0.001499	0.008362
chr5	22719026	24303526	0.173454	0.048414	0.036046	0.121095
chr5	24315738	25497037	0.768930	0.334209	0.237718	0.633382
chr5	25497065	26568130	0.259491	0.108303	0.072983	0.215444
chr5	26584263	28477831	0.722359	0.340870	0.196771	0.638783
chr5	28483444	30852031	0.498600	0.124880	0.084115	0.444888
chr5	30852215	32350080	0.147232	0.083463	0.051660	0.111574
chr5	32375579	35597984	0.233202	0.087609	0.055848	0.175737
chr5	35795415	38737836	0.714753	0.274849	0.189604	0.481420
chr5	38778993	40676787	0.309693	0.093784	0.072536	0.263581
chr5	40677805	42158396	0.123762	0.049661	0.034487	0.095420
chr5	42171338	43089553	0.549780	0.246251	0.164709	0.488263
chr5	43094911	45003441	0.257709	0.111023	0.071552	0.204665
chr5	45060656	47911549	0.244378	0.099225	0.066505	0.197666
chr5	47926632	50223863	0.272727	0.072891	0.048208	0.205189
chr5	50254235	52437655	-0.016934	-0.004154	-0.002709	-0.008259
chr5	52441972	53696018	0.442932	0.135505	0.105909	0.351621
chr5	53827557	56301832	0.408108	0.127660	0.100022	0.335307
chr5	56344823	57519446	-0.287172	-0.115486	-0.069698	-0.246147
chr5	57520230	59648168	0.263043	0.119369	0.088971	0.245841
chr5	59654010	60683714	0.328253	0.166667	0.097620	0.225252
chr5	60698198	61895015	0.222222	0.098039	0.070157	0.146091
chr5	61911095	62748946	0.425864	0.315268	0.221406	0.337257
chr5	62780201	63778990	0.515509	0.231670	0.176546	0.407553
chr5	63779646	65699270	0.169320	0.061839	0.044498	0.112753
chr5	65699300	67012358	0.101711	0.037221	0.026206	0.091596
chr5	67032021	68105511	0.133260	0.051931	0.039041	0.117151
chr5	68147837	69503288	-0.123438	-0.034561	-0.025044	-0.089151
chr5	69540733	70536836	0.222427	0.099719	0.065629	0.179091
chr6	757500	1904987	0.187290	0.082280	0.054421	0.158896
chr6	1937010	3631204	0.080334	0.029985	0.019447	0.068158
chr6	3658172	4993225	0.265026	0.114500	0.079796	0.212338
chr6	5014287	5764237	0.532878	0.230258	0.177879	0.432133
chr6	5780375	6308797	0.149335	0.095193	0.063138	0.090909
chr6	6309142	8034991	0.406737	0.202686	0.128083	0.303774
chr6	8068177	8911233	0.224122	0.147512	0.085523	0.175723
chr6	8911485	9719443	0.551943	0.228421	0.161037	0.405780
chr6	9720378	10857079	0.364423	0.150676	0.100176	0.300652
chr6	10858713	11695160	0.159512	0.072103	0.045327	0.128043
chr6	11716787	13011754	0.155620	0.051484	0.038032	0.118356
chr6	13052208	14061360	0.169723	0.069064	0.049022	0.136057
chr6	14061468	15738130	0.313468	0.080568	0.063246	0.249105
chr6	15751887	16279187	0.171316	0.073623	0.057247	0.147467
chr6	16296774	18721706	0.237708	0.114751	0.066972	0.194653
chr6	18788286	20196776	0.267509	0.125629	0.072159	0.188744
chr6	20213473	21612430	0.196502	0.049414	0.035526	0.171917
chr6	21640229	24438727	-0.068865	-0.023820	-0.017929	-0.061366
chr6	24438942	25287400	0.163360	0.106921	0.064786	0.125121
chr6	25299518	26008863	0.504864	0.302712	0.188865	0.380159
chr6	26013454	27344297	0.449351	0.161657	0.100426	0.335271
chr6	27394877	30969227	0.585926	0.315053	0.214606	0.451991
chr6	30988360	33737629	0.112664	0.074804	0.050195	0.082323
chr6	33750061	35661870	0.005865	0.003031	0.002040	-0.004196
chr6	35661998	38605805	0.261026	0.148664	0.094843	0.211114
chr6	38715183	39836565	0.256376	0.142306	0.078947	0.221523
chr6	39845471	40849761	0.011545	0.004768	0.003593	0.014634
chr6	40852675	41503639	0.483756	0.304565	0.213275	0.381071
chr6	41505067	42233382	0.554539	0.255351	0.163360	0.439768
chr6	42245768	43363190	0.126819	0.049540	0.031243	0.102857
chr6	43396191	44528882	0.029137	0.011923	0.008290	0.026459
chr6	44529469	45259924	0.473127	0.203613	0.161511	0.356172
chr6	45327892	45824617	-0.011222	-0.003744	-0.002871	-0.013039
chr6	45825317	46852561	0.385222	0.159917	0.110653	0.329225
chr6	47023921	47548030	0.244068	0.080778	0.063149	0.153409
chr6	47551936	48105216	0.274478	0.121244	0.086973	0.225743
chr6	48120564	48626120	0.314076	0.152603	0.100594	0.233343
chr6	48644584	49759238	0.130529	0.039269	0.030010	0.090475
chr6	49759321	50827780	-0.076409	-0.033489	-0.021866	-0.086365
chr6	50841575	51730524	0.127426	0.045362	0.030688	0.113959
chr7	205641	1493457	0.083804	0.026981	0.019769	0.067669
chr7	1501569	2428670	-0.069003	-0.024009	-0.015776	-0.054276
chr7	2431041	3397762	0.328968	0.132146	0.097723	0.270612
chr7	3440624	4175884	0.016848	0.005778	0.003755	0.024209
chr7	4195105	5324024	0.137316	0.055933	0.038888	0.113099
chr7	5377858	6091767	0.410428	0.131080	0.097979	0.257965
chr7	6092027	7683464	-0.113859	-0.051505	-0.032211	-0.085880
chr7	7691142	8987149	0.081081	0.022052	0.014200	0.069259
chr7	8995824	9696054	0.175480	0.061576	0.044798	0.164017
chr7	9697984	10876089	0.408649	0.214164	0.117455	0.388290
chr7	10877849	12789179	0.585724	0.256709	0.162351	0.467303
chr7	12789847	14438895	0.480948	0.197444	0.123848	0.401630
chr7	14501578	15514780	0.380320	0.143127	0.104386	0.310557
chr7	15530176	19204311	0.356707	0.100699	0.070984	0.323875
chr7	19237767	21489334	0.667155	0.243185	0.180891	0.442591
chr7	21489869	22546818	0.274194	0.187156	0.109819	0.190306
chr7	22553768	25167079	0.149686	0.090909	0.054982	0.113297
chr7	25207864	27831351	-0.006191	-0.003648	-0.002041	-0.004367
chr7	27852442	29706894	-0.097854	-0.034582	-0.022018	-0.075000
chr7	29719277	31403865	0.306181	0.184522	0.095845	0.233127
chr7	31441317	32318572	0.289533	0.152070	0.104685	0.272727
chr7	32333626	34159228	0.192349	0.076577	0.054570	0.100881
chr7	34173216	34596111	0.360750	0.169024	0.108332	0.223031
chr7	34610435	35103270	0.263989	0.166762	0.100897	0.208556
chr7	35111875	36052325	0.046942	0.024117	0.015742	0.030322
chr7	36059775	36830238	0.352941	0.155372	0.105036	0.277644
chr7	36910817	38030344	-0.033157	-0.013925	-0.009683	-0.024634
chr7	38033876	39995868	0.285246	0.114501	0.071825	0.264730
chr7	39997214	40884044	0.191147	0.075838	0.052007	0.179584
chr7	40892395	41359306	0.021025	0.009454	0.006173	0.025308
chr7	41372436	42580631	0.185109	0.047184	0.033748	0.151105
chr7	42580638	43995726	0.761925	0.236368	0.194771	0.538185
chr7	44002559	44650460	0.411794	0.155298	0.122820	0.310345
chr7	44650462	45521847	0.438292	0.195521	0.132320	0.388905
chr7	45531869	46531538	-0.009646	-0.002785	-0.001962	0.009518
chr7	46554944	47157795	0.405619	0.208146	0.150136	0.370906
chr8	604813	1575927	0.312972	0.152815	0.110105	0.281707
chr8	1590261	2547749	0.201890	0.055103	0.042445	0.170172
chr8	2594569	3232963	-0.218576	-0.064163	-0.044024	-0.131482
chr8	3233031	4141137	0.243678	0.112746	0.073731	0.200000
chr8	4146832	4694230	-0.086026	-0.033594	-0.022562	-0.082425
chr8	4696334	5168856	0.332521	0.231291	0.139737	0.259063
chr8	5170591	5690411	0.352332	0.149549	0.096436	0.263066
chr8	5697213	6084162	0.101318	0.055998	0.034338	0.081188
chr8	6116802	6500231	0.336721	0.224861	0.134155	0.275823
chr8	6501106	7081906	0.087891	0.045813	0.027722	0.069018
chr8	7084390	7405502	0.522747	0.290000	0.203543	0.440467
chr8	7410664	8107825	0.134400	0.048248	0.035361	0.102740
chr8	8112797	8614976	0.212994	0.119459	0.075669	0.166754
chr8	8620118	9684344	0.175519	0.072419	0.049433	0.139466
chr8	9684396	10685145	0.440309	0.238064	0.141623	0.344751
chr8	10708011	12907426	0.348615	0.139473	0.094486	0.315653
chr8	12907641	14056903	0.120405	0.038591	0.026763	0.123421
chr8	14059013	17477350	0.125181	0.021937	0.017108	0.123288
chr8	17624756	21178381	0.143297	0.050966	0.033387	0.137371
chr8	21340022	23677185	0.388475	0.179329	0.119618	0.334306
chr8	23680444	26284251	0.053254	0.022885	0.015656	0.045317
chr8	26289941	28751232	0.538137	0.265056	0.175852	0.395048
chr8	28824024	30034208	0.509480	0.216008	0.131480	0.376646
chr8	30034342	31206211	0.227049	0.074395	0.050523	0.158388
chr8	31211851	32498434	0.359136	0.120544	0.076145	0.245841
chr8	32524789	33839627	-0.061118	-0.026725	-0.015804	-0.061356
chr8	33839707	34567744	0.151801	0.050120	0.036122	0.106918
chr8	34573948	35276140	0.469014	0.189017	0.132855	0.377790
chr8	35325169	36014547	0.221362	0.074721	0.046181	0.155010
chr8	36024985	37128672	0.061728	0.023602	0.015320	0.057348
chr8	37141756	37720492	0.289447	0.109558	0.074399	0.185860
chr8	37723898	38426383	0.307302	0.108195	0.073047	0.234624
chr8	38438379	39116322	0.299557	0.114732	0.071867	0.197791
chr8	39120183	39974978	0.532374	0.255221	0.167653	0.480173
chr8	39983156	40404187	0.051654	0.027460	0.018341	0.031060
chr8	40410773	41243285	0.348140	0.108808	0.084138	0.254190
chr8	41243987	42024987	0.297297	0.110143	0.073917	0.193609
chr8	42076144	42961465	0.195349	0.082650	0.054054	0.149254
chr8	43029772	43517598	0.272605	0.159091	0.103115	0.182063
chr9	987772	2638005	0.386775	0.149834	0.101094	0.294033
chr9	2723384	3625328	-0.008923	-0.003282	-0.002161	-0.006170
chr9	3640116	4317283	0.145455	0.049837	0.035650	0.117318
chr9	4326553	4995511	0.193175	0.073233	0.054825	0.191327
chr9	5018256	6679118	0.107033	0.044834	0.030475	0.084142
chr9	6685453	7912949	0.174419	0.079467	0.045326	0.163285
chr9	7979105	10178982	0.020104	0.006273	0.003859	0.018473
chr9	10180367	10959513	-0.049534	-0.016180	-0.010409	-0.031545
chr9	11020482	11601973	-0.030907	-0.016129	-0.009897	-0.026840
chr9	11612117	12614621	0.038513	0.014585	0.008859	0.026566
chr9	12619871	13442680	0.012146	0.004771	0.002932	0.012022
chr9	13449516	14090224	0.366293	0.147130	0.096949	0.298605
chr9	14093759	15191660	0.488427	0.231327	0.170198	0.373762
chr9	15208096	16589091	-0.019956	-0.012452	-0.007283	-0.016648
chr9	16599708	17412511	0.314441	0.138722	0.101453	0.293904
chr9	17434450	19176859	0.590447	0.346314	0.185248	0.540800
chr9	19176862	20717763	0.574754	0.366927	0.249288	0.529121
chr9	20725647	23906802	0.471678	0.180067	0.132402	0.403864
chr9	23975612	26463607	0.590517	0.195412	0.146179	0.518939
chr9	26528013	28524799	0.221719	0.064059	0.046479	0.162252
chr9	28545035	29400631	0.287280	0.111214	0.081674	0.206861
chr9	29400664	31027922	-0.370311	-0.153026	-0.082332	-0.274030
chr9	31045300	31619925	-0.176611	-0.076486	-0.046187	-0.138404
chr9	31627279	32779759	0.266968	0.100198	0.066874	0.248596
chr9	32837058	34366699	0.045373	0.018642	0.011003	0.038136
chr9	34366919	35117556	0.549505	0.303279	0.217252	0.479926
chr9	35137231	35580515	-0.260582	-0.202749	-0.103683	-0.219512
chr9	35585690	36337629	0.044776	0.026448	0.017532	0.036907
chr9	36340023	37565146	0.516340	0.193770	0.144521	0.392702
chr9	37584761	38519304	0.263014	0.125027	0.086163	0.184261
chr9	38519708	39226101	0.472183	0.200404	0.141433	0.336953
chr9	39226175	40026396	-0.045436	-0.023624	-0.014287	-0.033120
chr9	40049973	41245358	-0.037917	-0.014161	-0.009044	-0.018040
chr9	41254821	42881968	-0.092553	-0.033870	-0.021810	-0.083042
chr10	2883786	6759675	0.426796	0.155923	0.104639	0.389660
chr10	6776901	9231171	0.591420	0.269428	0.181391	0.526816
chr10	9357333	12966199	0.316120	0.126962	0.086212	0.271746
chr10	13054299	15808120	0.146922	0.045695	0.029334	0.108508
chr10	15828655	17491908	0.242490	0.099063	0.067019	0.159763
chr10	17505676	19244799	0.543286	0.259658	0.198643	0.394018
chr10	19251332	20097126	-0.146328	-0.081235	-0.052066	-0.113723
chr10	20097129	21734235	0.435789	0.157223	0.101341	0.334843
chr10	21787793	24740144	0.431394	0.167234	0.120460	0.386811
chr10	24848409	25846131	0.076994	0.035398	0.023877	0.065134
chr10	25853795	26612531	0.386338	0.207581	0.138889	0.292373
chr10	26658765	27162485	0.357651	0.187675	0.143239	0.250623
chr10	27163332	28571481	0.245186	0.075177	0.054026	0.168678
chr10	28602057	30493805	0.250987	0.133067	0.076746	0.214483
chr10	30497195	31118533	0.486582	0.162944	0.118013	0.391143
chr10	31120758	32632025	-0.001354	-0.000507	-0.000332	-0.000000
chr10	32650849	33456665	0.371554	0.215100	0.136495	0.309064
chr10	33461638	34067427	0.086338	0.035740	0.023961	0.069032
chr10	34117426	34801934	0.407589	0.189780	0.124316	0.321464
chr10	34827678	36297552	0.118130	0.033783	0.024281	0.084130
chr10	36306276	37252875	-0.103364	-0.060255	-0.039364	-0.082234
chr10	37253491	38900360	-0.081349	-0.027246	-0.017686	-0.074217
chr10	38900574	39270196	-0.108772	-0.047564	-0.031295	-0.093298
chr10	39270695	40210655	0.286298	0.125101	0.091524	0.253202
chr11	278594	3063951	0.203635	0.057583	0.039214	0.159232
chr11	3068219	3768896	0.305673	0.140575	0.098251	0.265950
chr11	3779548	4256205	0.057855	0.022929	0.015663	0.042723
chr11	4257266	4884602	0.030834	0.018996	0.010949	0.025194
chr11	4887186	5691241	0.191589	0.067778	0.048766	0.149181
chr11	5702214	6274134	-0.116270	-0.069515	-0.041487	-0.083818
chr11	6284539	7452965	0.354578	0.106391	0.080274	0.326402
chr11	7453019	7730688	0.220850	0.121105	0.072015	0.167604
chr11	7759256	8229599	0.352751	0.152938	0.110264	0.274630
chr11	8286840	8773369	0.152228	0.084609	0.059767	0.132472
chr11	8777106	9453598	-0.034884	-0.014577	-0.008086	-0.032197
chr11	9455640	10199065	0.077557	0.038319	0.024555	0.055204
chr11	10199116	10892072	0.407855	0.218211	0.137381	0.369189
chr11	10894025	11375656	0.385897	0.132405	0.105725	0.294275
chr11	11408643	12207300	0.128049	0.044025	0.029851	0.087379
chr11	12207886	13047483	0.472852	0.213928	0.120016	0.314164
chr11	13057757	13973126	0.090116	0.038446	0.023628	0.066239
chr11	13974205	14853575	0.459315	0.261585	0.167469	0.388001
chr11	14853641	15408427	0.024607	0.015253	0.008763	0.016720
chr11	15414598	16278141	0.256158	0.160000	0.094746	0.193548
chr11	16279100	17278212	0.332121	0.103423	0.074113	0.188926
chr11	17309835	18288145	0.290970	0.074098	0.057308	0.218543
chr11	18302416	21349924	0.477117	0.139851	0.098547	0.428571
chr11	21352337	23126363	0.296690	0.208921	0.119212	0.273962
chr11	23132370	25586169	0.173615	0.113599	0.059123	0.150404
chr11	25593292	27070831	0.479603	0.311530	0.184348	0.394537
chr11	27072396	28065691	0.314612	0.164032	0.112975	0.238232
chr11	28078438	28669676	0.305297	0.169461	0.110457	0.267583
chr11	28680131	29538405	0.356436	0.180870	0.133906	0.300000
chr11	29568076	30434953	0.035088	0.016206	0.010535	0.034576
chr11	30445360	31192672	0.281327	0.141495	0.087965	0.245719
chr11	31214729	31870974	0.254407	0.099515	0.071842	0.203984
chr11	31870980	32655001	0.262272	0.126124	0.078385	0.206174
chr11	32683684	33497147	0.495450	0.269221	0.194395	0.342130
chr11	33500329	34131965	0.462151	0.230718	0.150628	0.328922
chr11	34131966	34715069	0.502703	0.296324	0.194811	0.388122
chr11	34726337	35554122	0.352746	0.139342	0.094165	0.321323
chr11	35585518	36506980	0.130435	0.040940	0.028312	0.087154
chr11	36510776	37245073	-0.175209	-0.090110	-0.056164	-0.155665
chr11	37286051	38706691	0.269947	0.109480	0.078624	0.241814
chr12	2985888	4798856	0.631785	0.320414	0.207354	0.471026
chr12	4799984	7584126	0.370223	0.157015	0.100693	0.318328
chr12	7585916	9871505	-0.156681	-0.077693	-0.049806	-0.137941
chr12	9886853	12336519	0.216159	0.065073	0.043619	0.172049
chr12	12339826	14850529	0.497086	0.199632	0.148692	0.390544
chr12	14867227	16095041	0.502593	0.257248	0.176027	0.427995
chr12	16098352	17168058	0.475839	0.269652	0.175141	0.323291
chr12	17168374	18139771	0.022212	0.011991	0.007623	0.015287
chr12	18164107	19186986	0.697616	0.379005	0.271175	0.645161
chr12	19194491	20188989	0.458530	0.233838	0.146122	0.364323
chr12	20199294	21271463	-0.202778	-0.089079	-0.054161	-0.163972
chr12	21273814	22639672	0.337240	0.099419	0.079553	0.212773
chr12	22644854	23357313	0.384587	0.118608	0.084810	0.295487
chr12	23360488	23850372	0.379100	0.143851	0.099805	0.344485
chr12	23854817	24468496	0.686550	0.272137	0.190317	0.609674
chr12	24468510	25255373	0.280908	0.148330	0.074348	0.237454
chr12	25268843	25952910	-0.210505	-0.066709	-0.047706	-0.172641
chr12	25953514	26643089	0.187653	0.077783	0.051131	0.133572
chr12	26645159	27581790	0.169811	0.071558	0.051657	0.126034
chr12	27588800	29047374	0.317406	0.134666	0.094292	0.270821
chr12	29051019	29678121	0.071603	0.037639	0.022307	0.043764
chr12	29684215	30069843	0.203413	0.109865	0.068606	0.139601
chr12	30096724	30867456	-0.417848	-0.299283	-0.167223	-0.330040
chr12	30877783	31503391	0.366680	0.149852	0.103767	0.290323
chr12	31503502	31785152	-0.301267	-0.118210	-0.075361	-0.217029
chr12	31787910	32399721	0.195710	0.074910	0.056168	0.146881
chr12	32439644	33838266	0.125229	0.040894	0.028941	0.115697
chr13	624492	2072336	0.346249	0.139142	0.104961	0.256010
chr13	2118531	3200719	0.171806	0.035490	0.027915	0.139563
chr13	3204920	3852195	0.089621	0.044927	0.032557	0.071891
chr13	3854164	4548506	0.098746	0.036145	0.026484	0.083444
chr13	4553459	5354995	-0.256939	-0.086010	-0.055281	-0.204675
chr13	5364229	6211521	0.260274	0.062152	0.048948	0.188395
chr13	6215389	6942763	0.340837	0.166181	0.106965	0.309966
chr13	6952881	7890612	0.203953	0.066486	0.047344	0.195531
chr13	7898628	8490675	0.118630	0.049710	0.029627	0.097947
chr13	8492836	9408466	0.305732	0.117743	0.079173	0.254777
chr13	9409185	10705430	-0.140999	-0.049726	-0.033314	-0.107211
chr13	10705751	11746966	0.176289	0.070964	0.052192	0.134404
chr13	11747720	12234604	-0.040214	-0.019963	-0.014032	-0.027342
chr13	12237513	12828468	0.201818	0.065079	0.043989	0.163636
chr13	12855853	14170408	0.620765	0.198648	0.144211	0.539568
chr13	14170470	15456982	0.155027	0.096812	0.056193	0.142128
chr13	15468795	17335461	0.179068	0.078298	0.047531	0.150619
chr13	17359591	19783168	0.463738	0.208186	0.124944	0.355803
chr13	19790238	20454588	0.373020	0.255592	0.152263	0.280810
chr13	20468708	21531668	0.299697	0.159185	0.105572	0.202316
chr13	21541973	22595687	0.345979	0.141791	0.116878	0.330709
chr13	22694333	23597506	0.316195	0.197432	0.135224	0.244533
chr13	23599239	24264810	0.596221	0.348181	0.259085	0.525277
chr13	24265286	25156899	0.408037	0.194726	0.130370	0.324937
chr13	25186841	26567724	0.183943	0.071217	0.047295	0.153072
chr13	26587044	27609211	0.245582	0.119642	0.082495	0.219465
chr13	27609744	28077423	0.004827	0.002844	0.001859	-0.014475
chr13	28079383	28732067	-0.133240	-0.038834	-0.027022	-0.089967
chr13	28733121	29374554	-0.117141	-0.048176	-0.032240	-0.074570
chr13	29386133	30202505	0.162264	0.065086	0.045864	0.131588
chr13	30212438	31047485	-0.004835	-0.001918	-0.001414	0.004412
chr13	31078468	31874670	0.229562	0.127753	0.080256	0.195136
chr13	31874691	32726308	0.086518	0.038804	0.027605	0.081081
chr13	32748839	34010576	-0.286130	-0.077878	-0.056319	-0.281046
chr14	1670004	2504973	0.148964	0.062185	0.042274	0.121933
chr14	2506367	3802469	0.487562	0.174623	0.131522	0.397297
chr14	3813393	5218742	0.391955	0.213976	0.117923	0.342041
chr14	5231608	5703871	0.433860	0.251875	0.141385	0.332136
chr14	5706559	6698936	0.279597	0.106854	0.069558	0.223520
chr14	6705434	7777799	0.245614	0.111686	0.071966	0.224199
chr14	7780511	8902160	0.325626	0.110699	0.074762	0.292975
chr14	8909747	9496003	0.383065	0.191061	0.119197	0.278411
chr14	9497107	10515176	0.359898	0.153388	0.120051	0.274628
chr14	10519943	11287203	-0.097257	-0.030920	-0.022420	-0.045317
chr14	11293382	12583520	0.119502	0.043011	0.031837	0.087485
chr15	480496	1246672	0.375842	0.216167	0.123798	0.292760
chr15	1247717	2610787	-0.058574	-0.020909	-0.013206	-0.050784
chr15	2610985	3429201	-0.149660	-0.044077	-0.030580	-0.130898
chr15	3437559	4348773	0.258328	0.067777	0.051581	0.237658
chr15	4348932	5061392	0.121103	0.056196	0.041178	0.112894
chr15	5062490	5568340	0.302452	0.122381	0.086719	0.191027
chr15	5579278	5914888	0.126097	0.061348	0.041705	0.082954
chr15	5927815	6662196	0.081818	0.037961	0.025319	0.073270
chr15	6662742	7394853	0.105769	0.030598	0.024642	0.074153
chr15	7394879	8048012	0.314873	0.139742	0.095142	0.230769
chr15	8085390	9063408	0.556572	0.244027	0.186872	0.417769
chr15	9074987	9945924	0.406176	0.128263	0.093066	0.294118
chr15	9965479	11321205	0.334826	0.153333	0.108727	0.269937
chr15	11321259	12118744	0.411332	0.191864	0.133079	0.278216
chr15	12124448	12757924	0.428325	0.312868	0.218695	0.305313
chr16	678315	1547112	0.194705	0.061101	0.047195	0.160563
chr16	1547547	3637058	0.578870	0.173597	0.137325	0.489908
chr16	3760138	4536545	0.799860	0.414556	0.228798	0.732468
chr16	4659855	6537461	0.340965	0.089687	0.068557	0.291812
chr16	6544076	8508609	0.663396	0.219558	0.161990	0.543465
chr16	8518923	9274368	0.170213	0.079696	0.054135	0.158192
chr17	416232	846813	0.218645	0.089626	0.061750	0.185368
chr17	852115	1672076	0.255622	0.121769	0.082738	0.189919
chr17	1689183	2634875	0.382376	0.184791	0.114031	0.301115
chr17	2644737	3452652	0.238858	0.094568	0.061287	0.183532
chr17	3454988	4331600	0.235372	0.082508	0.057171	0.202367
chr17	4333217	5043830	0.254237	0.100299	0.073208	0.219738
chr17	5068075	6415271	0.598821	0.169985	0.119352	0.482024
chr17	6466662	7696056	0.296012	0.119111	0.075785	0.192807
chr18	808479	2467303	-0.005093	-0.002291	-0.001220	-0.020134
chr18	2581671	3806078	0.328144	0.140585	0.095382	0.250936
chr18	3810715	4586092	0.051310	0.025511	0.016957	0.041313
chr18	4596354	5428660	-0.068949	-0.024960	-0.017555	-0.045034
chr18	5443083	5890158	0.086026	0.067022	0.040713	0.070874
chr18	5950437	6913700	0.288835	0.120182	0.082562	0.242034
chr18	6915121	7902834	0.221393	0.079152	0.057518	0.156489
chr19	2123925	3367030	-0.031507	-0.014044	-0.008293	-0.023516
chr19	3367055	4250389	0.284578	0.133162	0.097864	0.289655
chr19	4267066	5625929	0.022901	0.008709	0.005339	0.010303
chr19	5634225	6638457	0.019876	0.006978	0.004671	0.009507
chr19	6638587	7257184	0.330126	0.168508	0.102140	0.232923
chr19	7277093	7898734	0.638694	0.280145	0.195248	0.483390
chr20	1035077	2123803	0.251722	0.144830	0.103245	0.193204
chr20	2167491	3018755	0.332136	0.140625	0.103313	0.265923
chr20	3039856	3876106	0.132689	0.052122	0.029457	0.109251
chr20	3986352	4996356	0.061487	0.015737	0.011113	0.048705
chr20	5000768	5914118	0.130276	0.049030	0.035782	0.102984
chr20	5925746	6825978	0.300744	0.156181	0.110031	0.254960
chr21	982570	1999314	0.107458	0.055513	0.035855	0.085849
chr21	2022121	3406835	0.148582	0.049459	0.034862	0.134701
chr21	3424783	5250905	0.415179	0.139386	0.109873	0.370477
chr21	5254011	6337744	0.241897	0.123724	0.077508	0.177921
chr22	619646	1306810	0.226394	0.088530	0.064787	0.187097
chr22	1365678	3409821	0.233838	0.071180	0.049384	0.175151
chr22	3440627	4411430	0.142971	0.056971	0.037064	0.112476
chr22	4427055	5580877	-0.028610	-0.008148	-0.005600	-0.039514
chr23	426005	1038244	0.003920	0.002096	0.001296	0.002927
chr23	1047113	2512104	0.010239	0.003059	0.002130	0.010823
chr24	597924	1587217	0.149660	0.052418	0.037545	0.121453
chrZ	562752	1017845	0.130162	0.048690	0.033669	0.081788
chrZ	1022520	3346970	-0.106618	-0.035827	-0.025824	-0.069720
chrZ	3427281	4126630	-0.180897	-0.079231	-0.054514	-0.138332
chrZ	4135637	4357810	-0.271413	-0.286279	-0.155521	-0.185104
chrZ	4357827	4426988	-0.169915	-0.567073	-0.187500	-0.092049
chrZ	4430974	4545413	-0.362341	-1.472561	-0.283784	-0.177919
chrZ	4545430	4625066	-0.346724	-0.554348	-0.218970	-0.218884
chrZ	4625143	5042612	-0.179283	-0.255973	-0.132509	-0.111663
chrZ	5042616	5490768	-0.153779	-0.246518	-0.106562	-0.095831
chrZ	5490820	6949791	-0.025116	-0.030269	-0.018659	-0.017187
chrZ	7010188	8968784	-0.177112	-0.191929	-0.117825	-0.092286
chrZ	8977687	9408592	0.022277	0.016206	0.009401	0.012670
chrZ	9408645	11173200	-0.067568	-0.050100	-0.029621	-0.054945
chrZ	11309122	14484912	0.160743	0.063549	0.038408	0.141655
chrZ	14484988	19173974	0.021682	0.012218	0.006591	0.015020
chrZ	19174013	23688607	-0.015398	-0.009027	-0.005729	-0.009278
chrZ	23688664	41559689	0.496910	0.178603	0.107052	0.415633
chrZ	41834191	80074839	0.408497	0.088789	0.063721	0.376000
