chr	windowStart	windowEnd	D	f_d	f_dM	d_f
chr1	1621011	2101322	0.132256	0.061495	0.036442	0.099924
chr1	2137859	3120531	-0.242456	-0.079917	-0.050792	-0.182825
chr1	3122449	4136245	0.096998	0.028463	0.017714	0.053239
chr1	4148940	5179403	0.090081	0.036113	0.022569	0.075879
chr1	5184462	5898767	-0.045794	-0.021934	-0.010913	-0.036732
chr1	5938863	6919112	0.082377	0.031932	0.016409	0.053127
chr1	6921519	7617865	0.487449	0.194162	0.121249	0.371605
chr1	7673973	8089212	0.248261	0.110957	0.067275	0.227729
chr1	8089313	8702128	0.134443	0.044833	0.032071	0.089905
chr1	8703843	10401227	-0.039329	-0.012811	-0.007607	-0.022222
chr1	10448706	13342804	0.247810	0.040150	0.029748	0.167197
chr1	13368772	14838371	-0.036671	-0.009160	-0.006001	-0.017615
chr1	14841341	16781309	-0.075254	-0.010512	-0.008340	-0.037067
chr1	16782255	17454993	-0.110799	-0.053562	-0.031151	-0.054646
chr1	17458557	21929288	0.342446	0.082296	0.052419	0.278689
chr1	21929402	23432720	-0.155000	-0.034494	-0.022643	-0.097301
chr1	23779709	24908620	0.090545	0.054592	0.028235	0.061502
chr1	24910824	25708125	-0.147028	-0.058624	-0.037121	-0.096819
chr1	25708133	27851990	-0.127623	-0.025955	-0.019077	-0.067469
chr1	27854087	29349809	0.262195	0.047445	0.033264	0.162274
chr1	29411135	31874320	-0.244686	-0.087626	-0.057394	-0.164288
chr1	31875515	32777709	-0.102521	-0.032843	-0.018706	-0.061184
chr1	32779605	34126026	0.304886	0.083460	0.062899	0.182905
chr1	34126037	36061417	0.020445	0.005995	0.003942	0.012186
chr1	36092610	37174142	0.067979	0.017927	0.011305	0.034675
chr1	37181560	38783090	0.005044	0.000766	0.000586	0.003115
chr1	38802810	40012517	0.296053	0.061273	0.047244	0.170455
chr1	40247902	41946468	-0.007049	-0.001804	-0.001202	-0.004670
chr1	41963264	44166500	0.134485	0.030532	0.021283	0.077200
chr1	44166514	47895919	0.044348	0.009454	0.006648	0.024580
chr1	47918552	49725204	-0.127358	-0.024129	-0.016311	-0.058527
chr1	49754462	51080777	0.276114	0.053535	0.040611	0.159865
chr1	51123551	52591050	-0.081081	-0.022081	-0.014952	-0.053770
chr1	52591072	53460902	-0.170075	-0.059615	-0.035046	-0.120645
chr1	53461563	54397303	-0.121316	-0.026649	-0.017882	-0.065312
chr1	54397306	55732360	-0.207129	-0.045725	-0.032638	-0.140751
chr1	55746670	56397660	-0.112782	-0.025000	-0.018390	-0.060729
chr1	56407271	57385386	0.589904	0.128174	0.099560	0.439932
chr1	57408988	58707652	-0.198967	-0.049742	-0.035485	-0.149967
chr1	58827343	59974978	-0.236783	-0.051102	-0.030659	-0.147802
chr1	60091444	60925178	0.066742	0.019075	0.012875	0.043607
chr1	60985247	62192375	0.095258	0.026194	0.014426	0.068540
chr1	62209033	63270711	-0.201114	-0.056625	-0.041649	-0.112752
chr1	63273511	64741702	-0.163767	-0.045255	-0.027933	-0.103860
chr1	64751526	66149538	-0.157635	-0.069679	-0.039851	-0.096823
chr1	66150979	67196314	0.143897	0.042159	0.027019	0.074213
chr1	67317485	69472667	-0.399588	-0.053606	-0.040857	-0.260753
chr1	69473069	70693266	-0.274317	-0.074019	-0.044472	-0.160026
chr1	70728454	72501928	-0.254274	-0.087389	-0.053580	-0.188189
chr1	72501973	73335975	0.071313	0.025766	0.013933	0.045738
chr1	73403590	74884992	0.001435	0.000445	0.000297	-0.009974
chr1	74911631	77424150	-0.166503	-0.030497	-0.021137	-0.108884
chr1	77430640	78624994	0.311862	0.129152	0.071084	0.191932
chr1	78625064	80104029	-0.013793	-0.004698	-0.003179	-0.009473
chr1	80139021	80906304	-0.130224	-0.058929	-0.034865	-0.103352
chr1	80912820	82806075	0.332812	0.064192	0.051348	0.267303
chr1	82809254	85235588	0.118850	0.019910	0.013407	0.056180
chr1	85258058	86559915	0.267034	0.044061	0.034116	0.120581
chr1	86621113	88028732	-0.092532	-0.023925	-0.016181	-0.070182
chr1	88029869	89054261	0.012939	0.002959	0.002223	0.018538
chr1	89060853	89768494	-0.050584	-0.011958	-0.007230	-0.032864
chr1	89770209	90330029	0.046354	0.017537	0.009646	0.031108
chr1	90348076	90846146	0.194494	0.041092	0.027816	0.134687
chr1	91058701	91765648	-0.177980	-0.035687	-0.020696	-0.134982
chr1	91768083	94180419	0.183241	0.032104	0.020384	0.106171
chr1	94203500	96017000	0.038996	0.009377	0.005319	0.023194
chr1	96135597	98143523	0.286538	0.064119	0.044304	0.168935
chr1	98280475	100691123	0.126298	0.027301	0.018786	0.091621
chr1	100742475	101916954	0.145967	0.030256	0.022762	0.084941
chr1	102054725	104754192	-0.366417	-0.078618	-0.045761	-0.222022
chr1	104800058	107484240	-0.050725	-0.008521	-0.005722	-0.025547
chr1	107484352	112108247	0.409384	0.097130	0.065600	0.275852
chr1	112204481	114072989	-0.319257	-0.075452	-0.050405	-0.236392
chr1	114089465	115140890	0.327697	0.074006	0.048457	0.197470
chr1	115153239	117540322	-0.277397	-0.030773	-0.022818	-0.134328
chr1	117547186	118634353	0.098495	0.033054	0.020348	0.057406
chr1	118646121	120165567	-0.120911	-0.034813	-0.019875	-0.066459
chr1	120299271	122011814	0.242087	0.042255	0.027458	0.134309
chr1	122050594	123019922	0.044910	0.015983	0.010227	0.038412
chr1	123029955	123946156	0.021858	0.010784	0.005904	0.020445
chr1	124127632	126178221	-0.092247	-0.023814	-0.015204	-0.061801
chr1	126203685	128953750	0.413291	0.100507	0.063078	0.290475
chr1	128994703	129722489	0.113932	0.046724	0.032219	0.058081
chr1	129733838	131831974	0.146077	0.049993	0.032808	0.102376
chr1	131839005	132673400	-0.063472	-0.019020	-0.010535	-0.036925
chr1	132686892	133283602	-0.068317	-0.039655	-0.022450	-0.045605
chr1	133283640	134229650	-0.155627	-0.100312	-0.043289	-0.088896
chr1	134233914	135329298	0.488060	0.206231	0.130066	0.352496
chr1	135381047	136325860	-0.061538	-0.020440	-0.012141	-0.034806
chr1	136332483	140474278	-0.180854	-0.037496	-0.025716	-0.130653
chr1	140483724	141634676	0.220355	0.067609	0.049732	0.146932
chr1	141634692	143106092	0.210884	0.060496	0.044646	0.163992
chr1	143156905	144122355	0.369682	0.096121	0.064838	0.180357
chr1	144122625	145256782	-0.082591	-0.021698	-0.015231	-0.044738
chr1	145270993	146117113	-0.201063	-0.064645	-0.043558	-0.139864
chr1	146128744	147424285	-0.063584	-0.015050	-0.008831	-0.043891
chr1	147432220	148835719	0.270358	0.053924	0.040054	0.134597
chr1	148854504	149937731	-0.007064	-0.001933	-0.001326	-0.005066
chr1	150064487	151603417	-0.036478	-0.008833	-0.006023	-0.023558
chr1	151659122	152301696	0.005924	0.002224	0.001335	-0.007983
chr1	152307141	155075137	0.085837	0.019169	0.011830	0.060491
chr1	155079395	156846389	-0.087895	-0.030117	-0.017540	-0.058168
chr1	156897350	158110285	-0.260553	-0.092252	-0.056283	-0.148767
chr1	158128905	159397579	0.109450	0.035037	0.024133	0.066618
chr1	159417666	160526028	-0.004860	-0.001291	-0.000879	-0.002977
chr1	160579965	168778351	-0.059465	-0.012816	-0.008190	-0.034556
chr1	168807446	170732124	-0.254446	-0.100849	-0.060970	-0.157119
chr1	170732143	171790359	0.030830	0.010961	0.006846	0.021369
chr1	171835349	176347659	-0.000510	-0.000163	-0.000105	-0.002582
chr1	176538238	181138836	0.247172	0.045177	0.031534	0.127517
chr1	181138903	182612541	0.165049	0.059014	0.037104	0.139541
chr1	182624502	183636516	0.204261	0.068224	0.040492	0.130050
chr1	183642322	184995091	0.218301	0.077892	0.058474	0.161101
chr1	185009583	185949631	0.005246	0.001456	0.001063	0.003561
chr1	185951631	187365301	0.045430	0.010018	0.007108	0.007716
chr1	187376122	188925538	-0.019521	-0.008857	-0.005336	-0.014075
chr1	188964076	190454389	-0.176042	-0.042384	-0.027477	-0.103502
chr1	190460339	192527129	0.117016	0.027512	0.018901	0.076396
chr1	192531029	194241075	0.020020	0.004613	0.003133	0.015736
chr1	194251291	195440082	-0.229630	-0.062341	-0.045579	-0.165775
chr1	195444083	197493657	0.062902	0.016572	0.009840	0.063762
chr1	197500096	199753750	-0.130575	-0.037148	-0.023277	-0.080000
chr1	199919922	202482029	0.013075	0.003093	0.002091	0.010952
chr1	202609993	203505913	-0.135436	-0.045012	-0.026902	-0.094978
chr1	203511887	204637902	0.014270	0.005664	0.003658	0.015482
chr1	204638001	205762054	-0.219355	-0.053059	-0.036290	-0.128804
chr1	205762802	207342900	0.040975	0.008615	0.006430	0.023433
chr1	207361590	208438708	0.099092	0.053369	0.032150	0.074689
chr1	208460013	209162213	-0.008972	-0.003924	-0.002600	-0.003159
chr1	209241963	210128961	0.310833	0.104454	0.071621	0.190860
chr1	210131287	210697635	0.116532	0.046197	0.030040	0.069062
chr1	210719129	212785084	0.325635	0.104942	0.069036	0.247412
chr1	212799670	214615878	0.058501	0.028878	0.017148	-0.004706
chr2	658373	2293895	0.331556	0.108744	0.067310	0.206121
chr2	2337122	3090760	0.405015	0.190391	0.124547	0.302581
chr2	3092676	4803881	0.234065	0.089270	0.058148	0.156026
chr2	4804764	5621600	-0.104035	-0.042319	-0.026934	-0.062762
chr2	5631421	6362475	0.041929	0.016415	0.010337	0.032258
chr2	6362802	7311267	0.129419	0.032114	0.021994	0.077198
chr2	7628820	9140869	0.047897	0.008687	0.005640	0.027986
chr2	9150991	11249113	-0.315924	-0.082097	-0.053009	-0.167205
chr2	11250817	14026764	0.209677	0.028684	0.020316	0.102110
chr2	14054352	16320524	-0.037467	-0.006239	-0.004299	-0.022461
chr2	16333491	18124105	-0.191327	-0.047051	-0.028428	-0.117739
chr2	18124147	20130575	0.144974	0.032167	0.019552	0.103396
chr2	20258815	22549149	0.073537	0.018855	0.011820	0.055345
chr2	22549429	24173038	0.200789	0.042455	0.028513	0.156379
chr2	24173053	25752105	-0.043519	-0.010740	-0.007328	-0.026651
chr2	25752537	27167408	-0.048658	-0.014040	-0.010602	-0.034713
chr2	27170682	27869413	0.493997	0.180416	0.111636	0.383500
chr2	27896961	30777543	-0.149203	-0.033500	-0.021504	-0.072368
chr2	30778788	32336360	0.101456	0.028015	0.018026	0.071492
chr2	32374610	33752150	0.297575	0.081722	0.054004	0.194750
chr2	33832044	35151946	0.380676	0.121680	0.071990	0.218874
chr2	35316505	36437365	0.050086	0.012885	0.008603	0.029805
chr2	36437554	36944690	0.205714	0.065494	0.043194	0.118056
chr2	36947349	37721429	0.377330	0.138755	0.088566	0.231387
chr2	37726773	38644151	-0.188521	-0.098705	-0.047714	-0.135346
chr2	38661624	39457082	0.144307	0.057971	0.039102	0.089116
chr2	39458489	40786019	-0.080348	-0.024329	-0.014928	-0.042484
chr2	40895640	42208012	0.227780	0.044637	0.031732	0.157753
chr2	42210264	43389489	0.290664	0.109659	0.072154	0.220270
chr2	43395590	45011489	-0.003831	-0.000877	-0.000589	-0.002972
chr2	45169106	46551878	-0.010319	-0.002681	-0.001940	-0.010660
chr2	46574034	47988289	0.286223	0.086566	0.051000	0.204584
chr2	47997534	48769325	0.218920	0.083633	0.055416	0.144201
chr2	48798871	49605314	0.428997	0.216086	0.135321	0.339516
chr2	49624618	50633339	0.373458	0.132970	0.095714	0.287505
chr2	50752279	51590523	0.195689	0.060294	0.042942	0.117415
chr2	51605416	52417283	-0.246187	-0.102559	-0.068080	-0.175411
chr2	52424680	53256316	-0.119683	-0.038346	-0.025370	-0.082369
chr2	53258278	54597553	0.437557	0.132086	0.090310	0.263187
chr2	54600424	56090383	0.175854	0.050370	0.035443	0.103606
chr2	56111228	57349422	-0.034921	-0.005593	-0.003965	-0.021654
chr2	57375551	58178008	0.209974	0.062394	0.044293	0.147059
chr2	58248488	61572108	-0.075547	-0.011505	-0.007772	-0.034422
chr2	61655167	64912272	0.450966	0.082840	0.058056	0.409889
chr2	64989829	66471164	0.363425	0.071494	0.044495	0.234186
chr2	66503442	67160449	-0.393218	-0.138895	-0.077875	-0.214680
chr2	67160540	68739348	-0.273343	-0.059082	-0.038404	-0.176395
chr2	68796223	70226236	0.291559	0.050223	0.037578	0.196597
chr2	70257843	71270875	-0.180479	-0.047611	-0.025435	-0.097778
chr2	71285237	72553164	0.076644	0.013998	0.009769	0.040625
chr2	72558443	74324269	0.041479	0.007750	0.005859	0.036537
chr2	74324692	75100459	0.374662	0.107642	0.071465	0.247774
chr2	75112597	76758854	0.006962	0.001854	0.001325	0.004905
chr2	76758916	78450532	0.036190	0.009148	0.005847	-0.007784
chr2	78450595	83855731	0.099353	0.026393	0.018197	0.077655
chr2	83857401	86020683	-0.065918	-0.020931	-0.013663	-0.043668
chr2	86027047	87723158	0.224710	0.057385	0.041280	0.191249
chr2	87725902	90053600	-0.054554	-0.012292	-0.008338	-0.042446
chr2	90061029	92889273	0.176471	0.051519	0.034586	0.091748
chr2	92892509	94377683	-0.320369	-0.143573	-0.065125	-0.207690
chr2	94378700	95546397	-0.085640	-0.043181	-0.024146	-0.072705
chr2	95546696	98721775	0.063507	0.010627	0.006372	0.032301
chr2	98736359	100131316	0.208735	0.046712	0.030509	0.138511
chr2	100179925	101299701	-0.025516	-0.005472	-0.003733	-0.006077
chr2	101318601	103704894	-0.021066	-0.004031	-0.002799	-0.013677
chr2	103738693	108112142	0.477533	0.103059	0.069459	0.349179
chr2	108112309	108910229	0.102730	0.043132	0.026860	0.075826
chr2	108930271	110336385	-0.151313	-0.038867	-0.024228	-0.115736
chr2	110494357	111718700	0.133369	0.039747	0.028984	0.071491
chr2	111737789	113289650	0.248344	0.094340	0.059172	0.144509
chr2	113289698	114287252	0.321622	0.099291	0.063662	0.204013
chr2	114337205	115133710	-0.077970	-0.016747	-0.010998	-0.049443
chr2	115201193	115677066	-0.289737	-0.130828	-0.071385	-0.182643
chr2	115683791	117158035	-0.324138	-0.118319	-0.068421	-0.155306
chr2	117170453	118300762	-0.039827	-0.014055	-0.008855	-0.026611
chr2	118319683	119783071	-0.059874	-0.011479	-0.007478	-0.030271
chr2	119847174	122621454	0.009289	0.002979	0.001829	0.006017
chr2	122624238	124918076	-0.030916	-0.004595	-0.003156	-0.070661
chr2	124918475	126373995	0.297170	0.083994	0.049783	0.206829
chr2	126416878	128205136	-0.043129	-0.009914	-0.006781	-0.028086
chr2	128314851	129315973	0.233755	0.079558	0.051805	0.141762
chr2	129316615	131151572	-0.152656	-0.031464	-0.020798	-0.086093
chr2	131428030	132433167	-0.273275	-0.074311	-0.043129	-0.174537
chr2	132434948	133782821	-0.193975	-0.064895	-0.045256	-0.133020
chr2	133784258	135452083	0.358065	0.104046	0.072344	0.217699
chr2	135453062	137699413	0.200193	0.063012	0.044590	0.133161
chr2	137752557	138341977	-0.251373	-0.078927	-0.050940	-0.108707
chr2	138357424	138937698	-0.119048	-0.035275	-0.025472	-0.053966
chr2	138937804	140571858	-0.160677	-0.024691	-0.018159	-0.064982
chr2	140630888	142268432	0.168556	0.022646	0.017857	0.123332
chr2	142273083	144321217	0.015289	0.003798	0.002369	0.007640
chr2	144328511	148821106	0.325930	0.069435	0.048194	0.200000
chr2	148875895	149726442	-0.040337	-0.009646	-0.006606	-0.019269
chr2	149754265	151092590	-0.151076	-0.041824	-0.029452	-0.130409
chr2	151094622	151779226	0.290829	0.116081	0.070760	0.199871
chr2	151784550	152674817	0.177858	0.055344	0.036216	0.130146
chr2	152679631	153575322	0.469842	0.143192	0.086388	0.415562
chr2	153611238	154636898	-0.025775	-0.007986	-0.005008	-0.020061
chr2	154652868	155835612	0.074736	0.034127	0.022677	0.058959
chr2	155835615	156678985	-0.056583	-0.028882	-0.015776	-0.034483
chr2	156759666	159415011	-0.069767	-0.027466	-0.015911	-0.053741
chr2	159443178	160730814	-0.023016	-0.006608	-0.004642	-0.024769
chr2	160732064	162879084	-0.097463	-0.047066	-0.024802	-0.071921
chr2	163005784	164620236	-0.167573	-0.059060	-0.036904	-0.138484
chr3	4419569	7578945	0.021641	0.002586	0.001976	0.016531
chr3	7620196	10318407	-0.073083	-0.018193	-0.012043	-0.058229
chr3	10342622	12698539	-0.075028	-0.010380	-0.007246	-0.053632
chr3	12904517	14228869	0.394937	0.113952	0.076197	0.267581
chr3	14269451	15773927	-0.045235	-0.011086	-0.007907	-0.034552
chr3	15777195	17684434	0.102523	0.019505	0.014225	0.054065
chr3	17793138	20312432	0.090126	0.007968	0.006367	0.051790
chr3	20772238	22733321	0.191898	0.026584	0.018882	0.113350
chr3	22744826	23745036	-0.096668	-0.034560	-0.022538	-0.055609
chr3	23750825	24626989	0.377957	0.082627	0.058548	0.274836
chr3	24656681	25514958	-0.108393	-0.036725	-0.026967	-0.055908
chr3	25558784	26500600	0.029575	0.008864	0.005764	0.013205
chr3	26502803	27901673	0.073509	0.025554	0.015579	0.057051
chr3	27913291	29405228	-0.080854	-0.021803	-0.014199	-0.063391
chr3	29421891	30557000	0.315764	0.089736	0.056814	0.216705
chr3	30567479	31747695	0.403957	0.094222	0.061869	0.287053
chr3	31748328	33443762	0.354283	0.091731	0.068522	0.196229
chr3	33444052	34359697	0.089388	0.025555	0.016650	0.051802
chr3	34378048	35214059	-0.142278	-0.038983	-0.024038	-0.095810
chr3	35233272	36248491	-0.134743	-0.057990	-0.036644	-0.093207
chr3	36248504	39471968	0.076445	0.010055	0.008085	0.056343
chr3	39471971	41319441	-0.058739	-0.018600	-0.012160	-0.033579
chr3	41335669	43343254	0.318196	0.097556	0.071211	0.175768
chr3	43344671	43965297	-0.010549	-0.003872	-0.002285	-0.005066
chr3	44086713	45058322	0.155578	0.042565	0.028939	0.098765
chr3	45059121	45701911	0.278058	0.114995	0.073393	0.223027
chr3	45706353	47203317	0.008610	0.002568	0.001691	0.005447
chr3	47203338	48075782	0.069912	0.029489	0.017847	0.053668
chr3	48075834	49586416	-0.267366	-0.094925	-0.053372	-0.169895
chr3	49625745	50963920	0.158261	0.052713	0.030404	0.123139
chr3	50972047	51804805	0.604986	0.207399	0.156049	0.502102
chr3	51811788	52124806	0.154988	0.119176	0.059796	0.106335
chr3	52156195	53314654	0.059396	0.023172	0.015645	0.039360
chr3	53328611	54150710	0.246982	0.091596	0.062528	0.149741
chr3	54208460	54955858	0.481481	0.147706	0.107324	0.318267
chr3	54983096	56016529	0.197559	0.082089	0.052832	0.122787
chr3	56032591	56880270	0.453306	0.161722	0.118033	0.234403
chr3	56882486	57462222	0.160920	0.051651	0.032926	0.094488
chr3	57487457	57786249	0.027176	0.013412	0.007769	0.023055
chr3	57786436	58620862	-0.140720	-0.045417	-0.032215	-0.122948
chr3	58621755	61317105	-0.203774	-0.022447	-0.017658	-0.127962
chr3	61317769	63142794	-0.112159	-0.019791	-0.014134	-0.062757
chr3	63174973	63978563	0.057821	0.019439	0.012294	0.041118
chr3	63980512	64798311	-0.182017	-0.050642	-0.035390	-0.116115
chr3	64798357	66765003	0.096396	0.025666	0.016670	0.076593
chr3	66790441	67743550	-0.125693	-0.037631	-0.023062	-0.085374
chr3	67743702	69053362	-0.122581	-0.035040	-0.021409	-0.083757
chr3	69085021	70974213	0.045946	0.011617	0.007392	0.034358
chr3	71015235	73111672	-0.397219	-0.092614	-0.057954	-0.272476
chr3	73111684	75310353	0.049677	0.012922	0.007928	0.034317
chr3	75313222	76197152	-0.218293	-0.085741	-0.053731	-0.151060
chr3	76197167	77559311	-0.175776	-0.039306	-0.025051	-0.095770
chr3	77652134	80294224	-0.022354	-0.005332	-0.003331	-0.013749
chr3	80298993	81646107	-0.193345	-0.042298	-0.028503	-0.123815
chr3	81713363	84159434	0.000000	0.000000	0.000000	-0.005714
chr3	84171288	84906020	-0.070688	-0.030006	-0.016807	-0.038058
chr3	84909825	86709663	-0.072299	-0.017484	-0.011120	-0.075521
chr3	86758786	88110561	0.170564	0.036123	0.024320	0.079031
chr3	88112364	90028716	0.113086	0.025725	0.017297	0.076448
chr3	90032906	92414111	0.411713	0.083853	0.059594	0.314677
chr3	92425202	93339067	0.071237	0.042172	0.023157	0.059853
chr3	93560788	98113706	0.342956	0.079071	0.057858	0.242402
chr3	98113728	99689126	-0.045752	-0.011043	-0.008397	-0.032613
chr3	99725283	102994820	-0.015056	-0.002598	-0.002028	-0.007308
chr3	102995043	105942048	-0.352860	-0.055348	-0.041122	-0.243092
chr3	105952846	107585524	0.466516	0.118445	0.079727	0.403121
chr3	107606960	108904329	-0.076158	-0.017781	-0.012238	-0.061239
chr3	108942586	111623709	0.217485	0.044740	0.030078	0.160698
chr3	111624730	113023673	0.078831	0.041147	0.023620	0.055523
chr3	113035722	114046937	0.139340	0.042828	0.029370	0.087338
chr3	114071503	114903002	-0.092200	-0.042675	-0.025073	-0.069847
chr3	114906804	116056380	0.161401	0.059895	0.037008	0.121799
chr3	116078819	116822491	0.383182	0.127438	0.098470	0.306207
chr3	116840922	117549780	0.188119	0.044108	0.031838	0.104497
chr3	117549786	118749476	-0.096220	-0.043956	-0.023532	-0.063885
chr3	118751567	119885670	0.204152	0.076342	0.051171	0.152364
chr3	119914157	121644110	0.484714	0.142158	0.097365	0.308563
chr3	121644188	122536790	0.005011	0.001826	0.001212	-0.010736
chr3	122536889	123503211	-0.200878	-0.084801	-0.049453	-0.146593
chr3	123536078	124711563	-0.114894	-0.056373	-0.030469	-0.098439
chr4	2172767	5392794	0.215973	0.051825	0.036573	0.133946
chr4	5392861	7397694	0.240098	0.052351	0.036514	0.136049
chr4	7397832	9730332	-0.023523	-0.005688	-0.003635	-0.016949
chr4	9730445	10894629	0.037435	0.015436	0.011161	0.026404
chr4	10897246	13011345	-0.025951	-0.005189	-0.003664	-0.017780
chr4	13012504	13781640	0.161021	0.077988	0.039523	0.117887
chr4	13792410	15426450	0.181004	0.042018	0.030042	0.132720
chr4	15453994	16572526	0.068407	0.023204	0.013939	0.060313
chr4	16579333	17901484	0.113784	0.027710	0.020025	0.076303
chr4	17902321	20571031	0.325659	0.064902	0.046628	0.214263
chr4	20638364	21648732	0.064458	0.016493	0.011090	0.033804
chr4	21679714	22526084	0.056788	0.021094	0.012874	0.049571
chr4	22529947	24446144	-0.286822	-0.056539	-0.029693	-0.116719
chr4	24456133	26109599	-0.241080	-0.072474	-0.046760	-0.136465
chr4	26132269	28350030	-0.313905	-0.074063	-0.049410	-0.245333
chr4	28860145	29702625	0.256035	0.084256	0.060770	0.148661
chr4	29715840	30998750	0.258247	0.076449	0.051506	0.176401
chr4	31067508	32816868	-0.199946	-0.062342	-0.038350	-0.118323
chr4	32820331	34286042	-0.123448	-0.028052	-0.018884	-0.059643
chr4	34307427	36185224	-0.088505	-0.024264	-0.015289	-0.071070
chr4	36211628	40718919	-0.175620	-0.046647	-0.027467	-0.129062
chr4	40719530	41688357	0.008564	0.003398	0.002187	-0.001366
chr4	41691811	43636701	-0.109388	-0.016961	-0.012572	-0.077014
chr4	43798682	46713043	0.050778	0.014376	0.009876	0.039561
chr4	46777814	47819820	-0.288136	-0.111080	-0.060358	-0.245556
chr4	47822376	49544497	-0.492073	-0.103694	-0.054314	-0.288196
chr4	49554520	51543948	0.018737	0.002476	0.001599	0.001214
chr4	51584030	53632395	0.174725	0.048045	0.032868	0.123603
chr4	53817911	56357032	0.160577	0.027498	0.020002	0.074892
chr4	56358324	57368723	0.099752	0.025417	0.017022	0.036805
chr4	57439191	60018028	-0.087248	-0.017971	-0.012977	-0.052462
chr4	60080008	60795153	0.006643	0.002162	0.001167	0.006366
chr4	60814440	64180314	0.120482	0.023038	0.015423	0.058824
chr4	64189391	66341031	0.062867	0.014840	0.010359	0.050882
chr4	66350867	68609779	0.047374	0.011201	0.007782	-0.008738
chr4	68664331	69962181	-0.059344	-0.026555	-0.014996	-0.050392
chr4	69988300	70729082	0.328013	0.118495	0.069152	0.227236
chr4	70763479	71734585	0.040206	0.013737	0.008675	0.024018
chr4	71768857	74111147	-0.354118	-0.136487	-0.074284	-0.222806
chr4	74125904	75950303	0.161404	0.066109	0.035110	0.098367
chr4	75953914	77383598	0.230594	0.056942	0.040171	0.113973
chr4	77420591	79950197	0.286761	0.109888	0.067275	0.193022
chr4	79954790	81385332	0.113848	0.033523	0.024597	0.069824
chr5	925271	1963920	0.073511	0.029029	0.019466	0.035294
chr5	2010355	2673193	0.378919	0.173001	0.103560	0.216559
chr5	2673328	3398679	-0.170306	-0.058887	-0.037118	-0.117318
chr5	3400848	3818711	-0.063948	-0.037560	-0.020699	-0.054857
chr5	3818940	4426113	-0.060719	-0.027042	-0.017136	-0.030154
chr5	4444298	5435070	0.012443	0.003508	0.002369	0.006837
chr5	5437573	6334334	-0.017196	-0.005151	-0.003094	-0.012552
chr5	6405198	7217080	0.098516	0.031357	0.023970	0.057070
chr5	7304227	8271831	-0.081181	-0.036990	-0.020542	-0.046536
chr5	8290150	8757862	0.336893	0.125679	0.079007	0.230259
chr5	8777072	9520226	0.105407	0.023607	0.016458	0.067456
chr5	9526730	10412495	0.094450	0.028404	0.021174	0.055556
chr5	10433670	11754406	-0.011246	-0.002710	-0.001826	-0.011466
chr5	11773919	12575017	0.079978	0.025641	0.018326	0.039663
chr5	12607928	13425106	-0.204409	-0.064496	-0.043143	-0.122056
chr5	13429083	14255483	-0.103345	-0.031601	-0.020304	-0.082648
chr5	14258944	15003806	0.206946	0.089231	0.050523	0.123609
chr5	15015555	15793016	0.375000	0.096367	0.067430	0.213103
chr5	15820188	16656272	-0.157369	-0.038869	-0.027142	-0.104851
chr5	16680442	19004111	0.253703	0.050066	0.035341	0.127484
chr5	19011323	22366697	0.070996	0.019545	0.011587	0.050983
chr5	22370475	24084890	0.038149	0.007771	0.005548	0.036562
chr5	24168842	25681310	0.167547	0.033043	0.022893	0.103592
chr5	25815694	28362271	-0.181186	-0.028267	-0.018350	-0.128115
chr5	28362880	30389991	0.014774	0.002963	0.001952	0.017192
chr5	30408111	32417975	-0.047715	-0.008415	-0.005941	-0.032657
chr5	32640994	36647655	-0.191876	-0.024306	-0.015012	-0.080722
chr5	36649767	39181653	-0.041415	-0.008261	-0.005612	-0.026464
chr5	39200868	41612189	-0.146423	-0.026703	-0.019862	-0.091336
chr5	41650829	43893693	-0.264257	-0.034254	-0.024028	-0.224643
chr5	43905270	47681880	0.099628	0.020655	0.015019	0.070654
chr5	47720569	49027393	-0.198177	-0.048344	-0.030668	-0.131437
chr5	49040765	51737761	0.174349	0.043001	0.028540	0.129195
chr5	51740009	53606231	0.223332	0.028635	0.019779	0.136700
chr5	53606309	57202906	-0.221106	-0.019143	-0.015506	-0.132758
chr5	57209188	59018931	0.092339	0.021656	0.015753	0.083443
chr5	59034516	60616413	-0.022068	-0.005194	-0.003301	-0.013293
chr5	60623225	61790451	-0.092937	-0.038932	-0.023946	-0.057636
chr5	61826227	63599364	0.136467	0.023813	0.018132	0.063069
chr5	63601033	64954929	0.006149	0.003262	0.001907	0.004915
chr5	64961382	66088471	0.140638	0.052905	0.038044	0.095489
chr5	66088507	67282087	0.246637	0.065732	0.047754	0.177056
chr5	67283710	68248200	0.157788	0.064630	0.040062	0.112066
chr5	68260984	69278591	-0.072638	-0.022319	-0.015246	-0.028169
chr5	69312827	70042396	0.335294	0.124318	0.076759	0.217143
chr6	279889	1195131	0.201621	0.064736	0.044183	0.135836
chr6	1228714	2208390	0.008251	0.002314	0.001529	0.005848
chr6	2237322	3631204	0.291667	0.099136	0.064893	0.222313
chr6	3641427	5031006	0.042763	0.014977	0.009285	0.025329
chr6	5064456	5706207	0.332526	0.095645	0.068284	0.193514
chr6	5735899	6309252	0.276074	0.115412	0.076248	0.176070
chr6	6478278	7905151	-0.057057	-0.023938	-0.014826	-0.042155
chr6	7909823	8867454	0.277441	0.100040	0.060175	0.198109
chr6	8903734	9418939	-0.015091	-0.006397	-0.004126	-0.007082
chr6	9432897	10508929	0.174117	0.054628	0.033541	0.135475
chr6	10515729	11247278	-0.185376	-0.111701	-0.061339	-0.116771
chr6	11303282	11772448	-0.013815	-0.005354	-0.003252	-0.018519
chr6	11862717	12639413	-0.355388	-0.121604	-0.077638	-0.238730
chr6	12654573	14025452	0.060086	0.008662	0.006388	0.039735
chr6	14025527	14933907	-0.161258	-0.044874	-0.030822	-0.114622
chr6	14988697	16125002	-0.239015	-0.074131	-0.051193	-0.183075
chr6	16165364	18716749	0.218000	0.042537	0.030670	0.121343
chr6	18721706	19845265	0.043538	0.015781	0.008652	0.041391
chr6	19869228	20906049	0.166586	0.049185	0.030183	0.128358
chr6	20906114	22841373	0.323810	0.089929	0.055701	0.279560
chr6	22849813	24772999	0.080785	0.022385	0.015687	0.052789
chr6	24787432	25808730	-0.053087	-0.012213	-0.008479	-0.028553
chr6	25842982	26904489	-0.028882	-0.009852	-0.005848	-0.021069
chr6	26905539	32262425	-0.057084	-0.006055	-0.004739	-0.036232
chr6	32302311	37322498	-0.042373	-0.004090	-0.003338	-0.024046
chr6	37482863	39554584	0.148249	0.030979	0.020944	0.093740
chr6	39588392	40637335	0.279315	0.066972	0.044949	0.193950
chr6	40637350	41431996	0.286709	0.072883	0.053813	0.161489
chr6	41449928	41918777	0.560418	0.240812	0.171930	0.326428
chr6	41944239	42574215	-0.223514	-0.119091	-0.055496	-0.171484
chr6	42586848	43964897	0.021828	0.004991	0.003387	0.012490
chr6	43990074	44942767	0.189895	0.042046	0.032671	0.108709
chr6	44961249	45499159	0.264625	0.124946	0.070649	0.176471
chr6	45499183	45831569	0.124587	0.062522	0.038741	0.082655
chr6	45843947	46956896	0.120781	0.029050	0.019887	0.100326
chr6	46993200	47561031	-0.277612	-0.114509	-0.070812	-0.187500
chr6	47573625	48119282	-0.117140	-0.035184	-0.024363	-0.080404
chr6	48120495	48372210	0.079409	0.042427	0.026766	0.056579
chr6	48374708	49115092	0.330797	0.095453	0.072330	0.235126
chr6	49167166	50035288	0.223786	0.047502	0.033260	0.144152
chr6	50094528	50968526	0.070866	0.025090	0.014860	0.025400
chr6	51020006	51667988	-0.081305	-0.037258	-0.022174	-0.037806
chr6	51686386	52454650	0.324557	0.103759	0.068916	0.222950
chr7	123634	733058	0.031234	0.010727	0.006951	0.018960
chr7	768708	1509769	0.280390	0.138142	0.088022	0.181401
chr7	1516903	2293393	-0.157785	-0.071513	-0.041927	-0.105383
chr7	2300369	3241747	0.345133	0.119223	0.086015	0.265731
chr7	3253390	3940044	0.240310	0.078143	0.046445	0.163366
chr7	3940621	4688979	0.094178	0.029826	0.018741	0.021120
chr7	4694541	5451017	-0.078915	-0.045486	-0.025289	-0.054165
chr7	5479057	6154225	-0.117618	-0.040450	-0.028905	-0.080154
chr7	6158964	7681105	-0.132898	-0.054452	-0.032695	-0.079531
chr7	7681376	8607186	-0.109628	-0.045689	-0.021989	-0.076209
chr7	8615934	9220158	0.289000	0.081592	0.055929	0.194481
chr7	9221728	9887855	0.068349	0.027516	0.016903	0.042602
chr7	9933451	11497278	-0.468522	-0.101623	-0.060277	-0.309244
chr7	11497631	13387375	-0.151115	-0.036017	-0.019822	-0.092181
chr7	13452380	15530176	0.037140	0.007019	0.004890	0.024637
chr7	15603083	19320511	0.017231	0.002939	0.002001	0.012821
chr7	19322891	22360974	0.208184	0.034891	0.025800	0.118413
chr7	22368567	27576273	-0.068935	-0.008968	-0.006421	-0.050869
chr7	27852442	31024180	-0.204956	-0.024441	-0.017477	-0.123330
chr7	31247319	33775995	0.112297	0.017682	0.013103	0.077723
chr7	33877989	34566299	0.071968	0.018776	0.012475	0.041503
chr7	34568405	35034862	-0.283613	-0.093248	-0.060416	-0.163224
chr7	35097097	36139460	0.289332	0.112710	0.069243	0.219528
chr7	36144798	37109571	-0.083212	-0.023303	-0.015629	-0.059145
chr7	37199228	38233220	-0.059935	-0.015406	-0.010813	-0.026949
chr7	38255928	40638421	-0.017762	-0.002713	-0.001760	-0.013072
chr7	40651148	41018956	0.475565	0.181855	0.130047	0.309533
chr7	41022820	41719755	0.116730	0.040256	0.026568	0.073993
chr7	41735678	42554603	0.535187	0.193359	0.132371	0.474363
chr7	42567877	43637504	-0.070588	-0.018405	-0.012849	-0.030579
chr7	43649075	44494700	0.038007	0.012666	0.008178	0.026980
chr7	44511118	45368427	0.598624	0.150119	0.104573	0.368494
chr7	45395783	45745237	0.201533	0.069959	0.046863	0.140876
chr7	45746731	46641072	0.474986	0.104871	0.075863	0.322759
chr7	46649191	47017682	-0.000959	-0.000668	-0.000319	-0.000613
chr8	282266	930923	0.079319	0.040367	0.028906	0.033715
chr8	931193	1675948	0.175892	0.055469	0.038996	0.118410
chr8	1682395	2316042	0.217678	0.060964	0.043662	0.116766
chr8	2368595	2800702	-0.484507	-0.203390	-0.116676	-0.338583
chr8	2801290	3236509	-0.068633	-0.032641	-0.018078	-0.038909
chr8	3241335	4180026	-0.028029	-0.007695	-0.005283	-0.020736
chr8	4187749	4730220	-0.025340	-0.005433	-0.003997	-0.014371
chr8	4731963	5247274	-0.022328	-0.008552	-0.004875	0.009283
chr8	5248201	5654843	0.038516	0.017755	0.010613	0.022957
chr8	5667608	6178524	0.099439	0.033795	0.020681	0.067126
chr8	6181416	6567996	0.099799	0.038631	0.024141	0.060056
chr8	6569479	7103123	0.236334	0.091316	0.059519	0.134085
chr8	7112596	7446726	0.202263	0.091354	0.057315	0.119635
chr8	7509156	8112797	-0.123792	-0.042459	-0.028986	-0.091181
chr8	8113080	8543644	0.063604	0.024856	0.014597	0.033679
chr8	8553365	9431365	0.163620	0.065809	0.037570	0.121602
chr8	9447923	10283358	-0.123038	-0.044850	-0.025523	-0.072698
chr8	10289915	12750249	-0.316467	-0.058369	-0.039643	-0.219668
chr8	12786150	13754216	0.009232	0.002889	0.001888	0.006536
chr8	13754421	16049040	0.049220	0.009561	0.007372	0.054648
chr8	16072794	18109267	0.045664	0.010532	0.007158	0.039551
chr8	18110118	22601552	-0.091584	-0.013068	-0.009452	-0.070076
chr8	22658928	26861365	-0.245293	-0.024996	-0.019650	-0.143023
chr8	26986128	29817850	0.062312	0.009164	0.006011	0.041499
chr8	29821112	31101602	-0.199122	-0.054382	-0.032579	-0.116364
chr8	31101603	32273867	0.135184	0.030144	0.019991	0.093645
chr8	32302782	33763337	-0.307014	-0.074243	-0.045202	-0.221180
chr8	33764350	34257757	-0.183575	-0.077114	-0.044770	-0.122776
chr8	34265983	35033010	-0.286085	-0.110288	-0.062914	-0.176886
chr8	35044471	35733764	-0.071166	-0.018354	-0.012507	-0.042963
chr8	35733824	36128872	-0.086428	-0.049143	-0.021326	-0.062439
chr8	36167319	36907091	-0.067701	-0.020147	-0.012212	-0.028886
chr8	36944908	37513335	0.311950	0.108317	0.062996	0.236008
chr8	37514504	38512148	-0.298278	-0.068605	-0.041025	-0.203845
chr8	38513484	39120286	-0.167426	-0.075096	-0.033816	-0.106909
chr8	39127829	40087627	-0.129207	-0.041162	-0.025119	-0.092177
chr8	40087728	40411972	0.048343	0.021200	0.013252	0.023322
chr8	40412039	40882675	-0.097260	-0.043709	-0.026665	-0.056793
chr8	40884353	41316523	0.464629	0.194694	0.120267	0.322034
chr8	41343861	41887613	0.160827	0.090003	0.043627	0.126036
chr8	41890751	42889549	0.388339	0.142294	0.081078	0.233254
chr8	42889709	43445654	0.098471	0.051079	0.027470	0.057112
chr9	883994	2523239	0.221912	0.060330	0.037826	0.160016
chr9	2535723	3327724	-0.059546	-0.025812	-0.016511	-0.034930
chr9	3365838	3890551	-0.032707	-0.015504	-0.008085	-0.019766
chr9	3891191	4268554	-0.152812	-0.075438	-0.041904	-0.092661
chr9	4310236	4882107	0.398673	0.074028	0.054475	0.232501
chr9	4899792	5843301	0.046069	0.017373	0.011729	0.030904
chr9	5845789	7070297	-0.162581	-0.069819	-0.040650	-0.118467
chr9	7070433	10118480	-0.347607	-0.067132	-0.038387	-0.220497
chr9	10128335	10685490	-0.213707	-0.087455	-0.040225	-0.153743
chr9	10687447	11204058	0.204657	0.117632	0.069453	0.123547
chr9	11207443	11935184	-0.371866	-0.109727	-0.062555	-0.264471
chr9	11953986	12831119	-0.218655	-0.057129	-0.034303	-0.148499
chr9	12831417	13709725	0.098501	0.023687	0.014171	0.060096
chr9	13710687	14237714	0.038662	0.013202	0.007690	0.032005
chr9	14243466	15956952	0.551589	0.163907	0.121453	0.411765
chr9	15958909	17074602	-0.030559	-0.004814	-0.003767	-0.015609
chr9	17108395	19410002	-0.211057	-0.042659	-0.028126	-0.156822
chr9	19506143	25202329	0.161078	0.012293	0.009965	0.103425
chr9	25202496	27316457	0.098479	0.021638	0.014381	0.069179
chr9	27367987	28642938	0.157252	0.041041	0.027032	0.087809
chr9	28648376	30203446	0.269241	0.062889	0.040332	0.178990
chr9	30217734	31540989	-0.278788	-0.061116	-0.037297	-0.206667
chr9	31542640	32560928	0.036781	0.009891	0.005989	0.027915
chr9	32561132	33743203	-0.038321	-0.015427	-0.009397	-0.039947
chr9	33771075	35019201	0.291684	0.090297	0.063245	0.197688
chr9	35021383	35873920	0.224796	0.066617	0.040193	0.116138
chr9	35876934	36784958	-0.052760	-0.020910	-0.012716	-0.032009
chr9	36805906	37965915	-0.084149	-0.018353	-0.013613	-0.052891
chr9	37968361	38634880	0.082945	0.040427	0.025421	0.058746
chr9	38660010	39408881	0.241675	0.100030	0.062404	0.184432
chr9	39409469	40105670	0.099648	0.050550	0.026513	0.032855
chr9	40106321	41145778	-0.386164	-0.115219	-0.071809	-0.270249
chr9	41219286	42371754	0.116383	0.040874	0.027185	0.083655
chr9	42383394	43420826	0.020370	0.006066	0.003956	0.017572
chr10	7292642	11011454	-0.462270	-0.051498	-0.037967	-0.312206
chr10	11015990	15524259	-0.346196	-0.044873	-0.031174	-0.202473
chr10	15569753	18230304	0.057282	0.008459	0.005866	0.038750
chr10	18292477	19575040	0.042591	0.006960	0.005295	0.030793
chr10	19599137	21444791	0.038909	0.006818	0.004752	0.023743
chr10	21513582	24421508	-0.023283	-0.004011	-0.002673	-0.013307
chr10	24489481	25774463	-0.087847	-0.018901	-0.013127	-0.065141
chr10	25793077	26664157	-0.319469	-0.095444	-0.060213	-0.160616
chr10	26667363	27427808	0.012586	0.002792	0.002223	0.007897
chr10	27427842	28767411	-0.156757	-0.053923	-0.028619	-0.100625
chr10	28778780	30680915	0.102109	0.019539	0.012953	0.065064
chr10	30687541	31067331	-0.142119	-0.036358	-0.023926	-0.075668
chr10	31067337	32631661	-0.299553	-0.080122	-0.051444	-0.183227
chr10	32632025	33586164	0.491344	0.158054	0.106266	0.365115
chr10	33592620	34347189	0.187879	0.050771	0.033702	0.102941
chr10	34350980	35457301	0.237548	0.108603	0.068408	0.157197
chr10	35475672	36165808	0.244743	0.110238	0.078154	0.166614
chr10	36171454	36971758	0.185292	0.093267	0.051990	0.097680
chr10	36971819	37707032	0.157298	0.050884	0.031804	0.076285
chr10	37707285	38932923	0.037609	0.016386	0.009398	0.022186
chr10	38934550	39457828	0.234068	0.085139	0.053202	0.135868
chr10	39463031	40426886	0.044850	0.012946	0.009850	0.025496
chr11	1284961	3004650	0.273973	0.061617	0.045780	0.207071
chr11	3043310	3666600	0.390394	0.099482	0.070633	0.216975
chr11	3719889	4225330	0.330760	0.110101	0.069287	0.206826
chr11	4236067	4723894	0.247397	0.133494	0.076651	0.165506
chr11	4723909	5344674	0.571901	0.279257	0.197658	0.465680
chr11	5428791	5948771	-0.304721	-0.136381	-0.084193	-0.235099
chr11	5980520	6691487	0.044420	0.015592	0.010338	0.027036
chr11	6695014	7497892	0.043204	0.013420	0.008127	0.023553
chr11	7509706	7848911	0.032814	0.013941	0.008414	0.014915
chr11	7849119	8326901	0.263279	0.076019	0.054102	0.153432
chr11	8326965	8969192	0.261620	0.088307	0.055085	0.177850
chr11	8969884	9570603	-0.114639	-0.041327	-0.021483	-0.063116
chr11	9576233	10330459	0.085165	0.024646	0.015436	0.058271
chr11	10330848	11079954	0.014286	0.004284	0.002887	0.010753
chr11	11090155	11541035	-0.203872	-0.069157	-0.043778	-0.127122
chr11	11541419	12261150	-0.120526	-0.027978	-0.019471	-0.103423
chr11	12261210	13528163	0.056025	0.010887	0.006950	0.036476
chr11	13604194	14570088	0.114072	0.027677	0.017759	0.053473
chr11	14570162	15271385	0.266124	0.082389	0.051420	0.161381
chr11	15273839	16145493	-0.036156	-0.012538	-0.007913	-0.035488
chr11	16146252	16612518	0.244347	0.104005	0.073562	0.123571
chr11	16612786	17593143	-0.174377	-0.048150	-0.029561	-0.133417
chr11	17610271	18364118	0.342767	0.096134	0.065682	0.233405
chr11	18399781	21349924	0.012425	0.001976	0.001355	0.010858
chr11	21352337	25483070	-0.011389	-0.001235	-0.000943	-0.008670
chr11	25568341	27637182	-0.297824	-0.068792	-0.044870	-0.179577
chr11	27643206	28154443	0.038184	0.014066	0.009038	0.031762
chr11	28165822	29065976	-0.079700	-0.014671	-0.011074	-0.049788
chr11	29088008	29822213	0.213912	0.073010	0.051279	0.149529
chr11	29827546	30766570	-0.052944	-0.015104	-0.009079	-0.032612
chr11	30766585	31274773	-0.079771	-0.027961	-0.017704	-0.066620
chr11	31296964	31874139	0.118005	0.036826	0.025110	0.093260
chr11	31880685	32804366	-0.027790	-0.010585	-0.005714	-0.012056
chr11	32811842	33741411	-0.034992	-0.010156	-0.007181	-0.017372
chr11	33743201	34131965	0.085618	0.044868	0.025181	0.067076
chr11	34152511	34818298	0.382276	0.108064	0.072057	0.237227
chr11	34821202	35374442	-0.041167	-0.017717	-0.010036	-0.027925
chr11	35376132	36294286	-0.016667	-0.005226	-0.003615	-0.004338
chr11	36297453	36917418	0.144559	0.043127	0.028627	0.095871
chr11	36917503	38046454	0.423246	0.116704	0.082364	0.242462
chr12	3153042	7646720	-0.070367	-0.012059	-0.007792	-0.047239
chr12	7845726	9959990	0.089588	0.019852	0.013734	0.028926
chr12	9968958	11453282	-0.066225	-0.017619	-0.010270	-0.050360
chr12	11489423	14969920	0.117265	0.014785	0.011137	0.088120
chr12	14979424	16794142	-0.218375	-0.047249	-0.030500	-0.118571
chr12	16794236	17968634	-0.043150	-0.015860	-0.009735	-0.027285
chr12	17975486	19641088	0.000532	0.000108	0.000076	-0.015522
chr12	19643497	21264907	0.193061	0.034583	0.023336	0.122037
chr12	21264998	22568061	-0.043260	-0.008377	-0.006023	-0.019744
chr12	22614173	23089909	0.109742	0.033013	0.019406	0.070402
chr12	23089948	23680322	-0.229848	-0.074389	-0.043630	-0.195112
chr12	23681337	24150882	0.329461	0.101020	0.066617	0.233455
chr12	24152100	24935628	0.203550	0.083186	0.044483	0.157534
chr12	24958052	25700177	-0.284841	-0.087282	-0.053520	-0.151059
chr12	25700249	26357190	0.228418	0.066188	0.044443	0.185012
chr12	26357418	27413685	0.099437	0.029278	0.020307	0.057704
chr12	27421486	28667632	-0.045880	-0.016209	-0.009630	-0.030895
chr12	28667653	29678064	0.060228	0.014721	0.009972	0.031880
chr12	29678121	30103163	0.117391	0.068354	0.038976	0.083077
chr12	30140757	30922077	0.270121	0.057283	0.040883	0.113872
chr12	30927164	31621289	-0.231846	-0.070294	-0.042555	-0.155156
chr12	31626609	32108699	-0.010644	-0.004263	-0.002461	-0.007040
chr12	32118143	32948949	0.077428	0.019085	0.013483	0.041345
chr12	32973458	34149383	0.068182	0.026485	0.016623	0.024374
chr12	34150437	35426299	0.314231	0.133658	0.078055	0.220805
chr13	1908265	2419793	0.036738	0.013868	0.009343	0.026039
chr13	2424867	3300976	0.560651	0.278676	0.187415	0.462759
chr13	3307884	3886018	0.158808	0.050749	0.039576	0.074136
chr13	3916142	4554119	0.210011	0.063476	0.043143	0.129252
chr13	4569498	5306006	0.381223	0.105491	0.067269	0.193362
chr13	5329863	5760466	0.209179	0.073589	0.047637	0.170870
chr13	5760489	6559173	0.328511	0.098839	0.061763	0.227255
chr13	6562563	7551473	0.384757	0.092140	0.061833	0.268702
chr13	7571318	7984061	0.174298	0.057769	0.036528	0.139036
chr13	7987349	8624415	-0.034317	-0.007503	-0.004318	-0.018103
chr13	8626922	9523859	0.214071	0.057839	0.039951	0.122928
chr13	9528547	10950164	0.122774	0.029963	0.020597	0.076327
chr13	10954652	11766859	-0.002788	-0.001014	-0.000712	-0.001680
chr13	11785939	12266736	0.141141	0.052222	0.035536	0.086239
chr13	12277584	12641819	0.234382	0.098279	0.058770	0.182041
chr13	12697762	13532163	0.146287	0.057548	0.036035	0.116791
chr13	13534833	14645990	0.167513	0.049928	0.031935	0.115856
chr13	14704976	18288631	0.380888	0.052451	0.038142	0.288310
chr13	18290334	20285670	-0.079276	-0.017062	-0.010301	-0.049706
chr13	20358797	21527571	-0.012835	-0.003433	-0.002210	-0.008045
chr13	21531668	23508959	-0.111559	-0.009822	-0.008154	-0.049903
chr13	23551733	23996152	-0.265033	-0.063197	-0.047341	-0.160594
chr13	24011525	24921024	-0.154390	-0.033031	-0.023977	-0.103309
chr13	24961119	25922719	0.164323	0.056478	0.037077	0.123432
chr13	26005579	27534874	0.225319	0.061548	0.040883	0.159330
chr13	27558294	28011930	0.084826	0.026647	0.019968	0.054264
chr13	28026566	28508675	0.168030	0.084748	0.043260	0.103855
chr13	28526715	29206763	0.095238	0.030738	0.021147	0.071770
chr13	29218547	29812838	0.228451	0.079057	0.057889	0.113985
chr13	29813203	30541605	-0.116793	-0.032577	-0.022289	-0.076425
chr13	30541610	31288599	0.325540	0.153325	0.089537	0.248845
chr13	31294470	32117014	0.264992	0.073870	0.043545	0.127674
chr13	32117019	33132944	0.216121	0.092469	0.057477	0.160730
chr13	33133308	33801471	0.564728	0.131255	0.094595	0.411765
chr14	1449321	2857824	0.087369	0.011503	0.008515	0.034607
chr14	2870939	4492001	0.115998	0.028059	0.017538	0.070829
chr14	4493517	5490617	0.013245	0.003133	0.001845	0.009615
chr14	5502249	6869228	-0.273377	-0.053168	-0.034503	-0.174732
chr14	6896974	8028070	-0.307196	-0.065213	-0.044293	-0.186390
chr14	8043997	8774691	-0.201997	-0.076950	-0.042506	-0.151877
chr14	8775813	9408121	-0.142048	-0.050849	-0.031510	-0.084290
chr14	9421595	10409471	-0.205082	-0.080413	-0.054309	-0.141713
chr14	10418878	11030092	0.341301	0.099789	0.075291	0.249619
chr14	11057765	12350334	0.307397	0.086615	0.055120	0.252180
chr15	432623	1619252	0.106312	0.029795	0.019615	0.072118
chr15	1706649	2720740	0.032364	0.010539	0.005981	0.029068
chr15	2722807	3290708	0.125543	0.029745	0.019368	0.106346
chr15	3293767	3796139	0.290515	0.137868	0.089656	0.213448
chr15	3799548	4357707	-0.349675	-0.094247	-0.063380	-0.252033
chr15	4357728	5273776	0.175549	0.034620	0.026860	0.107619
chr15	5277570	5603730	0.015661	0.007828	0.004860	-0.019027
chr15	5606870	5935663	-0.090814	-0.051740	-0.029034	-0.056678
chr15	5937669	6781521	0.102392	0.029809	0.020829	0.070164
chr15	6809596	7451268	0.321219	0.105304	0.069898	0.217799
chr15	7462745	8080285	-0.169638	-0.050679	-0.034199	-0.124063
chr15	8086987	9412928	-0.093835	-0.018453	-0.012518	-0.056818
chr15	9417481	10185942	-0.142561	-0.058736	-0.036716	-0.092561
chr15	10185959	11380043	0.124811	0.047646	0.027722	0.076733
chr15	11407704	12291088	-0.204473	-0.076139	-0.048796	-0.137359
chr16	85963	723880	0.066427	0.034897	0.020202	0.045735
chr16	725006	1394663	0.222569	0.071405	0.050597	0.145777
chr16	1411992	3041078	0.461609	0.117606	0.088503	0.316983
chr16	3041098	5755099	-0.242236	-0.020108	-0.014648	-0.216968
chr16	5756767	7160160	0.220019	0.052377	0.039690	0.138033
chr16	7186247	8894048	-0.029233	-0.006350	-0.004108	-0.021776
chr16	8901699	9274360	0.525808	0.200239	0.137176	0.377997
chr17	349231	698044	0.264069	0.115875	0.072483	0.158835
chr17	698969	1363308	-0.007972	-0.003671	-0.002130	-0.005000
chr17	1410020	2236241	-0.006549	-0.002205	-0.001303	-0.004625
chr17	2241332	3117326	0.190058	0.047136	0.031769	0.115700
chr17	3132686	3895545	0.114726	0.044298	0.029086	0.085350
chr17	3897276	4396922	-0.256708	-0.110661	-0.063757	-0.162446
chr17	4432505	5402899	0.168151	0.054503	0.035731	0.085500
chr17	5418173	6415271	0.144050	0.045436	0.025741	0.070072
chr17	6466662	7756038	0.260920	0.077927	0.049547	0.175686
chr18	868299	2591436	-0.058147	-0.016978	-0.009483	-0.049702
chr18	2608042	3764763	0.149075	0.042317	0.027083	0.082980
chr18	3776663	4729435	0.001893	0.000598	0.000392	-0.012766
chr18	4749426	5378462	0.064029	0.022114	0.013629	0.040688
chr18	5380607	5804000	-0.187500	-0.090668	-0.058955	-0.104587
chr18	5804173	6365087	0.348748	0.166974	0.111248	0.277607
chr18	6373603	7099161	0.214798	0.073493	0.049378	0.154918
chr18	7101106	8020308	0.359462	0.105488	0.073179	0.237342
chr19	2186362	3383354	0.027211	0.007691	0.004753	0.011636
chr19	3432031	4333315	0.215054	0.066355	0.047853	0.160422
chr19	4333331	5547918	-0.089714	-0.025848	-0.015725	-0.051292
chr19	5575820	6550099	-0.018408	-0.006367	-0.003914	-0.034071
chr19	6562952	7320323	-0.255181	-0.073282	-0.041426	-0.143997
chr20	154945	1035077	0.311493	0.075110	0.057148	0.176634
chr20	1050485	2070347	0.073742	0.029471	0.020137	0.046838
chr20	2123803	2989710	0.184314	0.063161	0.042352	0.133285
chr20	3010535	3804950	0.102125	0.029804	0.015899	0.050808
chr20	3820034	4350268	-0.141482	-0.056059	-0.036501	-0.092580
chr20	4369014	5030706	-0.270683	-0.148863	-0.074579	-0.202196
chr20	5036560	5965962	0.042553	0.011005	0.007446	0.005168
chr20	5968039	6700847	-0.153767	-0.044240	-0.031175	-0.089632
chr21	893429	2054781	0.032975	0.012341	0.008748	-0.002061
chr21	2055018	3562484	0.533478	0.135958	0.097474	0.317504
chr21	3562706	5083495	0.204267	0.075364	0.049009	0.156142
chr21	5145260	6350764	0.260546	0.077917	0.052088	0.185185
chr22	675683	1304234	0.322754	0.136550	0.089233	0.226415
chr22	1306810	2816665	0.046729	0.022006	0.013048	0.032630
chr22	2883418	4130193	-0.164943	-0.034145	-0.022686	-0.133881
chr22	4130339	5386055	0.047562	0.011401	0.007892	0.033708
chr22	5394037	6184491	-0.084457	-0.025230	-0.015160	-0.045915
chr23	867389	1286318	-0.025835	-0.009604	-0.005725	-0.041016
chr23	1302263	2923403	-0.252885	-0.073128	-0.044804	-0.184076
chr24	665365	1728494	0.316456	0.095168	0.067701	0.199150
chrZ	622245	1049375	0.300792	0.068453	0.049329	0.196139
chrZ	1080560	2910452	0.015995	0.005139	0.003045	0.007815
chrZ	2926894	4092297	-0.088009	-0.027047	-0.017372	-0.052336
chrZ	4101627	4352666	0.302741	0.267004	0.159987	0.163511
chrZ	4356879	4423996	-0.057583	-0.158837	-0.059068	-0.021826
chrZ	4424074	4543589	-0.235627	-0.730994	-0.163506	-0.096939
chrZ	4543645	4612089	-0.109929	-0.117759	-0.059076	-0.042408
chrZ	4613123	4640271	0.071631	0.134039	0.076768	0.032285
chrZ	4640341	5350242	0.178808	0.100124	0.071303	0.098182
chrZ	5350260	6789151	-0.096432	-0.117371	-0.056275	-0.049603
chrZ	6789156	7641244	0.082915	0.059034	0.042885	0.040691
chrZ	7641259	8981121	-0.111520	-0.089128	-0.048846	-0.044369
chrZ	8981136	9346238	-0.152991	-0.153122	-0.069246	-0.091187
chrZ	9351248	11059132	0.327189	0.075276	0.056764	0.196676
chrZ	11079656	14485576	0.026906	0.005957	0.004036	0.021921
chrZ	14485614	18744848	-0.175303	-0.047069	-0.027133	-0.111423
chrZ	18744850	22432688	-0.097152	-0.043284	-0.028033	-0.062232
chrZ	22432754	28528442	0.130233	0.023858	0.016918	0.035677
chrZ	28570728	74593838	0.192656	0.018192	0.013530	0.159720
