chr	windowStart	windowEnd	D	f_d	f_dM	d_f
chr1	1496619	2023225	0.299301	0.127635	0.089708	0.218175
chr1	2024710	3030944	0.228206	0.149142	0.079746	0.184540
chr1	3046933	3583472	-0.277103	-0.253737	-0.114851	-0.237577
chr1	3583535	4568135	0.738187	0.370715	0.212194	0.601987
chr1	4595230	5524459	0.206090	0.090644	0.056476	0.161648
chr1	5525489	6525910	0.401969	0.213508	0.143443	0.309648
chr1	6556633	7463037	0.359652	0.160628	0.086842	0.316380
chr1	7489204	7992635	0.686203	0.385956	0.245683	0.640091
chr1	7995735	8702028	0.357715	0.164858	0.097196	0.218964
chr1	8702085	10162225	0.447358	0.278785	0.151814	0.324614
chr1	10181767	12733268	0.296932	0.123727	0.072297	0.218858
chr1	12792208	14547062	0.656371	0.348539	0.188261	0.478200
chr1	14557078	15616195	0.494166	0.359203	0.191456	0.329700
chr1	15617280	16940933	-0.179805	-0.155405	-0.062956	-0.089032
chr1	16974464	17575719	0.202663	0.147600	0.093405	0.145402
chr1	17584678	21731674	0.217681	0.079175	0.051884	0.184975
chr1	21732309	23856640	0.031691	0.008960	0.006504	0.020598
chr1	23902317	25133319	0.446868	0.249668	0.156365	0.368421
chr1	25144418	26473635	0.075318	0.042015	0.020388	0.036214
chr1	26700210	28194456	0.380331	0.149734	0.079614	0.260896
chr1	28194875	29244765	0.182904	0.080388	0.040324	0.158402
chr1	29397325	31817185	0.773441	0.343915	0.215660	0.605214
chr1	31854271	32611297	0.390914	0.262928	0.165329	0.299198
chr1	32636566	33432450	0.584734	0.382676	0.210912	0.514797
chr1	33439057	34264497	0.407032	0.257066	0.146923	0.259159
chr1	34308237	36145751	0.110009	0.048020	0.027436	0.077445
chr1	36147790	37148199	0.259426	0.130024	0.081948	0.168609
chr1	37174142	37835028	0.115779	0.081220	0.041843	0.088997
chr1	37836635	39509310	0.008739	0.004998	0.002329	0.006560
chr1	39535680	41611023	0.383185	0.154864	0.091409	0.310778
chr1	41629386	43340422	-0.091476	-0.050309	-0.028601	-0.096116
chr1	43347754	45245270	0.290722	0.141994	0.080108	0.201527
chr1	45520611	48417062	0.122186	0.061192	0.029172	0.106027
chr1	48525210	49765782	0.339731	0.171901	0.084364	0.285324
chr1	49772937	50845777	0.115738	0.057729	0.027717	0.098720
chr1	50868318	51755249	0.202930	0.142382	0.077531	0.157045
chr1	51756333	53106675	0.099174	0.060927	0.028043	0.087912
chr1	53109547	53817643	-0.173611	-0.099108	-0.052408	-0.151479
chr1	53830796	54926808	0.087111	0.046611	0.024785	0.069454
chr1	54929405	55816076	0.006930	0.004934	0.002240	0.005319
chr1	55832505	56544176	-0.024880	-0.010571	-0.005759	-0.015412
chr1	56563690	57507031	0.210029	0.124879	0.058845	0.186255
chr1	57515785	58711910	0.240402	0.109203	0.058093	0.167682
chr1	58736013	59777471	0.289706	0.159063	0.074664	0.254581
chr1	59789690	60442442	0.251608	0.160307	0.085414	0.216398
chr1	60443277	62049350	0.303239	0.089367	0.056877	0.236686
chr1	62066094	63127229	0.290506	0.131905	0.080132	0.155740
chr1	63135394	64773552	-0.233072	-0.092217	-0.049295	-0.192466
chr1	64828716	66337399	0.219563	0.098519	0.064112	0.164198
chr1	66373425	68143564	-0.249036	-0.098192	-0.052423	-0.196616
chr1	68144973	68998382	-0.079926	-0.070497	-0.026180	-0.060915
chr1	69032992	69877009	0.399593	0.255137	0.147253	0.298994
chr1	69877380	71480384	0.516099	0.216143	0.129666	0.390752
chr1	71481643	72502103	0.040356	0.018148	0.011000	0.019939
chr1	72502105	73598881	0.540165	0.202969	0.135556	0.413564
chr1	73634167	76417519	0.186610	0.079890	0.047515	0.178571
chr1	76457169	77819033	0.323503	0.131207	0.085569	0.250886
chr1	77892409	79127102	-0.385230	-0.163110	-0.091567	-0.268082
chr1	79128360	80494375	0.153061	0.091703	0.046693	0.113514
chr1	80496473	81250288	0.354310	0.274669	0.125347	0.225797
chr1	81254084	82804696	0.041765	0.025249	0.009985	0.026662
chr1	82806075	84052308	0.300896	0.140606	0.079589	0.205960
chr1	84055010	85550687	-0.268696	-0.128429	-0.065107	-0.204545
chr1	85583046	86897264	0.066186	0.038472	0.018119	0.059428
chr1	86897266	88345513	0.374179	0.195398	0.118236	0.287070
chr1	88406117	89377543	0.431894	0.237164	0.113707	0.297580
chr1	89410328	89988392	0.807151	0.318467	0.205423	0.645022
chr1	89988657	90534975	0.668601	0.296879	0.188614	0.591557
chr1	90536399	91314938	0.878116	0.415302	0.278510	0.753685
chr1	91315370	92779136	0.357119	0.144829	0.096609	0.296387
chr1	92808662	95476759	0.207787	0.052673	0.036928	0.160314
chr1	95541829	97455715	0.380577	0.180698	0.096846	0.335389
chr1	97455757	98551865	0.396249	0.221110	0.127192	0.241240
chr1	98566739	100997584	0.127741	0.042580	0.025944	0.098240
chr1	101052125	102097781	0.402866	0.190464	0.109382	0.225691
chr1	102116439	103900734	0.677271	0.367811	0.251106	0.570973
chr1	103953668	106023199	0.495041	0.252636	0.158006	0.360706
chr1	106030071	107803533	0.533007	0.262440	0.145803	0.365772
chr1	107813003	112334085	0.402889	0.180264	0.103899	0.365569
chr1	112354369	114085071	0.366401	0.129767	0.072442	0.284087
chr1	114096615	114982534	0.262518	0.111376	0.068481	0.204223
chr1	115103359	116324543	0.100062	0.032478	0.019655	0.055594
chr1	116334222	117720125	-0.202351	-0.160194	-0.070375	-0.144857
chr1	117726670	118813284	0.702987	0.368440	0.214256	0.567864
chr1	118822516	120157084	0.079203	0.043694	0.026720	0.057238
chr1	120163166	121735632	-0.012097	-0.004327	-0.002480	-0.008075
chr1	121768540	122953432	0.455635	0.219261	0.119359	0.383274
chr1	122954828	123771515	0.338920	0.177995	0.115868	0.253482
chr1	123825214	125146470	-0.387261	-0.222983	-0.116193	-0.269504
chr1	125214406	128504631	0.600871	0.257343	0.170003	0.507664
chr1	128522161	129530902	0.306875	0.153873	0.090208	0.144285
chr1	129533554	130905071	0.232391	0.144410	0.077072	0.183818
chr1	130905140	132064003	0.197779	0.101749	0.064663	0.165601
chr1	132107012	133078865	0.171256	0.096908	0.055864	0.116716
chr1	133084487	134036987	0.577734	0.355925	0.209633	0.417818
chr1	134090758	135140375	0.703125	0.345461	0.229414	0.609182
chr1	135153899	135946453	0.545598	0.252377	0.163095	0.413000
chr1	135953397	137345380	0.472072	0.238344	0.144992	0.341448
chr1	137347876	140716311	0.575285	0.312486	0.167034	0.466125
chr1	140928772	141718802	0.298077	0.192547	0.079923	0.254237
chr1	141724750	143382630	0.251969	0.205191	0.088596	0.209472
chr1	143382717	144230507	0.345359	0.227536	0.116885	0.248339
chr1	144231187	145278308	0.106764	0.070053	0.034938	0.079059
chr1	145278385	146111767	0.370501	0.246943	0.115652	0.305055
chr1	146117113	147332045	0.544370	0.298813	0.187036	0.405105
chr1	147355737	148066886	0.284236	0.172579	0.078673	0.154859
chr1	148069549	149019606	0.111874	0.089587	0.037463	0.082403
chr1	149039516	149439070	-0.315725	-0.201965	-0.094416	-0.180604
chr1	149504542	150684946	0.339918	0.148645	0.097347	0.236157
chr1	150684999	151746488	0.208511	0.155494	0.088708	0.144436
chr1	151774295	152525186	0.123239	0.056871	0.032756	0.095225
chr1	152527909	154045744	0.033535	0.016717	0.008245	0.024506
chr1	154047838	156330270	0.507359	0.260179	0.161033	0.404959
chr1	156334232	157067230	0.141444	0.108869	0.062982	0.108419
chr1	157083553	158190873	0.366602	0.190778	0.125647	0.291071
chr1	158207953	159454714	-0.205435	-0.151990	-0.070052	-0.147082
chr1	159470155	160471927	0.402529	0.172383	0.098390	0.267882
chr1	160526028	168615113	0.471689	0.151511	0.101215	0.295904
chr1	168619178	170389239	0.164572	0.107491	0.058471	0.129889
chr1	170398363	171735831	-0.052216	-0.022708	-0.011752	-0.035344
chr1	171745829	174847021	0.102500	0.040346	0.023741	0.076675
chr1	174973567	180742137	0.278170	0.111463	0.066693	0.216435
chr1	180742271	181563302	0.248350	0.192245	0.085361	0.231027
chr1	181614853	182918633	0.095890	0.049388	0.025946	0.064706
chr1	182922391	183636392	0.383159	0.278439	0.145478	0.344162
chr1	183636516	184705683	0.096548	0.058538	0.023340	0.076375
chr1	184705777	185775488	0.235052	0.131244	0.063817	0.162103
chr1	185782814	186716715	0.280195	0.131614	0.079114	0.234908
chr1	186739681	187731387	0.406285	0.135708	0.094271	0.232765
chr1	187732293	189806961	-0.101571	-0.045183	-0.026497	-0.078056
chr1	189827998	191806203	0.210253	0.082359	0.045302	0.147945
chr1	191819859	192918792	0.450944	0.220198	0.153979	0.325475
chr1	192938283	194275546	0.500155	0.281408	0.154162	0.448487
chr1	194277046	195206735	-0.369659	-0.242230	-0.121740	-0.257439
chr1	195207086	197050927	0.515284	0.301357	0.161023	0.472000
chr1	197133038	198796216	-0.049489	-0.024152	-0.013517	-0.014174
chr1	198800879	200383118	0.146004	0.116961	0.060754	0.120000
chr1	200383380	202703136	0.315253	0.175481	0.085785	0.235326
chr1	202704990	203858180	0.141439	0.044043	0.030472	0.104818
chr1	203874968	204696130	0.606654	0.460111	0.332173	0.433566
chr1	204707981	205950827	-0.060220	-0.042297	-0.021083	-0.049192
chr1	205950846	207517672	0.071780	0.046309	0.023726	0.055821
chr1	207542882	208766792	0.156506	0.075175	0.042188	0.115747
chr1	208771845	209632731	0.115138	0.073494	0.038740	0.090424
chr1	209666573	210323776	0.217794	0.182453	0.078569	0.169186
chr1	210336906	210982005	0.231507	0.134121	0.077604	0.156360
chr1	210995918	213834403	0.234573	0.106198	0.060497	0.204301
chr2	199133	1026539	0.361683	0.241012	0.115576	0.294640
chr2	1029805	2747500	0.229938	0.107951	0.059523	0.167604
chr2	2758481	4416010	0.591314	0.282984	0.168788	0.425598
chr2	4446485	5497448	0.296460	0.144202	0.090694	0.187277
chr2	5507955	6361024	0.465461	0.225513	0.138596	0.346512
chr2	6362538	7190941	-0.021837	-0.012564	-0.006637	-0.019548
chr2	7224853	8426935	0.432255	0.186007	0.134668	0.312876
chr2	8437125	9903742	0.598111	0.237056	0.124278	0.468750
chr2	9920471	11316917	0.099376	0.051691	0.032039	0.071402
chr2	11325903	12750628	-0.205405	-0.139552	-0.071698	-0.156766
chr2	12771021	15030068	-0.119847	-0.043722	-0.025469	-0.077304
chr2	15033076	16012758	0.318315	0.176582	0.105760	0.235849
chr2	16050361	16996155	0.093716	0.034786	0.022475	0.079258
chr2	17003177	19048792	0.400679	0.168091	0.107224	0.340548
chr2	19049243	20532849	0.100025	0.030732	0.018994	0.075233
chr2	20534861	22694885	0.254337	0.109400	0.067220	0.202468
chr2	22714346	24732267	0.410202	0.144660	0.081469	0.335652
chr2	24812464	25823464	0.217457	0.079845	0.051639	0.171504
chr2	25943885	27247174	0.408773	0.192035	0.105962	0.304252
chr2	27257021	28431123	0.503424	0.200297	0.117414	0.399343
chr2	28457513	31323461	0.544709	0.274437	0.152855	0.402913
chr2	31323684	32936766	0.232196	0.088857	0.051961	0.191672
chr2	32957438	33892494	0.377470	0.224954	0.122746	0.281759
chr2	33913230	35064848	-0.201745	-0.092763	-0.059295	-0.182775
chr2	35067004	36444470	0.237168	0.100961	0.062138	0.152414
chr2	36455304	36888296	-0.000000	-0.000000	-0.000000	-0.002154
chr2	36888300	37726773	0.271550	0.112977	0.072483	0.176318
chr2	37736379	38666656	-0.041816	-0.018683	-0.013155	-0.032926
chr2	38671531	39458489	0.175818	0.098028	0.054622	0.105089
chr2	39464672	40757751	0.389627	0.177471	0.100444	0.272727
chr2	40761312	41637622	-0.231424	-0.178721	-0.102048	-0.193528
chr2	41642386	42707001	0.129187	0.066155	0.039096	0.114310
chr2	42769801	44030057	-0.083974	-0.048780	-0.020051	-0.057959
chr2	44032502	45403260	0.679954	0.295350	0.187520	0.594030
chr2	45417519	46569827	-0.025336	-0.013495	-0.007961	-0.036425
chr2	46574034	47845233	0.693774	0.433907	0.268569	0.518027
chr2	47845494	48510574	0.362724	0.348125	0.184302	0.304819
chr2	48510600	49431744	0.562323	0.307395	0.162107	0.442809
chr2	49463530	50493309	0.405868	0.247208	0.128582	0.354701
chr2	50493526	51416867	0.136201	0.098477	0.043127	0.100249
chr2	51416901	52450238	0.226947	0.109865	0.061926	0.174152
chr2	52454004	52882812	0.478605	0.287528	0.200354	0.267257
chr2	52886770	54427236	0.122236	0.046597	0.030661	0.095533
chr2	54427383	55614470	0.058274	0.040196	0.018947	0.043449
chr2	55618456	56633162	0.246083	0.111751	0.062460	0.173506
chr2	56633491	57738132	0.149582	0.076520	0.037061	0.118461
chr2	57738578	59674548	0.365687	0.193810	0.092663	0.286435
chr2	59674551	63316432	0.657228	0.302303	0.145814	0.561749
chr2	63324994	64728958	0.566702	0.264113	0.175697	0.366364
chr2	64858641	66478006	-0.007087	-0.002693	-0.001700	-0.005418
chr2	66502300	67148893	0.765975	0.383306	0.246199	0.599738
chr2	67149034	68463693	0.345518	0.164025	0.100578	0.326667
chr2	68532967	69252260	0.471423	0.305329	0.137698	0.331587
chr2	69287576	70276447	-0.024851	-0.016410	-0.007236	-0.018195
chr2	70278952	71170897	0.556268	0.237558	0.147452	0.507861
chr2	71185881	71984159	0.580764	0.389272	0.254832	0.468515
chr2	72018411	73388127	0.488675	0.239207	0.114292	0.337550
chr2	73412119	74482363	0.434198	0.258651	0.116083	0.402190
chr2	74483987	75237647	0.360313	0.226663	0.092051	0.298701
chr2	75262114	76664666	0.247986	0.124760	0.073724	0.209534
chr2	76694435	78204685	0.859036	0.515546	0.308725	0.744810
chr2	78248608	83581055	0.276463	0.141944	0.078190	0.249719
chr2	83588842	85988478	0.325644	0.115158	0.071194	0.220187
chr2	86020683	87577804	0.452245	0.295455	0.130071	0.418373
chr2	87609866	89588417	0.406559	0.202759	0.096756	0.315741
chr2	89592073	92449304	0.487344	0.178566	0.120499	0.380724
chr2	92506237	93731351	0.365628	0.170900	0.100300	0.253061
chr2	93732236	94890402	0.390503	0.205471	0.125543	0.331181
chr2	94901283	95851613	0.244053	0.172214	0.091496	0.193874
chr2	95853360	98463007	0.212197	0.062794	0.040356	0.155257
chr2	98469614	100031189	-0.135222	-0.046865	-0.029071	-0.097884
chr2	100044064	101183452	0.341628	0.137550	0.080523	0.219953
chr2	101183500	101730221	-0.056348	-0.022979	-0.012662	-0.040947
chr2	101732926	104537166	0.406964	0.205560	0.123285	0.354418
chr2	104589117	107775570	0.126175	0.049228	0.029731	0.083634
chr2	107777004	108554570	0.525881	0.337913	0.200673	0.481787
chr2	108561928	109424544	0.300715	0.153268	0.088576	0.229594
chr2	109500946	110731801	0.363008	0.208282	0.109847	0.293546
chr2	110750069	111718700	0.364574	0.203186	0.117081	0.275496
chr2	111737789	113557068	0.204622	0.084780	0.051969	0.116875
chr2	113565334	114233451	-0.093502	-0.060780	-0.032416	-0.057567
chr2	114234318	114855262	0.272019	0.157748	0.088950	0.155527
chr2	114868383	115356095	0.261635	0.102589	0.079344	0.161600
chr2	115357459	115965461	0.351010	0.193056	0.123812	0.245841
chr2	115976584	117192870	0.292712	0.163370	0.104597	0.215101
chr2	117225397	118329061	0.530046	0.287804	0.157882	0.427077
chr2	118391578	119507650	0.110609	0.047536	0.028974	0.079365
chr2	119536192	121697043	-0.194882	-0.096751	-0.057275	-0.134328
chr2	121704475	123120802	0.069414	0.038811	0.021795	0.043609
chr2	123164289	124853698	0.151529	0.061674	0.033636	0.164852
chr2	124856488	126336130	0.418237	0.164031	0.098291	0.282849
chr2	126364787	127741125	0.410526	0.185847	0.102551	0.298622
chr2	127780483	128803706	0.206952	0.121905	0.076213	0.159402
chr2	128805234	129753953	0.313953	0.202017	0.105272	0.207745
chr2	129767400	131145881	0.128193	0.071853	0.038218	0.083753
chr2	131151572	132347011	0.367845	0.234038	0.124432	0.291189
chr2	132347885	133560777	0.413333	0.220505	0.119073	0.279453
chr2	133566470	135080303	0.050616	0.034569	0.018584	0.035818
chr2	135089792	137336098	0.523328	0.291090	0.169885	0.373267
chr2	137343552	138071652	-0.094325	-0.086620	-0.039303	-0.074026
chr2	138079618	138455818	0.350312	0.273761	0.140417	0.223819
chr2	138456205	139099760	0.246921	0.203752	0.102760	0.158300
chr2	139108854	140268666	-0.116675	-0.062310	-0.029989	-0.096414
chr2	140430040	142098666	0.185510	0.051517	0.030154	0.139785
chr2	142099573	143624551	0.289130	0.172280	0.082647	0.173797
chr2	143660994	144831567	0.256804	0.144851	0.080341	0.202024
chr2	144869623	148440803	0.318318	0.182969	0.094334	0.247312
chr2	148457681	149482158	0.566048	0.246976	0.154571	0.396482
chr2	149495797	150158882	0.587380	0.416227	0.187465	0.443900
chr2	150186521	151425141	0.434491	0.211061	0.126131	0.265493
chr2	151448886	152254965	0.188536	0.111474	0.060910	0.165019
chr2	152255092	153093647	0.835079	0.589558	0.302872	0.774272
chr2	153094010	154010641	-0.174785	-0.068258	-0.035921	-0.125773
chr2	154036712	155048382	0.179389	0.140264	0.055858	0.166667
chr2	155048520	156192992	0.323864	0.186710	0.114016	0.260104
chr2	156193474	157170163	0.333933	0.214080	0.123194	0.250888
chr2	157177354	159539915	0.297189	0.144637	0.092486	0.217844
chr2	159540025	160785798	0.024886	0.011248	0.006246	0.022142
chr2	160791427	163238824	0.580046	0.316717	0.188954	0.506707
chr2	163245440	164802884	0.226116	0.142987	0.067975	0.152773
chr3	3370297	4424454	0.130220	0.107169	0.043097	0.106461
chr3	4425774	6368640	0.332750	0.146407	0.071725	0.235257
chr3	6397716	7767251	0.180353	0.105987	0.053640	0.126412
chr3	7782233	10824786	0.039775	0.021853	0.011305	0.032699
chr3	10833156	12326994	-0.091185	-0.063375	-0.032711	-0.062332
chr3	12328743	13780281	0.555089	0.378119	0.197669	0.509226
chr3	13780359	15393388	0.165248	0.087380	0.040487	0.127671
chr3	15393510	16704713	0.280977	0.120984	0.067111	0.252747
chr3	16714393	18060317	0.068719	0.029748	0.020000	0.065318
chr3	18075139	20055891	0.040404	0.016726	0.008946	0.027613
chr3	20112241	22329114	0.218411	0.051629	0.031651	0.155918
chr3	22552450	23730413	0.193766	0.088275	0.049193	0.143300
chr3	23735110	24355456	0.173913	0.076726	0.039643	0.129870
chr3	24361011	25388597	0.393200	0.282847	0.108557	0.268111
chr3	25390872	26227029	0.285057	0.177298	0.097523	0.231711
chr3	26234868	27439551	0.389354	0.134199	0.088140	0.223570
chr3	27493021	28713085	0.547787	0.222185	0.132347	0.444020
chr3	28749061	30278850	0.263478	0.079034	0.049790	0.198626
chr3	30280778	31679184	-0.248923	-0.072169	-0.038508	-0.193311
chr3	31679290	33667723	0.135205	0.069929	0.032563	0.091796
chr3	33669595	34428056	-0.014615	-0.006972	-0.004066	0.007678
chr3	34429924	35825001	0.609587	0.266915	0.170173	0.546199
chr3	35848208	36657181	-0.109770	-0.132731	-0.053773	-0.071317
chr3	36686561	38755008	-0.052174	-0.025443	-0.010035	-0.036145
chr3	38755549	39938532	-0.169568	-0.083439	-0.054015	-0.105411
chr3	39959932	42328385	-0.009799	-0.004192	-0.002610	-0.007102
chr3	42565640	43539039	-0.171053	-0.069919	-0.039190	-0.069413
chr3	43545675	44328145	0.047055	0.025348	0.015802	0.039477
chr3	44344293	45252559	0.127648	0.048918	0.032115	0.084868
chr3	45255666	46373286	0.235173	0.118760	0.064396	0.191253
chr3	46389863	47550865	0.144590	0.064952	0.036799	0.106277
chr3	47555817	48575506	0.347907	0.172948	0.096417	0.248340
chr3	48583303	49765001	0.261592	0.156340	0.093540	0.218408
chr3	49765081	51090154	0.144573	0.080652	0.044284	0.109960
chr3	51118879	51912635	0.509695	0.335766	0.156363	0.402626
chr3	51943813	52722699	0.119667	0.067366	0.042018	0.078255
chr3	52737765	53651868	0.046322	0.032116	0.015222	0.033531
chr3	53674016	54682659	0.527228	0.268330	0.150828	0.366862
chr3	54695401	55867088	-0.104114	-0.053610	-0.022420	-0.068412
chr3	55944485	56831882	0.248532	0.156597	0.087375	0.184593
chr3	56843385	57439704	0.118384	0.083069	0.039650	0.092564
chr3	57448877	57807058	0.286988	0.142984	0.091105	0.255151
chr3	57807065	58350814	0.055757	0.038378	0.018619	0.042723
chr3	58367569	60600697	-0.057565	-0.016954	-0.009649	-0.024624
chr3	60603484	62269926	0.193374	0.086811	0.046565	0.177461
chr3	62281829	63272510	0.478569	0.279030	0.159079	0.412615
chr3	63272588	64004618	0.493025	0.302110	0.151662	0.414939
chr3	64017610	64798249	-0.075758	-0.101400	-0.027308	-0.057903
chr3	64798311	66764534	0.195738	0.090764	0.054990	0.149112
chr3	66790441	67478787	0.517636	0.369053	0.196929	0.438257
chr3	67483950	68852810	0.497669	0.225033	0.120073	0.407832
chr3	68852897	70688393	0.557613	0.282198	0.163255	0.494527
chr3	70698886	72425889	0.479272	0.194780	0.117952	0.345185
chr3	72588104	74139564	0.346046	0.124823	0.077173	0.210508
chr3	74185765	75349841	0.255795	0.123798	0.077202	0.195693
chr3	75364772	76266905	0.001923	0.000973	0.000518	0.001370
chr3	76267641	76956893	-0.004470	-0.001827	-0.001213	-0.003177
chr3	76960620	78302464	0.300681	0.160564	0.103231	0.266055
chr3	78858756	80771620	0.583202	0.309773	0.164965	0.544875
chr3	80787577	81345539	0.472300	0.365177	0.198759	0.408198
chr3	81403405	83164797	-0.094976	-0.057083	-0.027344	-0.068027
chr3	83170846	84589510	0.300794	0.172077	0.103893	0.219612
chr3	84603492	85701243	0.431155	0.246951	0.143676	0.411699
chr3	85704101	86979672	0.111416	0.046151	0.029373	0.083456
chr3	86983177	88157395	0.002648	0.001597	0.000756	-0.011318
chr3	88161436	90502774	0.558111	0.270351	0.133333	0.473465
chr3	90646107	92167992	0.101215	0.054759	0.025834	0.089853
chr3	92231999	95760095	0.482977	0.196711	0.111719	0.445550
chr3	95761083	98510766	0.260377	0.124661	0.057733	0.171930
chr3	98514655	100069501	-0.096991	-0.052224	-0.022254	-0.079237
chr3	100069587	103409523	-0.053356	-0.023349	-0.010795	-0.034103
chr3	103422606	105267174	0.227936	0.128683	0.072812	0.204545
chr3	105267319	107354043	0.642001	0.242578	0.126537	0.515271
chr3	107386812	108138077	0.601976	0.372657	0.178258	0.464242
chr3	108167694	110055784	0.038311	0.014989	0.007443	0.028538
chr3	110108250	112014451	0.251661	0.122728	0.076231	0.198834
chr3	112075737	113589351	0.178251	0.102753	0.058586	0.121731
chr3	113668361	114294224	0.511029	0.335041	0.143484	0.421212
chr3	114298563	115225971	0.304250	0.207330	0.121801	0.241420
chr3	115229136	116608110	0.343228	0.207748	0.098048	0.299838
chr3	116608231	117296393	0.259830	0.189713	0.095021	0.211073
chr3	117302798	117801191	0.185313	0.147321	0.072417	0.138790
chr3	117886173	119262439	0.204789	0.076223	0.043366	0.135254
chr3	119273719	120812638	0.536745	0.239362	0.144276	0.430635
chr3	120813368	122196202	0.104452	0.058781	0.030016	0.092045
chr3	122223560	123054553	0.546610	0.270853	0.190138	0.438911
chr3	123095907	123962916	0.375436	0.173283	0.113280	0.311025
chr4	494233	3476727	0.082237	0.048948	0.022188	0.060680
chr4	3480737	6758359	0.173752	0.071633	0.040898	0.140299
chr4	6768703	7714996	-0.040420	-0.018790	-0.011649	-0.051010
chr4	7740622	9266764	-0.218600	-0.094588	-0.054396	-0.150558
chr4	9369235	11211253	0.433670	0.191635	0.105551	0.349593
chr4	11355957	13034049	-0.089952	-0.055340	-0.028503	-0.089747
chr4	13066708	14656349	0.455991	0.152867	0.107197	0.380540
chr4	14662361	16283275	0.085996	0.039012	0.020388	0.074164
chr4	16296037	17125896	0.068103	0.039284	0.024319	0.045797
chr4	17137971	18439583	0.304348	0.165818	0.059268	0.258262
chr4	18652566	19865858	-0.133282	-0.083253	-0.041119	-0.117086
chr4	19865888	21343619	0.243511	0.184021	0.094198	0.185573
chr4	21347405	22225556	0.345747	0.160664	0.097474	0.263569
chr4	22255520	23740853	0.128450	0.040146	0.030645	0.092366
chr4	23772240	24575953	0.290589	0.107952	0.085462	0.231276
chr4	24581465	25371141	0.573480	0.311396	0.238413	0.421477
chr4	25394951	29006887	0.016788	0.005418	0.003200	0.030600
chr4	29031378	29702625	0.072834	0.033012	0.019541	0.045927
chr4	29703522	30998750	0.560564	0.300312	0.165235	0.473575
chr4	31009104	32773748	0.269627	0.153742	0.096935	0.212899
chr4	32777005	33807777	0.549906	0.334096	0.238513	0.355082
chr4	33810158	34586697	0.450088	0.388413	0.248951	0.271383
chr4	34596740	36066081	0.384615	0.324796	0.148406	0.312093
chr4	36067864	39085207	0.561605	0.269926	0.187965	0.497462
chr4	39108022	41570041	-0.008177	-0.004850	-0.002668	-0.006075
chr4	41576657	42151017	0.407723	0.240721	0.133451	0.325789
chr4	42172600	43777068	0.430910	0.232587	0.107156	0.328588
chr4	43798682	47176286	0.633089	0.280878	0.147030	0.590547
chr4	47176321	47945517	0.831950	0.471418	0.315190	0.676223
chr4	47985496	48945391	0.232971	0.123302	0.078068	0.150323
chr4	48952728	49807380	0.288874	0.077949	0.054299	0.165425
chr4	49811600	52563974	0.401502	0.117609	0.073776	0.305341
chr4	52568692	54069512	0.017576	0.012060	0.006019	0.011635
chr4	54069712	56193956	0.078492	0.043986	0.021585	0.076015
chr4	56197600	57022815	0.187346	0.085553	0.047512	0.140250
chr4	57037267	58342236	-0.009622	-0.004603	-0.003195	-0.006559
chr4	58344123	59996043	-0.107926	-0.078049	-0.038757	-0.084211
chr4	59996304	60319232	-0.133605	-0.131043	-0.063826	-0.110215
chr4	60322194	61139072	0.604505	0.312821	0.187719	0.453678
chr4	61146918	64452138	0.536808	0.311779	0.194489	0.348008
chr4	64494735	66747114	0.565163	0.224634	0.132070	0.453519
chr4	66778145	68783487	0.310011	0.170286	0.100656	0.262918
chr4	68802139	70203476	0.492176	0.254116	0.159674	0.400818
chr4	70209089	70966183	0.185280	0.103564	0.051346	0.144932
chr4	70975900	72486783	0.453386	0.192718	0.122616	0.366860
chr4	72486839	74311367	0.299494	0.176910	0.107370	0.292546
chr4	74414240	76670332	0.231924	0.106002	0.067655	0.188063
chr4	76670333	77980241	0.064711	0.036939	0.019781	0.043226
chr4	78063573	81004147	0.007867	0.004265	0.002067	0.005285
chr5	98474	1707402	-0.041071	-0.021724	-0.012714	-0.021225
chr5	1707403	2696689	0.214512	0.106973	0.063011	0.196009
chr5	2714292	3561810	0.374798	0.174240	0.103226	0.263636
chr5	3585065	3924474	0.422965	0.217651	0.138814	0.331230
chr5	3924541	4644093	0.204499	0.120120	0.079161	0.165289
chr5	4649409	5402818	-0.045154	-0.023120	-0.011880	-0.025142
chr5	5417504	6419337	0.369102	0.160437	0.112975	0.267070
chr5	6423019	7658921	0.072102	0.035558	0.018961	0.056493
chr5	7714481	8471569	0.194517	0.100151	0.061279	0.171264
chr5	8478931	8898450	-0.120661	-0.070387	-0.035976	-0.095000
chr5	8898493	9526730	-0.381929	-0.207346	-0.094697	-0.282438
chr5	9527172	10268028	-0.241725	-0.190891	-0.083190	-0.149380
chr5	10385381	11579806	0.286737	0.125279	0.073277	0.224446
chr5	11605840	12223845	0.263646	0.115837	0.077954	0.162162
chr5	12224049	13369571	-0.022133	-0.015636	-0.008042	-0.031548
chr5	13369830	14148009	0.234156	0.087365	0.060076	0.167678
chr5	14180046	14989007	0.132058	0.061233	0.039099	0.080949
chr5	14995749	16096964	0.311122	0.132362	0.077138	0.202814
chr5	16122550	16733551	0.018727	0.009560	0.005646	0.011870
chr5	16761929	18067406	0.054270	0.024317	0.015661	0.028439
chr5	18130389	21756929	0.206306	0.072537	0.048175	0.145212
chr5	21759807	22737060	-0.045835	-0.021218	-0.013104	-0.031135
chr5	22747875	24420129	0.037037	0.011070	0.006799	0.024017
chr5	24432709	25574538	0.484525	0.172296	0.113457	0.275988
chr5	25575147	27414691	0.159569	0.043150	0.028571	0.121642
chr5	27715079	29893313	0.535178	0.133360	0.082385	0.494310
chr5	29970541	31049177	0.171176	0.073503	0.043849	0.113566
chr5	31288609	33166240	0.451373	0.241750	0.144127	0.352260
chr5	33166451	36584621	0.326531	0.132730	0.086269	0.238838
chr5	36629300	39032846	0.510184	0.167890	0.107964	0.337179
chr5	39039079	40649206	0.492989	0.259065	0.141406	0.400000
chr5	40649635	41708787	0.287797	0.216343	0.094567	0.234476
chr5	41725832	43063912	-0.019858	-0.005436	-0.003408	0.022273
chr5	43083671	44723956	0.222612	0.102896	0.058284	0.144426
chr5	44813932	47881410	0.250462	0.140460	0.069789	0.205330
chr5	47884119	49525440	0.352399	0.109896	0.060305	0.220501
chr5	49541943	51288612	0.469301	0.243233	0.151619	0.379144
chr5	51308083	52910643	0.326726	0.110355	0.061154	0.305622
chr5	52920436	54800571	0.345013	0.214397	0.095744	0.280442
chr5	54807690	57080116	0.183603	0.095335	0.042704	0.144737
chr5	57091903	58118055	0.065007	0.033373	0.018882	0.057387
chr5	58136628	59874168	-0.082441	-0.037099	-0.021312	-0.054340
chr5	59874610	61242442	0.547340	0.389043	0.221852	0.432725
chr5	61251599	61996788	0.457230	0.307429	0.191308	0.291180
chr5	61996964	63475494	0.017024	0.009564	0.005784	0.008504
chr5	63494362	65054208	0.370596	0.191978	0.111475	0.270820
chr5	65067508	66317954	0.079970	0.047716	0.021346	0.064063
chr5	66334766	67410367	0.310289	0.161879	0.077838	0.220445
chr5	67421877	68248200	0.263464	0.184282	0.091929	0.231266
chr5	68260984	69326575	0.218779	0.111557	0.061013	0.164619
chr5	69338869	70121685	0.236994	0.123049	0.071896	0.180936
chr6	405991	1230433	0.371328	0.270780	0.133428	0.257056
chr6	1232539	2378470	0.237086	0.110154	0.056904	0.185492
chr6	2378797	4159461	0.021012	0.013161	0.006185	0.017263
chr6	4182193	5215698	0.194579	0.106223	0.055087	0.135064
chr6	5215899	5780398	0.567812	0.319593	0.213243	0.399491
chr6	5785116	6179066	0.237582	0.175353	0.100915	0.122569
chr6	6208905	7723914	0.278253	0.153887	0.085001	0.205470
chr6	7771192	8436389	0.486486	0.371874	0.217973	0.320826
chr6	8458685	9038375	0.381007	0.175494	0.125117	0.218218
chr6	9052928	9902397	0.479330	0.199860	0.121513	0.301900
chr6	9995050	10868281	0.357225	0.173661	0.098262	0.228044
chr6	10868734	11526787	0.441878	0.293881	0.180902	0.365716
chr6	11530505	12221175	0.351447	0.221678	0.118798	0.295428
chr6	12225957	13142630	0.269530	0.149230	0.076273	0.233109
chr6	13163229	14203316	-0.058207	-0.023674	-0.012000	-0.049347
chr6	14208572	15066974	0.627485	0.364549	0.184475	0.510724
chr6	15086145	15894049	0.589979	0.461751	0.217935	0.491803
chr6	15904431	17085830	0.048969	0.031178	0.012810	0.047699
chr6	17121992	19461537	0.360153	0.192480	0.113018	0.296785
chr6	19481207	20311738	0.317557	0.146647	0.096711	0.230769
chr6	20323077	21117394	0.447121	0.181553	0.109502	0.355915
chr6	21158775	22915295	0.500000	0.335700	0.160908	0.441571
chr6	22940568	24438942	0.381625	0.366848	0.167468	0.338770
chr6	24439229	25123591	0.196272	0.115820	0.070320	0.134586
chr6	25157815	26063457	-0.011936	-0.005480	-0.003007	0.006065
chr6	26122851	27205845	0.545688	0.226504	0.148196	0.421844
chr6	27223350	29615466	0.468542	0.244874	0.156027	0.324000
chr6	29951099	33254998	0.341646	0.181939	0.118205	0.166870
chr6	33271873	34843938	-0.515247	-0.395800	-0.175470	-0.373529
chr6	34966135	38147940	0.253143	0.114856	0.066817	0.178890
chr6	38184094	39647987	-0.043169	-0.021300	-0.012576	-0.034095
chr6	39663646	40628703	0.127650	0.083720	0.040601	0.100035
chr6	40629121	41337333	0.186113	0.106031	0.061559	0.133432
chr6	41376108	41962388	0.450119	0.302958	0.161506	0.322341
chr6	42013729	42817636	0.303463	0.104987	0.074925	0.218607
chr6	42824650	44014458	-0.099974	-0.038647	-0.023533	-0.074366
chr6	44042870	44942767	0.202066	0.107026	0.055765	0.148137
chr6	44969362	45441793	0.625440	0.391746	0.258860	0.492568
chr6	45442446	45794263	0.321155	0.280536	0.110353	0.240541
chr6	45800840	46541920	0.288361	0.137986	0.083632	0.188217
chr6	46552890	47180508	0.613865	0.398341	0.206919	0.475548
chr6	47199224	47787516	0.343804	0.210563	0.100083	0.223792
chr6	47789471	48128068	0.331885	0.218223	0.118422	0.246770
chr6	48134422	48847007	0.085282	0.040199	0.019819	0.039400
chr6	48862569	49760045	-0.051332	-0.029135	-0.012349	-0.057355
chr6	49760067	50738157	0.200691	0.114815	0.065062	0.132636
chr6	50738246	51291315	0.169554	0.067587	0.046853	0.123794
chr6	51291327	52067925	0.347866	0.121414	0.078657	0.282240
chr7	621475	1509769	0.078020	0.055959	0.024436	0.070034
chr7	1511287	2231380	0.232381	0.110607	0.070581	0.174007
chr7	2231391	3260413	-0.056421	-0.018849	-0.010536	-0.032576
chr7	3273462	3915116	0.277610	0.148163	0.086348	0.241289
chr7	3918347	4609194	-0.166136	-0.065283	-0.040632	-0.105867
chr7	4609241	5433947	0.674754	0.356856	0.227070	0.568123
chr7	5444641	6099165	0.392777	0.162124	0.101177	0.275742
chr7	6103098	7677470	0.052470	0.030919	0.016738	0.041629
chr7	7683206	8648049	0.410109	0.165334	0.109741	0.359506
chr7	8708314	9221728	0.312768	0.187227	0.073604	0.254355
chr7	9222601	10078620	0.222815	0.095757	0.057021	0.212121
chr7	10085613	11782866	0.504108	0.200983	0.132210	0.383315
chr7	11797440	13972565	0.271402	0.070016	0.051963	0.200965
chr7	14025699	15075126	0.442280	0.252263	0.153327	0.348890
chr7	15079942	18366654	0.640613	0.245535	0.149334	0.554370
chr7	18375080	19350491	0.566138	0.398387	0.188796	0.493182
chr7	19367384	21608614	0.521396	0.187146	0.129943	0.297183
chr7	21645007	23230953	0.054248	0.027946	0.018043	0.036242
chr7	23330337	25695878	0.427196	0.260582	0.184960	0.300593
chr7	25916475	27650087	0.096131	0.069493	0.038199	0.077767
chr7	27696578	29313516	0.024143	0.013127	0.007018	0.020722
chr7	29313538	31348554	0.329706	0.118175	0.081649	0.229198
chr7	31351213	32333626	-0.207407	-0.097931	-0.050292	-0.147368
chr7	32596867	34094874	0.319619	0.172722	0.104563	0.233637
chr7	34098934	34465566	0.479133	0.228424	0.173810	0.374288
chr7	34473633	35005013	0.232180	0.122647	0.067820	0.162569
chr7	35015048	35738879	0.164208	0.126838	0.074273	0.109559
chr7	35740907	36328386	0.339013	0.187733	0.107885	0.267936
chr7	36329170	37468623	0.478571	0.274671	0.142814	0.369582
chr7	37478169	38192296	-0.014693	-0.010198	-0.005321	-0.010961
chr7	38192854	39732123	0.414422	0.172750	0.096646	0.312986
chr7	39732695	40851328	0.129783	0.059894	0.029346	0.134159
chr7	40869992	41264789	-0.126437	-0.097652	-0.041373	-0.083887
chr7	41264799	42236431	0.204030	0.084791	0.040788	0.175054
chr7	42244960	43400041	0.699462	0.315313	0.173338	0.486947
chr7	43447529	44314449	0.657107	0.305251	0.174117	0.490245
chr7	44343191	45351352	0.192670	0.081596	0.040585	0.122463
chr7	45395783	45758615	0.250360	0.144925	0.063754	0.196388
chr7	45773000	46579056	0.135885	0.077068	0.036948	0.092140
chr7	46594003	47007003	0.487237	0.363283	0.222487	0.410955
chr8	225100	931193	0.552437	0.343961	0.182796	0.379576
chr8	931244	1641165	0.130610	0.094023	0.041003	0.102966
chr8	1682395	2396168	0.357212	0.163909	0.075943	0.277634
chr8	2402239	2798042	0.557293	0.417473	0.219705	0.485918
chr8	2800702	3280368	0.392188	0.248673	0.132418	0.320332
chr8	3283825	4100719	0.063762	0.035284	0.017261	0.045032
chr8	4103943	4624553	-0.129675	-0.084121	-0.033118	-0.115936
chr8	4633067	5115884	0.326673	0.212821	0.121924	0.207633
chr8	5117219	5575989	0.169080	0.078007	0.044864	0.084177
chr8	5614213	6045453	0.054461	0.031636	0.017183	0.040482
chr8	6058970	6479431	0.132546	0.072714	0.039307	0.080095
chr8	6485928	6979669	0.078380	0.048917	0.026447	0.060742
chr8	6980282	7421605	0.182309	0.094891	0.051944	0.114905
chr8	7430772	8101963	0.353211	0.206158	0.099849	0.277942
chr8	8102672	8524617	0.096169	0.068773	0.034086	0.067537
chr8	8525834	9291121	0.666523	0.381105	0.249596	0.512627
chr8	9307643	10006010	0.259542	0.151974	0.076971	0.179894
chr8	10020420	11405645	0.307580	0.151458	0.095168	0.207700
chr8	11417094	12906901	0.194430	0.116286	0.045509	0.135457
chr8	12907641	14059013	0.228983	0.130475	0.056579	0.187768
chr8	14106763	16204537	0.420914	0.232195	0.098524	0.322534
chr8	16208725	17964007	0.471527	0.154248	0.085564	0.405797
chr8	17982291	20954955	0.377422	0.208141	0.115993	0.334122
chr8	21207895	24353327	0.251070	0.098790	0.063757	0.193238
chr8	24423955	26146137	0.112840	0.082316	0.036681	0.091483
chr8	26255703	28461772	0.567976	0.241867	0.175467	0.403929
chr8	28462729	29949981	0.448358	0.188582	0.118453	0.341780
chr8	29958831	31108571	0.440559	0.188892	0.134465	0.384481
chr8	31109937	32342646	0.618884	0.239774	0.155926	0.418456
chr8	32360848	33187169	0.287341	0.169645	0.094987	0.250213
chr8	33203228	34003527	0.454955	0.200357	0.139176	0.373768
chr8	34082422	34551399	0.318951	0.207314	0.094297	0.248555
chr8	34566506	35270021	0.379551	0.110691	0.083015	0.232681
chr8	35275886	35867948	0.194207	0.080785	0.053559	0.158918
chr8	35868163	36726681	0.423637	0.173077	0.112906	0.354090
chr8	36727409	37324209	0.285175	0.122397	0.072471	0.205437
chr8	37327473	37770683	0.390277	0.217854	0.129212	0.252951
chr8	37778127	38438379	0.470694	0.199579	0.134866	0.337646
chr8	38443014	38784465	0.511512	0.252507	0.171148	0.398840
chr8	38785440	39886255	0.542857	0.210157	0.154472	0.433623
chr8	39892338	40345705	-0.118570	-0.052515	-0.030764	-0.077198
chr8	40346482	40848969	0.289100	0.210293	0.116989	0.236209
chr8	40857663	41454751	0.761614	0.462423	0.250075	0.649635
chr8	41459027	42076144	0.614339	0.340256	0.251264	0.517170
chr8	42102486	43005183	0.156566	0.065424	0.041069	0.109434
chr8	43030475	43525468	0.250461	0.146717	0.096106	0.161271
chr9	878764	2277285	0.598971	0.356645	0.190391	0.426866
chr9	2308868	2977251	0.184664	0.102638	0.064457	0.133787
chr9	3016577	3844894	0.586957	0.275456	0.172312	0.442065
chr9	3854342	4164215	0.456013	0.316172	0.180511	0.365223
chr9	4164449	4863225	0.064815	0.034223	0.015356	0.053846
chr9	4867921	6082935	0.310888	0.210628	0.094957	0.248568
chr9	6165009	6884408	0.154736	0.107922	0.060348	0.130435
chr9	6897838	8375231	0.281422	0.104520	0.065986	0.245061
chr9	8390350	10178982	0.268990	0.096335	0.063988	0.182659
chr9	10180367	10687447	0.388364	0.165940	0.117944	0.338603
chr9	10705854	11207407	0.141948	0.084310	0.052176	0.113834
chr9	11207948	11679555	0.336968	0.209729	0.129868	0.301435
chr9	11681730	12614621	0.258953	0.099086	0.061298	0.185047
chr9	12622189	12995905	0.463005	0.338822	0.217719	0.378429
chr9	13014682	13868179	0.362108	0.116208	0.077925	0.220177
chr9	13871155	14645500	0.367612	0.248729	0.116817	0.311703
chr9	14655151	16054493	0.203281	0.110054	0.061394	0.144523
chr9	16056054	16789866	-0.005025	-0.004239	-0.001791	-0.003567
chr9	16821932	17916143	0.316054	0.156198	0.079848	0.210702
chr9	18039634	20179614	-0.068868	-0.021286	-0.014138	-0.046795
chr9	20284904	25235723	0.085210	0.024639	0.015227	0.065005
chr9	25237978	27311223	0.577916	0.278521	0.152892	0.528932
chr9	27314350	28542484	0.474077	0.262224	0.131342	0.344893
chr9	28545035	29379914	0.420217	0.206656	0.135964	0.346410
chr9	29392646	30772610	0.130450	0.057742	0.041055	0.116733
chr9	30773963	31496793	-0.272934	-0.111819	-0.074173	-0.217654
chr9	31506174	32361112	0.366310	0.177547	0.109152	0.337855
chr9	32388610	33633521	0.265148	0.098163	0.056864	0.202950
chr9	33704080	34996766	-0.242165	-0.116465	-0.059677	-0.193622
chr9	35009040	35517386	-0.138431	-0.099521	-0.052963	-0.104161
chr9	35534460	36213515	-0.034449	-0.024129	-0.012086	-0.021031
chr9	36217440	37280365	0.346765	0.188500	0.109978	0.254540
chr9	37280483	38383267	0.410952	0.240335	0.123453	0.293620
chr9	38384077	39029154	0.276704	0.145805	0.087152	0.167694
chr9	39035968	39726849	0.190526	0.103786	0.060393	0.177914
chr9	39737816	40627172	0.190977	0.129923	0.058885	0.145940
chr9	40638376	42094687	0.085195	0.045491	0.022697	0.074429
chr9	42098962	43245033	0.012195	0.007852	0.003241	0.006711
chr10	3320211	7443857	0.055708	0.021243	0.011501	0.031306
chr10	7444279	11168241	0.401361	0.106115	0.071708	0.300364
chr10	11211656	14257681	0.041992	0.017562	0.009890	0.042975
chr10	14278947	16069036	0.257333	0.134214	0.074398	0.211510
chr10	16084056	16825128	0.612643	0.431826	0.301662	0.468557
chr10	16853249	18983523	0.577740	0.334481	0.176669	0.430233
chr10	18988247	19511639	0.251531	0.199676	0.108374	0.184100
chr10	19519635	20567547	0.061668	0.038762	0.022162	0.044282
chr10	20802051	22620885	0.485915	0.163217	0.104744	0.377565
chr10	22666218	25015741	0.279032	0.122826	0.064211	0.204734
chr10	25022232	25853795	0.400980	0.318687	0.172538	0.344207
chr10	25855343	26673272	0.353275	0.205521	0.123713	0.258198
chr10	26679399	27166277	0.227603	0.138032	0.079308	0.134190
chr10	27168295	28090840	0.333007	0.170683	0.096687	0.199063
chr10	28115387	29564158	0.460202	0.226514	0.159836	0.431197
chr10	29626324	30750702	0.602888	0.248248	0.125875	0.353279
chr10	30755330	31153751	0.069779	0.033082	0.021971	0.047990
chr10	31155361	32631661	0.353753	0.179667	0.097312	0.280380
chr10	32632025	33524057	-0.012548	-0.005173	-0.003378	-0.007712
chr10	33524399	34117426	0.034320	0.014644	0.008814	0.024707
chr10	34117453	34921170	0.123077	0.044934	0.028423	0.075342
chr10	35010164	36130484	0.218459	0.097225	0.046966	0.166727
chr10	36147955	36811098	0.058261	0.035781	0.021270	0.048834
chr10	36840566	37642418	0.048787	0.031867	0.015276	0.047596
chr10	37691560	38954359	0.385537	0.206550	0.116518	0.340433
chr10	38966307	39415269	0.100620	0.050917	0.030055	0.069644
chr10	39427340	40493921	0.238721	0.168210	0.070304	0.176318
chr11	554709	2910846	0.088304	0.039957	0.018171	0.040764
chr11	2923219	3632423	0.257516	0.103112	0.054157	0.135847
chr11	3632530	4007014	0.185022	0.113514	0.068670	0.161348
chr11	4007306	4519197	0.068854	0.035108	0.018695	0.055002
chr11	4560912	5052712	0.002261	0.001368	0.000704	0.001546
chr11	5069093	5690668	0.371362	0.189843	0.124302	0.288688
chr11	5702214	6091821	-0.233274	-0.201697	-0.093143	-0.167790
chr11	6134438	7380782	0.375462	0.149315	0.081522	0.286206
chr11	7380967	7711519	0.321685	0.141089	0.100098	0.223120
chr11	7713706	8181064	0.019813	0.009539	0.004587	0.019325
chr11	8191629	8614909	0.111904	0.076852	0.038987	0.070328
chr11	8624080	9396093	0.177234	0.075932	0.051960	0.152393
chr11	9412378	10085858	0.227572	0.177218	0.089327	0.210060
chr11	10111018	10912619	0.066075	0.022860	0.015001	0.049094
chr11	10917702	11236460	0.543046	0.452258	0.186390	0.422627
chr11	11242135	11623018	0.499267	0.230301	0.153759	0.291758
chr11	11643730	12338220	0.382280	0.256089	0.125420	0.293690
chr11	12349483	13456013	0.342857	0.126711	0.083797	0.235808
chr11	13456979	14186168	0.275155	0.150143	0.085317	0.238726
chr11	14193642	14987679	0.257426	0.140026	0.087921	0.161611
chr11	14998059	15670157	-0.275337	-0.124386	-0.076422	-0.222517
chr11	15714340	16486323	0.101502	0.068748	0.031710	0.074412
chr11	16492697	17363637	0.621622	0.301596	0.179545	0.461876
chr11	17366062	18017097	0.682584	0.370992	0.163820	0.431694
chr11	18028070	19057019	0.448020	0.246091	0.140066	0.409040
chr11	19093647	22688837	0.126715	0.036063	0.020157	0.084323
chr11	22702130	24835543	-0.135498	-0.046754	-0.031376	-0.068989
chr11	24836664	26971372	-0.003654	-0.001846	-0.001190	0.007608
chr11	27046328	27886565	0.156366	0.106751	0.052796	0.101079
chr11	27897226	28547001	0.166447	0.074874	0.045203	0.106991
chr11	28563838	29413544	0.090336	0.066744	0.029123	0.051881
chr11	29426992	29917576	0.334088	0.275991	0.121642	0.247081
chr11	29977577	30714480	0.178873	0.113971	0.059624	0.149647
chr11	30723197	31152630	0.486350	0.283650	0.173118	0.319864
chr11	31153626	31552920	0.413620	0.237220	0.155234	0.296057
chr11	31563580	32044570	0.525367	0.365876	0.202288	0.420182
chr11	32058217	33039582	0.551084	0.246310	0.173885	0.344961
chr11	33039586	33772257	0.388626	0.223799	0.131305	0.279101
chr11	33790521	34429479	0.186123	0.087497	0.055085	0.111111
chr11	34433766	35039239	0.336828	0.173103	0.100522	0.262513
chr11	35041944	35820616	0.383341	0.198286	0.097192	0.287030
chr11	35821160	36563973	0.266971	0.131553	0.067383	0.202303
chr11	36564239	37076247	-0.227186	-0.177365	-0.073122	-0.186573
chr11	37160844	38192197	0.178064	0.101391	0.053517	0.143163
chr12	3124092	4809424	0.452657	0.167344	0.124559	0.252470
chr12	4809487	8083150	-0.287367	-0.102280	-0.057535	-0.196114
chr12	8112967	9886853	0.006184	0.004103	0.002015	0.023344
chr12	9887434	11322384	0.516556	0.257662	0.153678	0.378641
chr12	11322740	13617689	0.362853	0.160220	0.085582	0.277656
chr12	13634308	14996819	0.554835	0.236364	0.152419	0.382211
chr12	15000325	16436369	0.088710	0.035006	0.023750	0.048590
chr12	16437900	17240919	0.592826	0.305979	0.237707	0.430179
chr12	17263019	18202877	-0.092612	-0.057642	-0.033018	-0.059651
chr12	18290371	20063849	0.440649	0.109733	0.077955	0.300672
chr12	20066012	20515160	-0.247802	-0.151038	-0.084838	-0.163546
chr12	20519380	21970457	0.153150	0.094303	0.042738	0.116642
chr12	21993780	22674245	0.638363	0.400165	0.237986	0.522506
chr12	22693671	23209719	0.641594	0.326870	0.225844	0.500823
chr12	23213447	23825113	0.429681	0.122096	0.078963	0.294315
chr12	23827462	24722192	0.275849	0.084341	0.057478	0.189245
chr12	24793331	25449830	0.036338	0.015128	0.010751	0.025692
chr12	25472086	25963069	0.027716	0.013477	0.006893	0.019755
chr12	25970746	26640550	0.305936	0.161128	0.087147	0.236202
chr12	26643089	27460041	0.212259	0.138972	0.065963	0.159467
chr12	27465013	28619495	0.473884	0.313836	0.166204	0.398881
chr12	28619690	29575601	0.005288	0.002909	0.001481	-0.002345
chr12	29583476	29841704	0.218116	0.130882	0.076089	0.159106
chr12	29866583	30619030	-0.184330	-0.141861	-0.069943	-0.139159
chr12	30620663	30948255	0.179136	0.114943	0.072743	0.157432
chr12	30959646	31451277	0.387998	0.186441	0.123596	0.322796
chr12	31461162	31719220	-0.079451	-0.029390	-0.019420	-0.073551
chr12	31720347	32118143	0.304307	0.179109	0.101324	0.223652
chr12	32138337	33142859	0.115023	0.059538	0.028726	0.084687
chr12	33148989	35015594	0.217043	0.081846	0.047085	0.168647
chr13	1383156	2310169	0.445661	0.218015	0.121006	0.369171
chr13	2320727	3204920	0.371216	0.196887	0.085414	0.281526
chr13	3210281	3719026	0.029515	0.024302	0.011055	0.041463
chr13	3724661	4315570	0.073343	0.041226	0.020864	0.052425
chr13	4315573	5158204	0.273023	0.115893	0.065150	0.220428
chr13	5182668	5760489	0.144662	0.080401	0.037010	0.122649
chr13	5784510	6664697	0.326326	0.101117	0.065390	0.247344
chr13	6670508	7625838	0.077852	0.049059	0.025171	0.067052
chr13	7642819	8234931	0.348008	0.100545	0.064210	0.221629
chr13	8260830	8771815	0.226163	0.108113	0.065882	0.185023
chr13	8772704	9510516	0.221647	0.142014	0.062847	0.173502
chr13	9512324	10687860	0.096615	0.045309	0.026678	0.071725
chr13	10692104	11548106	0.172058	0.087264	0.045753	0.120194
chr13	11550948	12151804	-0.010673	-0.008563	-0.004362	-0.007499
chr13	12154409	12621905	0.276113	0.143639	0.069390	0.219244
chr13	12622770	13597254	0.603631	0.250549	0.169751	0.456000
chr13	13651067	14707812	0.058585	0.026754	0.013497	0.051176
chr13	14723426	16521029	0.182194	0.078211	0.054250	0.139838
chr13	16609155	18588183	0.154238	0.062243	0.034579	0.108152
chr13	18599155	20373323	0.173275	0.067257	0.044164	0.110879
chr13	20387600	21138066	0.326403	0.217565	0.119882	0.239695
chr13	21138155	22163479	-0.061746	-0.039982	-0.012221	-0.030906
chr13	22165125	23203907	0.267246	0.216229	0.103063	0.186413
chr13	23209763	23817644	0.079869	0.107117	0.038130	0.052556
chr13	23821994	24469554	0.600246	0.282489	0.173882	0.325768
chr13	24471561	25283977	0.329865	0.181610	0.086826	0.216773
chr13	25381935	26808499	0.190120	0.085699	0.047921	0.136886
chr13	26817536	27640475	0.070498	0.037650	0.021676	0.063951
chr13	27640558	28070099	-0.073746	-0.061551	-0.025637	-0.070994
chr13	28077423	28623123	0.405052	0.213651	0.110333	0.281925
chr13	28624316	29183989	0.192670	0.129451	0.069964	0.145638
chr13	29196943	29646831	0.080370	0.076959	0.032353	0.054586
chr13	29650100	30524748	0.043641	0.018578	0.010200	0.028069
chr13	30524887	30917409	0.446705	0.324648	0.181246	0.287586
chr13	30930270	31667536	0.110840	0.076858	0.037917	0.075421
chr13	31692161	32223962	0.136364	0.075065	0.043677	0.104596
chr13	32233166	33113970	0.236111	0.148969	0.065436	0.193203
chr13	33115375	33538774	0.190383	0.132131	0.054421	0.151386
chr14	873182	1946049	0.197900	0.111617	0.070473	0.165429
chr14	1963161	2765885	-0.036394	-0.016779	-0.008384	-0.012039
chr14	2766064	4445763	0.559184	0.261360	0.157776	0.423434
chr14	4521032	5492132	0.208100	0.059198	0.042632	0.141684
chr14	5499142	6270798	-0.005598	-0.002469	-0.001529	-0.008491
chr14	6272079	7450657	0.181918	0.071786	0.038203	0.120702
chr14	7455372	8650399	0.056446	0.019086	0.011806	0.046259
chr14	8655943	9281586	0.541545	0.252463	0.171257	0.427749
chr14	9288990	9787884	0.217725	0.162960	0.089587	0.157817
chr14	9787990	10741437	0.361456	0.201661	0.116254	0.254247
chr14	10826665	11308932	0.000996	0.000507	0.000221	0.000733
chr14	11315646	12247771	0.399026	0.215456	0.131709	0.310767
chr15	434683	1247717	0.175955	0.085314	0.049701	0.116661
chr15	1291143	2415319	0.037361	0.015542	0.009396	0.017128
chr15	2557339	3117513	0.045019	0.022926	0.011974	0.042154
chr15	3136836	3892224	0.413265	0.170639	0.102063	0.382539
chr15	3893534	4822881	0.159106	0.068673	0.031772	0.130150
chr15	4826844	5231434	-0.119924	-0.078809	-0.037162	-0.096729
chr15	5257584	5615330	0.394698	0.242900	0.141077	0.325893
chr15	5619961	5955621	0.340030	0.215211	0.133145	0.262819
chr15	5964463	6737474	0.104615	0.057481	0.029776	0.092643
chr15	6769684	7346549	0.334671	0.152318	0.100015	0.243164
chr15	7352361	7919064	0.147601	0.086611	0.041768	0.100897
chr15	7941508	8775576	0.566569	0.280574	0.177313	0.416939
chr15	8780654	9604349	0.469388	0.193505	0.125245	0.341834
chr15	9613206	10816461	0.463962	0.342330	0.198420	0.368209
chr15	10841250	11764552	0.434240	0.185849	0.108222	0.271676
chr15	11789077	12374584	0.241421	0.159278	0.086635	0.153772
chr16	275176	961952	0.161059	0.107527	0.059094	0.129014
chr16	1036993	1797420	0.501821	0.272570	0.115866	0.336181
chr16	1818543	4056345	0.257723	0.087925	0.042584	0.168070
chr16	4292184	5798480	0.516353	0.120129	0.067300	0.356605
chr16	5808099	7267912	0.397949	0.176163	0.088413	0.265753
chr16	7299024	8808779	0.518929	0.218698	0.137787	0.392784
chr16	8812486	9338798	0.031759	0.022353	0.009275	0.044930
chr17	351577	715616	0.075099	0.035572	0.023006	0.062638
chr17	717630	1415836	0.288269	0.144751	0.094093	0.187743
chr17	1432433	2164802	0.374394	0.168706	0.108442	0.274538
chr17	2169023	2926564	0.010309	0.005193	0.002735	0.007212
chr17	2959986	3876963	0.354787	0.137106	0.083333	0.295378
chr17	3895545	4451510	0.462185	0.247619	0.142957	0.404721
chr17	4480851	5493478	0.158318	0.061277	0.034426	0.115717
chr17	5495100	7077800	0.525202	0.164319	0.115141	0.436319
chr17	7109856	8136514	0.501093	0.205882	0.141120	0.323685
chr18	1083607	2631587	0.294933	0.144568	0.082124	0.232052
chr18	2631647	3583481	0.395038	0.190608	0.113971	0.310030
chr18	3598078	4472351	-0.173146	-0.091495	-0.049631	-0.124801
chr18	4472483	5133989	0.622088	0.406668	0.290347	0.496913
chr18	5152469	5550473	0.149758	0.113971	0.051765	0.126975
chr18	5550780	6184881	0.024948	0.024124	0.010822	0.016740
chr18	6190260	6911672	0.448416	0.317424	0.143994	0.328181
chr18	6915121	7764207	0.164855	0.085326	0.044482	0.119064
chr19	2101988	3106204	0.067745	0.033483	0.018374	0.060338
chr19	3140570	4132970	0.072756	0.048936	0.020914	0.061590
chr19	4133013	5383198	-0.017942	-0.008580	-0.004892	-0.025230
chr19	5398345	6178920	0.064968	0.033960	0.017958	0.045394
chr19	6241387	7098337	0.521441	0.223859	0.147126	0.408663
chr19	7103162	7681282	0.305931	0.106233	0.067875	0.203883
chr20	605075	1602983	0.294931	0.196741	0.100859	0.204230
chr20	1752038	2642866	0.362568	0.218578	0.113426	0.244668
chr20	2677902	3293979	0.198887	0.111267	0.063953	0.118795
chr20	3295710	3952547	0.525202	0.208483	0.133633	0.386212
chr20	3960658	4713210	0.514469	0.307397	0.168448	0.442968
chr20	4715237	5281849	0.482353	0.308511	0.168796	0.413974
chr20	5307967	5968136	0.116583	0.068376	0.034406	0.096542
chr20	6001988	6602326	0.469674	0.306209	0.166785	0.316875
chr21	372253	1435203	0.056021	0.029742	0.016662	0.063283
chr21	1658376	2951853	0.019620	0.007335	0.004037	0.019009
chr21	2952756	4090549	0.287405	0.128690	0.072642	0.257554
chr21	4102599	5493823	0.262954	0.132813	0.071212	0.229111
chr21	5519615	6585319	0.112816	0.050751	0.035014	0.083676
chr22	623847	1359041	0.022760	0.011952	0.006460	0.015385
chr22	1359699	2730449	0.282026	0.112900	0.071790	0.208767
chr22	2743911	3655938	0.504587	0.331787	0.167193	0.431361
chr22	3658271	4653428	0.041733	0.015002	0.008788	0.001133
chr22	4714696	5597833	-0.021175	-0.007577	-0.004092	-0.012364
chr23	424484	1012649	0.012933	0.008221	0.004329	0.014493
chr23	1016186	1666626	0.316661	0.189231	0.116116	0.306598
chr23	1674057	3057056	0.580920	0.294346	0.160471	0.419951
chr24	679557	1985266	-0.187407	-0.085154	-0.036894	-0.146287
chrZ	617981	1017845	0.246139	0.135368	0.076023	0.174694
chrZ	1022501	2414702	0.439052	0.294849	0.145167	0.406301
chrZ	2415422	3774241	0.062066	0.048669	0.023123	0.068516
chrZ	3776709	4235545	-0.064602	-0.049643	-0.024567	-0.056396
chrZ	4237402	4381548	-0.220953	-0.490494	-0.214049	-0.153085
chrZ	4381574	4501850	-0.014089	-0.021467	-0.013945	0.002199
chrZ	4506395	4565889	-0.223242	-0.379813	-0.162728	-0.151767
chrZ	4568113	4633183	-0.242279	-0.948925	-0.249646	-0.137622
chrZ	4633190	5192301	-0.213571	-0.325976	-0.116717	-0.121365
chrZ	5241289	6789156	-0.141575	-0.198451	-0.098843	-0.096019
chrZ	6815186	7286857	-0.070461	-0.297143	-0.065245	-0.037572
chrZ	7352532	8995623	0.219532	0.268509	0.144068	0.160947
chrZ	9031430	9371663	0.292948	0.273187	0.161946	0.207692
chrZ	9419058	11173200	-0.349658	-0.265341	-0.130057	-0.273863
chrZ	11199673	15220002	0.104430	0.039497	0.023190	0.078947
chrZ	15220032	19324969	0.047313	0.028960	0.017682	0.037692
chrZ	19381229	23761485	0.219460	0.176068	0.094960	0.157092
chrZ	23781255	54265378	0.265896	0.061773	0.040974	0.227932
chrZ	54265387	80140704	0.609338	0.221004	0.117823	0.516809
