#Insert size (bp)	insert size
1.0	26333.0
2.0	1583.0
3.0	519.0
4.0	484.0
5.0	437.0
6.0	452.0
7.0	503.0
8.0	463.0
9.0	409.0
10.0	442.0
11.0	373.0
12.0	402.0
13.0	397.0
14.0	360.0
15.0	396.0
16.0	351.0
17.0	354.0
18.0	351.0
19.0	317.0
20.0	321.0
21.0	309.0
22.0	316.0
23.0	304.0
24.0	314.0
25.0	322.0
26.0	310.0
27.0	314.0
28.0	301.0
29.0	333.0
30.0	354.0
31.0	191.0
32.0	197.0
33.0	208.0
34.0	186.0
35.0	205.0
36.0	227.0
37.0	220.0
38.0	242.0
39.0	337.0
40.0	6710.0
41.0	6931.0
42.0	6846.0
43.0	7042.0
44.0	6994.0
45.0	7137.0
46.0	7276.0
47.0	7495.0
48.0	7390.0
49.0	7519.0
50.0	7393.0
51.0	7484.0
52.0	7596.0
53.0	7936.0
54.0	7755.0
55.0	8008.0
56.0	8076.0
57.0	8350.0
58.0	8490.0
59.0	8807.0
60.0	8627.0
61.0	8675.0
62.0	8781.0
63.0	8903.0
64.0	8855.0
65.0	9277.0
66.0	9380.0
67.0	9505.0
68.0	9776.0
69.0	10002.0
70.0	10157.0
71.0	10602.0
72.0	10676.0
73.0	10948.0
74.0	11141.0
75.0	11729.0
76.0	11815.0
77.0	12126.0
78.0	12525.0
79.0	13140.0
80.0	13345.0
81.0	13652.0
82.0	14259.0
83.0	14857.0
84.0	15183.0
85.0	15524.0
86.0	16426.0
87.0	16792.0
88.0	17836.0
89.0	18736.0
90.0	19322.0
91.0	20136.0
92.0	20934.0
93.0	22212.0
94.0	23086.0
95.0	24002.0
96.0	25341.0
97.0	26497.0
98.0	27927.0
99.0	28769.0
100.0	30301.0
101.0	31522.0
102.0	33366.0
103.0	35194.0
104.0	36795.0
105.0	38613.0
106.0	40302.0
107.0	42189.0
108.0	44456.0
109.0	46044.0
110.0	48558.0
111.0	50914.0
112.0	52711.0
113.0	55991.0
114.0	57896.0
115.0	60713.0
116.0	62993.0
117.0	66093.0
118.0	68018.0
119.0	70903.0
120.0	73423.0
121.0	76220.0
122.0	79553.0
123.0	81914.0
124.0	85398.0
125.0	88029.0
126.0	91288.0
127.0	93539.0
128.0	96412.0
129.0	100166.0
130.0	102924.0
131.0	105466.0
132.0	108662.0
133.0	111795.0
134.0	115662.0
135.0	118154.0
136.0	120251.0
137.0	123843.0
138.0	127334.0
139.0	129434.0
140.0	132465.0
141.0	136163.0
142.0	138351.0
143.0	140935.0
144.0	143901.0
145.0	146584.0
146.0	150099.0
147.0	152035.0
148.0	154482.0
149.0	157677.0
150.0	160012.0
151.0	164684.0
152.0	167071.0
153.0	169868.0
154.0	171785.0
155.0	175754.0
156.0	177476.0
157.0	180139.0
158.0	182086.0
159.0	184773.0
160.0	187945.0
161.0	189059.0
162.0	190613.0
163.0	193724.0
164.0	195747.0
165.0	198255.0
166.0	200210.0
167.0	201968.0
168.0	204664.0
169.0	206780.0
170.0	208698.0
171.0	209621.0
172.0	212279.0
173.0	213722.0
174.0	216263.0
175.0	217848.0
176.0	220181.0
177.0	221462.0
178.0	223518.0
179.0	224727.0
180.0	226224.0
181.0	227689.0
182.0	227875.0
183.0	230749.0
184.0	230939.0
185.0	232899.0
186.0	233877.0
187.0	234757.0
188.0	234775.0
189.0	235616.0
190.0	236808.0
191.0	236791.0
192.0	238622.0
193.0	238306.0
194.0	238546.0
195.0	239531.0
196.0	240039.0
197.0	240264.0
198.0	240816.0
199.0	241422.0
200.0	240939.0
201.0	242209.0
202.0	242046.0
203.0	241742.0
204.0	242124.0
205.0	241871.0
206.0	241529.0
207.0	241648.0
208.0	241768.0
209.0	242015.0
210.0	241334.0
211.0	240905.0
212.0	239957.0
213.0	240280.0
214.0	240221.0
215.0	239632.0
216.0	239680.0
217.0	238897.0
218.0	239714.0
219.0	239116.0
220.0	240119.0
221.0	238942.0
222.0	238064.0
223.0	238090.0
224.0	237629.0
225.0	236462.0
226.0	236442.0
227.0	234753.0
228.0	235249.0
229.0	234036.0
230.0	234346.0
231.0	233538.0
232.0	233224.0
233.0	230981.0
234.0	230952.0
235.0	230063.0
236.0	228173.0
237.0	227656.0
238.0	227263.0
239.0	227165.0
240.0	225570.0
241.0	224597.0
242.0	223844.0
243.0	222904.0
244.0	222348.0
245.0	220524.0
246.0	219751.0
247.0	217699.0
248.0	217319.0
249.0	216069.0
250.0	215644.0
251.0	214497.0
252.0	213406.0
253.0	211831.0
254.0	211638.0
255.0	209806.0
256.0	207310.0
257.0	206426.0
258.0	205700.0
259.0	204064.0
260.0	203552.0
261.0	202466.0
262.0	201066.0
263.0	199942.0
264.0	197964.0
265.0	196832.0
266.0	195522.0
267.0	194718.0
268.0	192968.0
269.0	191538.0
270.0	190542.0
271.0	189808.0
272.0	187377.0
273.0	186451.0
274.0	185751.0
275.0	184953.0
276.0	182629.0
277.0	181064.0
278.0	180189.0
279.0	179283.0
280.0	177867.0
281.0	176530.0
282.0	175238.0
283.0	174203.0
284.0	172178.0
285.0	170955.0
286.0	170065.0
287.0	168994.0
288.0	166919.0
289.0	165855.0
290.0	164527.0
291.0	163162.0
292.0	163070.0
293.0	161509.0
294.0	159936.0
295.0	158982.0
296.0	157563.0
297.0	156237.0
298.0	155094.0
299.0	153634.0
300.0	152712.0
301.0	151538.0
302.0	149631.0
303.0	148702.0
304.0	147647.0
305.0	145300.0
306.0	145250.0
307.0	143259.0
308.0	142574.0
309.0	140751.0
310.0	140260.0
311.0	139385.0
312.0	138270.0
313.0	136339.0
314.0	135264.0
315.0	134267.0
316.0	133240.0
317.0	132927.0
318.0	130877.0
319.0	130687.0
320.0	129051.0
321.0	127725.0
322.0	126897.0
323.0	125483.0
324.0	124445.0
325.0	123194.0
326.0	122566.0
327.0	121315.0
328.0	120420.0
329.0	118213.0
330.0	117686.0
331.0	116926.0
332.0	115119.0
333.0	114476.0
334.0	113641.0
335.0	111536.0
336.0	111249.0
337.0	110190.0
338.0	109511.0
339.0	109131.0
340.0	107691.0
341.0	106538.0
342.0	105311.0
343.0	104269.0
344.0	103689.0
345.0	103283.0
346.0	101951.0
347.0	100335.0
348.0	99875.0
349.0	98633.0
350.0	97240.0
351.0	96674.0
352.0	95555.0
353.0	94485.0
354.0	93662.0
355.0	93586.0
356.0	91937.0
357.0	91360.0
358.0	90224.0
359.0	89764.0
360.0	88860.0
361.0	88095.0
362.0	87245.0
363.0	86214.0
364.0	85430.0
365.0	84281.0
366.0	83929.0
367.0	82936.0
368.0	81769.0
369.0	81558.0
370.0	81134.0
371.0	80044.0
372.0	78947.0
373.0	78300.0
374.0	77440.0
375.0	76658.0
376.0	76270.0
377.0	75014.0
378.0	74374.0
379.0	73618.0
380.0	73329.0
381.0	72449.0
382.0	72078.0
383.0	71099.0
384.0	70306.0
385.0	69448.0
386.0	68577.0
387.0	67705.0
388.0	67544.0
389.0	66767.0
390.0	65348.0
391.0	65569.0
392.0	64556.0
393.0	64073.0
394.0	63854.0
395.0	62570.0
396.0	61918.0
397.0	61382.0
398.0	61125.0
399.0	60146.0
400.0	59786.0
401.0	58825.0
402.0	58286.0
403.0	57656.0
404.0	57305.0
405.0	56865.0
406.0	55905.0
407.0	55513.0
408.0	55211.0
409.0	54649.0
410.0	53992.0
411.0	53691.0
412.0	52810.0
413.0	51820.0
414.0	51308.0
415.0	50783.0
416.0	50527.0
417.0	49740.0
418.0	49658.0
419.0	49139.0
420.0	48163.0
421.0	47971.0
422.0	47454.0
423.0	46865.0
424.0	46351.0
425.0	45846.0
426.0	45575.0
427.0	45007.0
428.0	44335.0
429.0	43637.0
430.0	43556.0
431.0	42905.0
432.0	42931.0
433.0	42101.0
434.0	41464.0
435.0	41354.0
436.0	40589.0
437.0	40748.0
438.0	39754.0
439.0	40072.0
440.0	39200.0
441.0	38520.0
442.0	38348.0
443.0	37871.0
444.0	37288.0
445.0	36895.0
446.0	36372.0
447.0	36191.0
448.0	35656.0
449.0	35256.0
450.0	34920.0
451.0	34509.0
452.0	33969.0
453.0	33571.0
454.0	33501.0
455.0	32859.0
456.0	32285.0
457.0	31878.0
458.0	32119.0
459.0	31531.0
460.0	31362.0
461.0	31061.0
462.0	30490.0
463.0	29945.0
464.0	29848.0
465.0	29557.0
466.0	28920.0
467.0	28906.0
468.0	28567.0
469.0	28304.0
470.0	27775.0
471.0	27449.0
472.0	27186.0
473.0	27078.0
474.0	26706.0
475.0	26321.0
476.0	26006.0
477.0	25771.0
478.0	25561.0
479.0	25353.0
480.0	25216.0
481.0	24456.0
482.0	24212.0
483.0	24095.0
484.0	24178.0
485.0	23354.0
486.0	23393.0
487.0	23230.0
488.0	22792.0
489.0	22623.0
490.0	22337.0
491.0	22308.0
492.0	21527.0
493.0	21277.0
494.0	21385.0
495.0	21041.0
496.0	20769.0
497.0	20788.0
498.0	20219.0
499.0	20039.0
500.0	20006.0
501.0	18592.0
502.0	18062.0
503.0	17935.0
504.0	17808.0
505.0	17998.0
506.0	17544.0
507.0	17486.0
508.0	16919.0
509.0	16946.0
510.0	16486.0
511.0	16295.0
512.0	16336.0
513.0	16500.0
514.0	17572.0
515.0	20358.0
516.0	15182.0
517.0	15121.0
518.0	15164.0
519.0	15094.0
520.0	15186.0
521.0	15333.0
522.0	15444.0
523.0	15633.0
524.0	15849.0
525.0	16560.0
526.0	20484.0
527.0	30723.0
528.0	52883.0
529.0	8174.0
530.0	8090.0
531.0	8059.0
532.0	7956.0
533.0	7888.0
534.0	7967.0
535.0	7952.0
536.0	7864.0
537.0	7755.0
538.0	7743.0
539.0	7775.0
540.0	7774.0
541.0	7798.0
542.0	7825.0
543.0	7803.0
544.0	7884.0
545.0	8068.0
546.0	8164.0
547.0	8423.0
548.0	8430.0
549.0	8787.0
550.0	9296.0
551.0	9292.0
552.0	9552.0
553.0	9774.0
554.0	9639.0
555.0	9641.0
556.0	9499.0
557.0	9503.0
558.0	9316.0
559.0	9275.0
560.0	9153.0
561.0	8963.0
562.0	8758.0
563.0	8634.0
564.0	8527.0
565.0	8577.0
566.0	8407.0
567.0	8208.0
568.0	8237.0
569.0	8007.0
570.0	7966.0
571.0	8015.0
572.0	7519.0
573.0	7798.0
574.0	7702.0
575.0	7488.0
576.0	7524.0
577.0	7294.0
578.0	7119.0
579.0	7315.0
580.0	7078.0
581.0	7023.0
582.0	7107.0
583.0	6713.0
584.0	6645.0
585.0	6658.0
586.0	6492.0
587.0	6617.0
588.0	6360.0
589.0	6288.0
590.0	6277.0
591.0	6259.0
592.0	6247.0
593.0	5891.0
594.0	5836.0
595.0	5882.0
596.0	5855.0
597.0	5647.0
598.0	5510.0
599.0	5472.0
600.0	5421.0
601.0	5287.0
602.0	5354.0
603.0	5369.0
604.0	5343.0
605.0	5285.0
606.0	5182.0
607.0	4957.0
608.0	4931.0
609.0	4792.0
610.0	4924.0
611.0	4740.0
612.0	4699.0
613.0	4634.0
614.0	4601.0
615.0	4447.0
616.0	4578.0
617.0	4379.0
618.0	4306.0
619.0	4250.0
620.0	4289.0
621.0	4267.0
622.0	4143.0
623.0	4134.0
624.0	4017.0
625.0	3980.0
626.0	3981.0
627.0	3882.0
628.0	3752.0
629.0	3890.0
630.0	3800.0
631.0	3758.0
632.0	3772.0
