chr1	215872496	21571008	0
chr2	165051286	16489634	0
chr3	125510139	12640127	0
chr4	82438829	8042491	0
chr5	70992871	7036144	0
chr6	52539765	5184811	0
chr7	47750090	4882444	0
chr8	43861690	4324205	0
chr9	43770548	4305606	0
chr10	41489931	4020914	0
chr11	38974675	3851059	0
chr12	35546317	3565638	0
chr13	34322904	3481753	0
chr14	13223547	1294270	0
chr15	13149485	1251658	0
chr16	9767604	937419	0
chr17	8686195	839789	0
chr18	8379326	769118	0
chr19	8133896	713716	0
chr20	7777642	706173	0
chr21	7118070	622785	0
chr22	6270964	600909	0
chr23	3233901	235866	0
chr24	2563298	179840	0
chr25	926252	108344	0
chrZ	84526827	4575879	0
chrMT	19110	414542	0
VMED01000001.1	29829	1024	0
VMED01000002.1	29808	354	0
VMED01000003.1	28782	9330	0
VMED01000004.1	27584	1083	0
VMED01000005.1	27050	2103	0
VMED01000006.1	26503	992	0
VMED01000007.1	26219	872	0
VMED01000008.1	24079	4745	0
VMED01000009.1	23664	1090	0
VMED01000010.1	23792	690	0
VMED01000012.1	23552	703	0
VMED01000013.1	23542	411	0
VMED01000014.1	23190	327	0
VMED01000015.1	21909	2990	0
VMED01000016.1	21224	405	0
VMED01000017.1	21152	394	0
VMED01000018.1	20910	331	0
VMED01000019.1	17254	10710	0
VMED01000020.1	13591	339	0
VMED01000038.1	620301	49209	0
VMED01000042.1	681565	126698	0
VMED01000044.1	389001	37189	0
VMED01000045.1	372064	33820	0
VMED01000046.1	248262	28113	0
VMED01000047.1	242906	69272	0
VMED01000049.1	232881	34817	0
VMED01000050.1	204694	123992	0
VMED01000052.1	371044	19921	0
VMED01000051.1	175398	7647	0
VMED01000053.1	169980	9714	0
VMED01000054.1	171058	174756	0
VMED01000055.1	155136	7072	0
VMED01000056.1	138063	6356	0
VMED01000058.1	134328	4375	0
VMED01000059.1	113834	5127	0
VMED01000060.1	114039	3026	0
VMED01000061.1	111398	6885	0
VMED01000062.1	98712	2385	0
VMED01000063.1	95664	11221	0
VMED01000064.1	72089	2642	0
VMED01000065.1	68996	6338	0
VMED01000066.1	66200	63734	0
VMED01000067.1	62286	23364	0
VMED01000068.1	62646	3077	0
VMED01000069.1	58845	1799	0
VMED01000070.1	55054	12208	0
VMED01000071.1	52737	2312	0
VMED01000072.1	50855	2264	0
VMED01000073.1	50876	521	0
VMED01000074.1	47039	13029	0
VMED01000075.1	46150	2907	0
VMED01000076.1	46045	6291	0
VMED01000077.1	41702	2556	0
VMED01000078.1	39470	1760	0
VMED01000079.1	37803	3887	0
VMED01000080.1	37711	20749	0
VMED01000081.1	37134	3	0
VMED01000082.1	37193	34689	0
VMED01000084.1	36279	2660	0
VMED01000085.1	36043	1613	0
VMED01000086.1	35211	1280	0
VMED01000087.1	33773	567	0
VMED01000088.1	33046	1032	0
VMED01000089.1	32476	2124	0
VMED01000090.1	31420	1036	0
VMED01000091.1	31178	1977	0
VMED01000092.1	30897	304	0
VMED01000093.1	29794	41305	0
*	0	0	0
