chr1	215872496	20019962	0
chr2	165051286	15137219	0
chr3	125510139	11782878	0
chr4	82438829	7392659	0
chr5	70992871	6570433	0
chr6	52539765	5004781	0
chr7	47750090	4808531	0
chr8	43861690	4161458	0
chr9	43770548	3960530	0
chr10	41489931	3783321	0
chr11	38974675	3716046	0
chr12	35546317	3377603	0
chr13	34322904	3460580	0
chr14	13223547	1274328	0
chr15	13149485	1230681	0
chr16	9767604	931623	0
chr17	8686195	883052	0
chr18	8379326	749697	0
chr19	8133896	701756	0
chr20	7777642	737945	0
chr21	7118070	662324	0
chr22	6270964	609498	0
chr23	3233901	259893	0
chr24	2563298	198923	0
chr25	926252	155933	0
chrZ	84526827	4251599	0
chrMT	19110	5277	0
VMED01000001.1	29829	851	0
VMED01000002.1	29808	506	0
VMED01000003.1	28782	13461	0
VMED01000004.1	27584	1207	0
VMED01000005.1	27050	2924	0
VMED01000006.1	26503	1132	0
VMED01000007.1	26219	1177	0
VMED01000008.1	24079	7401	0
VMED01000009.1	23664	1076	0
VMED01000010.1	23792	888	0
VMED01000012.1	23552	743	0
VMED01000013.1	23542	424	0
VMED01000014.1	23190	350	0
VMED01000015.1	21909	7228	0
VMED01000016.1	21224	514	0
VMED01000017.1	21152	594	0
VMED01000018.1	20910	334	0
VMED01000019.1	17254	12728	0
VMED01000020.1	13591	364	0
VMED01000038.1	620301	49074	0
VMED01000042.1	681565	118848	0
VMED01000044.1	389001	37043	0
VMED01000045.1	372064	10798	0
VMED01000046.1	248262	38076	0
VMED01000047.1	242906	90098	0
VMED01000049.1	232881	34840	0
VMED01000050.1	204694	152311	0
VMED01000052.1	371044	25539	0
VMED01000051.1	175398	7009	0
VMED01000053.1	169980	10500	0
VMED01000054.1	171058	258549	0
VMED01000055.1	155136	7478	0
VMED01000056.1	138063	7591	0
VMED01000058.1	134328	4335	0
VMED01000059.1	113834	6301	0
VMED01000060.1	114039	3914	0
VMED01000061.1	111398	8233	0
VMED01000062.1	98712	2961	0
VMED01000063.1	95664	18901	0
VMED01000064.1	72089	2829	0
VMED01000065.1	68996	6053	0
VMED01000066.1	66200	106541	0
VMED01000067.1	62286	33485	0
VMED01000068.1	62646	3445	0
VMED01000069.1	58845	2358	0
VMED01000070.1	55054	21309	0
VMED01000071.1	52737	2827	0
VMED01000072.1	50855	2793	0
VMED01000073.1	50876	584	0
VMED01000074.1	47039	12350	0
VMED01000075.1	46150	3186	0
VMED01000076.1	46045	8137	0
VMED01000077.1	41702	3014	0
VMED01000078.1	39470	2069	0
VMED01000079.1	37803	7664	0
VMED01000080.1	37711	26551	0
VMED01000081.1	37134	2	0
VMED01000082.1	37193	48137	0
VMED01000084.1	36279	2669	0
VMED01000085.1	36043	2086	0
VMED01000086.1	35211	1475	0
VMED01000087.1	33773	649	0
VMED01000088.1	33046	1324	0
VMED01000089.1	32476	2200	0
VMED01000090.1	31420	1058	0
VMED01000091.1	31178	2879	0
VMED01000092.1	30897	435	0
VMED01000093.1	29794	63272	0
*	0	0	0
