chr1	215872496	17306885	0
chr2	165051286	12981881	0
chr3	125510139	10304133	0
chr4	82438829	6378234	0
chr5	70992871	5914797	0
chr6	52539765	4875171	0
chr7	47750090	4558897	0
chr8	43861690	4101991	0
chr9	43770548	3647409	0
chr10	41489931	3449016	0
chr11	38974675	3745824	0
chr12	35546317	3145894	0
chr13	34322904	3604857	0
chr14	13223547	1407741	0
chr15	13149485	1360142	0
chr16	9767604	999700	0
chr17	8686195	990343	0
chr18	8379326	795235	0
chr19	8133896	798615	0
chr20	7777642	868691	0
chr21	7118070	796011	0
chr22	6270964	657943	0
chr23	3233901	323017	0
chr24	2563298	245354	0
chr25	926252	185213	0
chrZ	84526827	6513781	0
chrMT	19110	5648	0
VMED01000001.1	29829	1420	0
VMED01000002.1	29808	859	0
VMED01000003.1	28782	14203	0
VMED01000004.1	27584	1589	0
VMED01000005.1	27050	2834	0
VMED01000006.1	26503	1396	0
VMED01000007.1	26219	1703	0
VMED01000008.1	24079	8168	0
VMED01000009.1	23664	1629	0
VMED01000010.1	23792	1136	0
VMED01000012.1	23552	1078	0
VMED01000013.1	23542	599	0
VMED01000014.1	23190	364	0
VMED01000015.1	21909	8507	0
VMED01000016.1	21224	721	0
VMED01000017.1	21152	830	0
VMED01000018.1	20910	453	0
VMED01000019.1	17254	16750	0
VMED01000020.1	13591	669	0
VMED01000038.1	620301	54284	0
VMED01000042.1	681565	104044	0
VMED01000044.1	389001	45070	0
VMED01000045.1	372064	7887	0
VMED01000046.1	248262	40929	0
VMED01000047.1	242906	100201	0
VMED01000049.1	232881	49638	0
VMED01000050.1	204694	180854	0
VMED01000052.1	371044	30197	0
VMED01000051.1	175398	6970	0
VMED01000053.1	169980	11514	0
VMED01000054.1	171058	287817	0
VMED01000055.1	155136	11491	0
VMED01000056.1	138063	9283	0
VMED01000058.1	134328	5296	0
VMED01000059.1	113834	7690	0
VMED01000060.1	114039	5560	0
VMED01000061.1	111398	12201	0
VMED01000062.1	98712	4679	0
VMED01000063.1	95664	15302	0
VMED01000064.1	72089	4214	0
VMED01000065.1	68996	7168	0
VMED01000066.1	66200	117692	0
VMED01000067.1	62286	40749	0
VMED01000068.1	62646	5252	0
VMED01000069.1	58845	2961	0
VMED01000070.1	55054	18091	0
VMED01000071.1	52737	4039	0
VMED01000072.1	50855	4016	0
VMED01000073.1	50876	818	0
VMED01000074.1	47039	13740	0
VMED01000075.1	46150	4368	0
VMED01000076.1	46045	7940	0
VMED01000077.1	41702	4024	0
VMED01000078.1	39470	3202	0
VMED01000079.1	37803	8177	0
VMED01000080.1	37711	29335	0
VMED01000081.1	37134	6	0
VMED01000082.1	37193	52899	0
VMED01000084.1	36279	2626	0
VMED01000085.1	36043	3046	0
VMED01000086.1	35211	2244	0
VMED01000087.1	33773	882	0
VMED01000088.1	33046	1654	0
VMED01000089.1	32476	3244	0
VMED01000090.1	31420	1616	0
VMED01000091.1	31178	2606	0
VMED01000092.1	30897	470	0
VMED01000093.1	29794	66169	0
*	0	0	0
