chr1	215872496	21655276	0
chr2	165051286	16528411	0
chr3	125510139	12742887	0
chr4	82438829	8044124	0
chr5	70992871	7019683	0
chr6	52539765	5179715	0
chr7	47750090	4878186	0
chr8	43861690	4310357	0
chr9	43770548	4287282	0
chr10	41489931	4041560	0
chr11	38974675	3830610	0
chr12	35546317	3565549	0
chr13	34322904	3541699	0
chr14	13223547	1302374	0
chr15	13149485	1273475	0
chr16	9767604	962155	0
chr17	8686195	874664	0
chr18	8379326	772056	0
chr19	8133896	700515	0
chr20	7777642	724775	0
chr21	7118070	605275	0
chr22	6270964	590692	0
chr23	3233901	253129	0
chr24	2563298	190381	0
chr25	926252	143111	0
chrZ	84526827	8108193	0
chrMT	19110	2944	0
VMED01000001.1	29829	976	0
VMED01000002.1	29808	543	0
VMED01000003.1	28782	14558	0
VMED01000004.1	27584	1049	0
VMED01000005.1	27050	2268	0
VMED01000006.1	26503	1023	0
VMED01000007.1	26219	859	0
VMED01000008.1	24079	5772	0
VMED01000009.1	23664	1106	0
VMED01000010.1	23792	808	0
VMED01000012.1	23552	717	0
VMED01000013.1	23542	495	0
VMED01000014.1	23190	298	0
VMED01000015.1	21909	6775	0
VMED01000016.1	21224	428	0
VMED01000017.1	21152	447	0
VMED01000018.1	20910	370	0
VMED01000019.1	17254	13468	0
VMED01000020.1	13591	346	0
VMED01000038.1	620301	48060	0
VMED01000042.1	681565	134505	0
VMED01000044.1	389001	35796	0
VMED01000045.1	372064	9556	0
VMED01000046.1	248262	35298	0
VMED01000047.1	242906	81832	0
VMED01000049.1	232881	36808	0
VMED01000050.1	204694	226108	0
VMED01000052.1	371044	18768	0
VMED01000051.1	175398	6909	0
VMED01000053.1	169980	10518	0
VMED01000054.1	171058	249339	0
VMED01000055.1	155136	7014	0
VMED01000056.1	138063	7792	0
VMED01000058.1	134328	3467	0
VMED01000059.1	113834	6147	0
VMED01000060.1	114039	3817	0
VMED01000061.1	111398	7185	0
VMED01000062.1	98712	2920	0
VMED01000063.1	95664	13299	0
VMED01000064.1	72089	3035	0
VMED01000065.1	68996	5426	0
VMED01000066.1	66200	102954	0
VMED01000067.1	62286	22559	0
VMED01000068.1	62646	3270	0
VMED01000069.1	58845	2009	0
VMED01000070.1	55054	9570	0
VMED01000071.1	52737	2589	0
VMED01000072.1	50855	2556	0
VMED01000073.1	50876	593	0
VMED01000074.1	47039	11943	0
VMED01000075.1	46150	2732	0
VMED01000076.1	46045	7225	0
VMED01000077.1	41702	2102	0
VMED01000078.1	39470	1736	0
VMED01000079.1	37803	8170	0
VMED01000080.1	37711	24075	0
VMED01000081.1	37134	2	0
VMED01000082.1	37193	44488	0
VMED01000084.1	36279	2488	0
VMED01000085.1	36043	2085	0
VMED01000086.1	35211	1749	0
VMED01000087.1	33773	528	0
VMED01000088.1	33046	1255	0
VMED01000089.1	32476	2110	0
VMED01000090.1	31420	1172	0
VMED01000091.1	31178	1716	0
VMED01000092.1	30897	347	0
VMED01000093.1	29794	61276	0
*	0	0	0
