chr1	215872496	17753565	0
chr2	165051286	13209011	0
chr3	125510139	10648901	0
chr4	82438829	6611068	0
chr5	70992871	6300041	0
chr6	52539765	5238962	0
chr7	47750090	5085265	0
chr8	43861690	4429275	0
chr9	43770548	3846003	0
chr10	41489931	3598808	0
chr11	38974675	4141651	0
chr12	35546317	3297597	0
chr13	34322904	3941932	0
chr14	13223547	1682016	0
chr15	13149485	1556968	0
chr16	9767604	1110435	0
chr17	8686195	1274269	0
chr18	8379326	912810	0
chr19	8133896	995076	0
chr20	7777642	1015471	0
chr21	7118070	975988	0
chr22	6270964	801657	0
chr23	3233901	434119	0
chr24	2563298	333813	0
chr25	926252	200094	0
chrZ	84526827	3717064	0
chrMT	19110	414855	0
VMED01000001.1	29829	2644	0
VMED01000002.1	29808	1402	0
VMED01000003.1	28782	21364	0
VMED01000004.1	27584	2030	0
VMED01000005.1	27050	4502	0
VMED01000006.1	26503	1937	0
VMED01000007.1	26219	2238	0
VMED01000008.1	24079	6314	0
VMED01000009.1	23664	2349	0
VMED01000010.1	23792	1672	0
VMED01000012.1	23552	1768	0
VMED01000013.1	23542	1346	0
VMED01000014.1	23190	555	0
VMED01000015.1	21909	8697	0
VMED01000016.1	21224	1268	0
VMED01000017.1	21152	1430	0
VMED01000018.1	20910	646	0
VMED01000019.1	17254	12112	0
VMED01000020.1	13591	997	0
VMED01000038.1	620301	76134	0
VMED01000042.1	681565	172953	0
VMED01000044.1	389001	60566	0
VMED01000045.1	372064	12905	0
VMED01000046.1	248262	41587	0
VMED01000047.1	242906	120933	0
VMED01000049.1	232881	121047	0
VMED01000050.1	204694	407573	0
VMED01000052.1	371044	37220	0
VMED01000051.1	175398	8426	0
VMED01000053.1	169980	13249	0
VMED01000054.1	171058	316508	0
VMED01000055.1	155136	17194	0
VMED01000056.1	138063	14217	0
VMED01000058.1	134328	11857	0
VMED01000059.1	113834	10347	0
VMED01000060.1	114039	9938	0
VMED01000061.1	111398	19086	0
VMED01000062.1	98712	7558	0
VMED01000063.1	95664	30875	0
VMED01000064.1	72089	6341	0
VMED01000065.1	68996	10784	0
VMED01000066.1	66200	118782	0
VMED01000067.1	62286	53831	0
VMED01000068.1	62646	8200	0
VMED01000069.1	58845	4041	0
VMED01000070.1	55054	26161	0
VMED01000071.1	52737	5746	0
VMED01000072.1	50855	5566	0
VMED01000073.1	50876	840	0
VMED01000074.1	47039	18141	0
VMED01000075.1	46150	6131	0
VMED01000076.1	46045	11444	0
VMED01000077.1	41702	4348	0
VMED01000078.1	39470	4700	0
VMED01000079.1	37803	8751	0
VMED01000080.1	37711	45210	0
VMED01000081.1	37134	2	0
VMED01000082.1	37193	54898	0
VMED01000084.1	36279	3125	0
VMED01000085.1	36043	4626	0
VMED01000086.1	35211	4126	0
VMED01000087.1	33773	1272	0
VMED01000088.1	33046	2393	0
VMED01000089.1	32476	4740	0
VMED01000090.1	31420	3364	0
VMED01000091.1	31178	3789	0
VMED01000092.1	30897	945	0
VMED01000093.1	29794	67289	0
*	0	0	0
