chr1	215872496	21055876	0
chr2	165051286	16027689	0
chr3	125510139	12512401	0
chr4	82438829	7904085	0
chr5	70992871	7239819	0
chr6	52539765	5448415	0
chr7	47750090	5360247	0
chr8	43861690	4505542	0
chr9	43770548	4302541	0
chr10	41489931	4021516	0
chr11	38974675	4088257	0
chr12	35546317	3577966	0
chr13	34322904	3716180	0
chr14	13223547	1551548	0
chr15	13149485	1363276	0
chr16	9767604	1028737	0
chr17	8686195	1057051	0
chr18	8379326	814837	0
chr19	8133896	770009	0
chr20	7777642	799248	0
chr21	7118070	725837	0
chr22	6270964	695316	0
chr23	3233901	298037	0
chr24	2563298	221393	0
chr25	926252	129169	0
chrZ	84526827	4517907	0
chrMT	19110	5204	0
VMED01000001.1	29829	1340	0
VMED01000002.1	29808	692	0
VMED01000003.1	28782	17872	0
VMED01000004.1	27584	1110	0
VMED01000005.1	27050	3697	0
VMED01000006.1	26503	1204	0
VMED01000007.1	26219	1396	0
VMED01000008.1	24079	4679	0
VMED01000009.1	23664	1238	0
VMED01000010.1	23792	933	0
VMED01000012.1	23552	956	0
VMED01000013.1	23542	563	0
VMED01000014.1	23190	311	0
VMED01000015.1	21909	6065	0
VMED01000016.1	21224	602	0
VMED01000017.1	21152	795	0
VMED01000018.1	20910	467	0
VMED01000019.1	17254	10974	0
VMED01000020.1	13591	514	0
VMED01000038.1	620301	49979	0
VMED01000042.1	681565	115705	0
VMED01000044.1	389001	40142	0
VMED01000045.1	372064	11387	0
VMED01000046.1	248262	33385	0
VMED01000047.1	242906	84125	0
VMED01000049.1	232881	85090	0
VMED01000050.1	204694	154560	0
VMED01000052.1	371044	27878	0
VMED01000051.1	175398	7010	0
VMED01000053.1	169980	12564	0
VMED01000054.1	171058	206323	0
VMED01000055.1	155136	10254	0
VMED01000056.1	138063	8504	0
VMED01000058.1	134328	4697	0
VMED01000059.1	113834	5870	0
VMED01000060.1	114039	5252	0
VMED01000061.1	111398	10268	0
VMED01000062.1	98712	4113	0
VMED01000063.1	95664	26543	0
VMED01000064.1	72089	3789	0
VMED01000065.1	68996	7666	0
VMED01000066.1	66200	73902	0
VMED01000067.1	62286	63072	0
VMED01000068.1	62646	4478	0
VMED01000069.1	58845	2525	0
VMED01000070.1	55054	40833	0
VMED01000071.1	52737	3495	0
VMED01000072.1	50855	3184	0
VMED01000073.1	50876	882	0
VMED01000074.1	47039	10353	0
VMED01000075.1	46150	3804	0
VMED01000076.1	46045	10093	0
VMED01000077.1	41702	5132	0
VMED01000078.1	39470	2695	0
VMED01000079.1	37803	7688	0
VMED01000080.1	37711	28103	0
VMED01000081.1	37134	1	0
VMED01000082.1	37193	33403	0
VMED01000084.1	36279	2523	0
VMED01000085.1	36043	2336	0
VMED01000086.1	35211	1949	0
VMED01000087.1	33773	801	0
VMED01000088.1	33046	1289	0
VMED01000089.1	32476	2626	0
VMED01000090.1	31420	1455	0
VMED01000091.1	31178	3539	0
VMED01000092.1	30897	495	0
VMED01000093.1	29794	40603	0
*	0	0	0
