chr1	215872496	19814883	0
chr2	165051286	14977431	0
chr3	125510139	11800390	0
chr4	82438829	7408535	0
chr5	70992871	6685906	0
chr6	52539765	5465883	0
chr7	47750090	5149688	0
chr8	43861690	4498534	0
chr9	43770548	4190675	0
chr10	41489931	3900095	0
chr11	38974675	4202425	0
chr12	35546317	3493432	0
chr13	34322904	3925928	0
chr14	13223547	1473163	0
chr15	13149485	1509222	0
chr16	9767604	1098326	0
chr17	8686195	1071236	0
chr18	8379326	935430	0
chr19	8133896	885694	0
chr20	7777642	904685	0
chr21	7118070	809064	0
chr22	6270964	765460	0
chr23	3233901	338841	0
chr24	2563298	261272	0
chr25	926252	158627	0
chrZ	84526827	4161930	0
chrMT	19110	55492	0
VMED01000001.1	29829	1274	0
VMED01000002.1	29808	713	0
VMED01000003.1	28782	13320	0
VMED01000004.1	27584	1373	0
VMED01000005.1	27050	3716	0
VMED01000006.1	26503	1427	0
VMED01000007.1	26219	1770	0
VMED01000008.1	24079	5722	0
VMED01000009.1	23664	1495	0
VMED01000010.1	23792	1081	0
VMED01000012.1	23552	999	0
VMED01000013.1	23542	609	0
VMED01000014.1	23190	442	0
VMED01000015.1	21909	4310	0
VMED01000016.1	21224	639	0
VMED01000017.1	21152	819	0
VMED01000018.1	20910	431	0
VMED01000019.1	17254	14477	0
VMED01000020.1	13591	569	0
VMED01000038.1	620301	66635	0
VMED01000042.1	681565	153492	0
VMED01000044.1	389001	46192	0
VMED01000045.1	372064	41184	0
VMED01000046.1	248262	37981	0
VMED01000047.1	242906	86156	0
VMED01000049.1	232881	41138	0
VMED01000050.1	204694	222488	0
VMED01000052.1	371044	33506	0
VMED01000051.1	175398	8335	0
VMED01000053.1	169980	14887	0
VMED01000054.1	171058	217694	0
VMED01000055.1	155136	11042	0
VMED01000056.1	138063	11003	0
VMED01000058.1	134328	8154	0
VMED01000059.1	113834	7831	0
VMED01000060.1	114039	6218	0
VMED01000061.1	111398	11400	0
VMED01000062.1	98712	4230	0
VMED01000063.1	95664	25321	0
VMED01000064.1	72089	3852	0
VMED01000065.1	68996	9170	0
VMED01000066.1	66200	79241	0
VMED01000067.1	62286	29711	0
VMED01000068.1	62646	4964	0
VMED01000069.1	58845	2978	0
VMED01000070.1	55054	30569	0
VMED01000071.1	52737	3991	0
VMED01000072.1	50855	3666	0
VMED01000073.1	50876	842	0
VMED01000074.1	47039	16629	0
VMED01000075.1	46150	4117	0
VMED01000076.1	46045	10475	0
VMED01000077.1	41702	3193	0
VMED01000078.1	39470	3060	0
VMED01000079.1	37803	7369	0
VMED01000080.1	37711	26377	0
VMED01000081.1	37134	3	0
VMED01000082.1	37193	44868	0
VMED01000084.1	36279	2927	0
VMED01000085.1	36043	2456	0
VMED01000086.1	35211	2296	0
VMED01000087.1	33773	964	0
VMED01000088.1	33046	1630	0
VMED01000089.1	32476	2980	0
VMED01000090.1	31420	1641	0
VMED01000091.1	31178	3707	0
VMED01000092.1	30897	548	0
VMED01000093.1	29794	49697	0
*	0	0	0
