chr1	215872496	20703104	0
chr2	165051286	15682250	0
chr3	125510139	12443236	0
chr4	82438829	7838693	0
chr5	70992871	7255636	0
chr6	52539765	6009314	0
chr7	47750090	6136370	0
chr8	43861690	4720165	0
chr9	43770548	4395080	0
chr10	41489931	4040490	0
chr11	38974675	4531006	0
chr12	35546317	3619455	0
chr13	34322904	4070504	0
chr14	13223547	1805623	0
chr15	13149485	1559152	0
chr16	9767604	1155273	0
chr17	8686195	1323692	0
chr18	8379326	956699	0
chr19	8133896	898223	0
chr20	7777642	930796	0
chr21	7118070	816561	0
chr22	6270964	849819	0
chr23	3233901	357397	0
chr24	2563298	266548	0
chr25	926252	165369	0
chrZ	84526827	7597827	0
chrMT	19110	5550	0
VMED01000001.1	29829	1503	0
VMED01000002.1	29808	791	0
VMED01000003.1	28782	28990	0
VMED01000004.1	27584	1314	0
VMED01000005.1	27050	4924	0
VMED01000006.1	26503	1488	0
VMED01000007.1	26219	1878	0
VMED01000008.1	24079	6175	0
VMED01000009.1	23664	1445	0
VMED01000010.1	23792	1175	0
VMED01000012.1	23552	1082	0
VMED01000013.1	23542	720	0
VMED01000014.1	23190	434	0
VMED01000015.1	21909	9464	0
VMED01000016.1	21224	732	0
VMED01000017.1	21152	924	0
VMED01000018.1	20910	481	0
VMED01000019.1	17254	16422	0
VMED01000020.1	13591	601	0
VMED01000038.1	620301	60177	0
VMED01000042.1	681565	156773	0
VMED01000044.1	389001	46210	0
VMED01000045.1	372064	11575	0
VMED01000046.1	248262	42712	0
VMED01000047.1	242906	127644	0
VMED01000049.1	232881	135136	0
VMED01000050.1	204694	174012	0
VMED01000052.1	371044	35381	0
VMED01000051.1	175398	8833	0
VMED01000053.1	169980	15587	0
VMED01000054.1	171058	287269	0
VMED01000055.1	155136	11709	0
VMED01000056.1	138063	11364	0
VMED01000058.1	134328	7673	0
VMED01000059.1	113834	7707	0
VMED01000060.1	114039	6532	0
VMED01000061.1	111398	11365	0
VMED01000062.1	98712	4798	0
VMED01000063.1	95664	55459	0
VMED01000064.1	72089	4103	0
VMED01000065.1	68996	8024	0
VMED01000066.1	66200	103058	0
VMED01000067.1	62286	116656	0
VMED01000068.1	62646	5230	0
VMED01000069.1	58845	2927	0
VMED01000070.1	55054	90538	0
VMED01000071.1	52737	4213	0
VMED01000072.1	50855	3656	0
VMED01000073.1	50876	1181	0
VMED01000074.1	47039	14980	0
VMED01000075.1	46150	4443	0
VMED01000076.1	46045	13517	0
VMED01000077.1	41702	8538	0
VMED01000078.1	39470	2876	0
VMED01000079.1	37803	9565	0
VMED01000080.1	37711	40941	0
VMED01000081.1	37134	0	0
VMED01000082.1	37193	47816	0
VMED01000084.1	36279	4582	0
VMED01000085.1	36043	2725	0
VMED01000086.1	35211	2260	0
VMED01000087.1	33773	900	0
VMED01000088.1	33046	1585	0
VMED01000089.1	32476	3065	0
VMED01000090.1	31420	1746	0
VMED01000091.1	31178	6333	0
VMED01000092.1	30897	821	0
VMED01000093.1	29794	58603	0
*	0	0	0
