chr1	215872496	24436016	0
chr2	165051286	18759208	0
chr3	125510139	14435469	0
chr4	82438829	9215131	0
chr5	70992871	7898945	0
chr6	52539765	6003533	0
chr7	47750090	5929566	0
chr8	43861690	5090124	0
chr9	43770548	4948096	0
chr10	41489931	4623117	0
chr11	38974675	4577706	0
chr12	35546317	4022946	0
chr13	34322904	4058240	0
chr14	13223547	1713599	0
chr15	13149485	1435562	0
chr16	9767604	1083926	0
chr17	8686195	1015159	0
chr18	8379326	893644	0
chr19	8133896	779881	0
chr20	7777642	764136	0
chr21	7118070	662619	0
chr22	6270964	775125	0
chr23	3233901	258282	0
chr24	2563298	186621	0
chr25	926252	114259	0
chrZ	84526827	9159940	0
chrMT	19110	527590	0
VMED01000001.1	29829	711	0
VMED01000002.1	29808	467	0
VMED01000003.1	28782	12969	0
VMED01000004.1	27584	766	0
VMED01000005.1	27050	4236	0
VMED01000006.1	26503	748	0
VMED01000007.1	26219	1175	0
VMED01000008.1	24079	5359	0
VMED01000009.1	23664	664	0
VMED01000010.1	23792	641	0
VMED01000012.1	23552	478	0
VMED01000013.1	23542	262	0
VMED01000014.1	23190	865	0
VMED01000015.1	21909	8446	0
VMED01000016.1	21224	291	0
VMED01000017.1	21152	654	0
VMED01000018.1	20910	492	0
VMED01000019.1	17254	24374	0
VMED01000020.1	13591	306	0
VMED01000038.1	620301	46059	0
VMED01000042.1	681565	131952	0
VMED01000044.1	389001	36744	0
VMED01000045.1	372064	15725	0
VMED01000046.1	248262	38025	0
VMED01000047.1	242906	101112	0
VMED01000049.1	232881	123866	0
VMED01000050.1	204694	181435	0
VMED01000052.1	371044	23479	0
VMED01000051.1	175398	8649	0
VMED01000053.1	169980	13580	0
VMED01000054.1	171058	191041	0
VMED01000055.1	155136	6429	0
VMED01000056.1	138063	7533	0
VMED01000058.1	134328	4856	0
VMED01000059.1	113834	4323	0
VMED01000060.1	114039	3167	0
VMED01000061.1	111398	5889	0
VMED01000062.1	98712	2063	0
VMED01000063.1	95664	31485	0
VMED01000064.1	72089	2448	0
VMED01000065.1	68996	3975	0
VMED01000066.1	66200	92681	0
VMED01000067.1	62286	204569	0
VMED01000068.1	62646	2920	0
VMED01000069.1	58845	1817	0
VMED01000070.1	55054	14386	0
VMED01000071.1	52737	2718	0
VMED01000072.1	50855	1944	0
VMED01000073.1	50876	602	0
VMED01000074.1	47039	18429	0
VMED01000075.1	46150	1964	0
VMED01000076.1	46045	14116	0
VMED01000077.1	41702	41869	0
VMED01000078.1	39470	1594	0
VMED01000079.1	37803	6666	0
VMED01000080.1	37711	22662	0
VMED01000081.1	37134	5	0
VMED01000082.1	37193	38874	0
VMED01000084.1	36279	2615	0
VMED01000085.1	36043	1140	0
VMED01000086.1	35211	1120	0
VMED01000087.1	33773	661	0
VMED01000088.1	33046	865	0
VMED01000089.1	32476	1534	0
VMED01000090.1	31420	546	0
VMED01000091.1	31178	2809	0
VMED01000092.1	30897	553	0
VMED01000093.1	29794	61367	0
*	0	0	0
