chr1	215872496	129018462	0
chr2	165051286	98104270	0
chr3	125510139	74557660	0
chr4	82438829	50966553	0
chr5	70992871	41816025	0
chr6	52539765	33014828	0
chr7	47750090	27632169	0
chr8	43861690	28266050	0
chr9	43770548	26703262	0
chr10	41489931	23898658	0
chr11	38974675	26105067	0
chr12	35546317	20723242	0
chr13	34322904	19837180	0
chr14	13223547	7230116	0
chr15	13149485	7224079	0
chr16	9767604	5662177	0
chr17	8686195	4599188	0
chr18	8379326	5271802	0
chr19	8133896	4231898	0
chr20	7777642	3934987	0
chr21	7118070	3497430	0
chr22	6270964	5526726	0
chr23	3233901	2337327	0
chr24	2563298	1510867	0
chr25	926252	375945	0
chrZ	84526827	28195695	0
chrMT	19110	9889	0
VMED01000001.1	29829	7338	0
VMED01000002.1	29808	17137	0
VMED01000003.1	28782	62168	0
VMED01000004.1	27584	6849	0
VMED01000005.1	27050	14662	0
VMED01000006.1	26503	6868	0
VMED01000007.1	26219	10171	0
VMED01000008.1	24079	29781	0
VMED01000009.1	23664	7615	0
VMED01000010.1	23792	5804	0
VMED01000012.1	23552	4451	0
VMED01000013.1	23542	4885	0
VMED01000014.1	23190	12405	0
VMED01000015.1	21909	33089	0
VMED01000016.1	21224	4709	0
VMED01000017.1	21152	4373	0
VMED01000018.1	20910	150890	0
VMED01000019.1	17254	44781	0
VMED01000020.1	13591	4781	0
VMED01000038.1	620301	323274	0
VMED01000042.1	681565	606632	0
VMED01000044.1	389001	232213	0
VMED01000045.1	372064	365670	0
VMED01000046.1	248262	514063	0
VMED01000047.1	242906	261416	0
VMED01000049.1	232881	254611	0
VMED01000050.1	204694	897096	0
VMED01000052.1	371044	4041571	0
VMED01000051.1	175398	56304	0
VMED01000053.1	169980	69038	0
VMED01000054.1	171058	326595	0
VMED01000055.1	155136	39847	0
VMED01000056.1	138063	49856	0
VMED01000058.1	134328	85405	0
VMED01000059.1	113834	37811	0
VMED01000060.1	114039	55190	0
VMED01000061.1	111398	39105	0
VMED01000062.1	98712	24770	0
VMED01000063.1	95664	391718	0
VMED01000064.1	72089	19568	0
VMED01000065.1	68996	34319	0
VMED01000066.1	66200	226607	0
VMED01000067.1	62286	18919	0
VMED01000068.1	62646	21432	0
VMED01000069.1	58845	14948	0
VMED01000070.1	55054	53980	0
VMED01000071.1	52737	20115	0
VMED01000072.1	50855	14325	0
VMED01000073.1	50876	18563	0
VMED01000074.1	47039	26571	0
VMED01000075.1	46150	18134	0
VMED01000076.1	46045	49941	0
VMED01000077.1	41702	20780	0
VMED01000078.1	39470	13421	0
VMED01000079.1	37803	9023	0
VMED01000080.1	37711	56157	0
VMED01000081.1	37134	968	0
VMED01000082.1	37193	80684	0
VMED01000084.1	36279	35348	0
VMED01000085.1	36043	9447	0
VMED01000086.1	35211	9023	0
VMED01000087.1	33773	22755	0
VMED01000088.1	33046	8807	0
VMED01000089.1	32476	10488	0
VMED01000090.1	31420	9833	0
VMED01000091.1	31178	3600494	0
VMED01000092.1	30897	10070	0
VMED01000093.1	29794	95044	0
*	0	0	0
