chr1	215872496	13678574	0
chr2	165051286	10401823	0
chr3	125510139	8245213	0
chr4	82438829	5145495	0
chr5	70992871	4862182	0
chr6	52539765	3667447	0
chr7	47750090	3478679	0
chr8	43861690	3039122	0
chr9	43770548	2824793	0
chr10	41489931	2652530	0
chr11	38974675	2886487	0
chr12	35546317	2362481	0
chr13	34322904	2463140	0
chr14	13223547	946000	0
chr15	13149485	999891	0
chr16	9767604	807544	0
chr17	8686195	679307	0
chr18	8379326	636527	0
chr19	8133896	631626	0
chr20	7777642	590669	0
chr21	7118070	514431	0
chr22	6270964	454868	0
chr23	3233901	225325	0
chr24	2563298	174892	0
chr25	926252	57471	0
chrZ	84526827	2967185	0
chrMT	19110	79561	0
VMED01000001.1	29829	1303	0
VMED01000002.1	29808	1058	0
VMED01000003.1	28782	13791	0
VMED01000004.1	27584	1087	0
VMED01000005.1	27050	3152	0
VMED01000006.1	26503	1003	0
VMED01000007.1	26219	1208	0
VMED01000008.1	24079	15714	0
VMED01000009.1	23664	1223	0
VMED01000010.1	23792	942	0
VMED01000012.1	23552	1014	0
VMED01000013.1	23542	702	0
VMED01000014.1	23190	920	0
VMED01000015.1	21909	1884	0
VMED01000016.1	21224	612	0
VMED01000017.1	21152	635	0
VMED01000018.1	20910	12670	0
VMED01000019.1	17254	11478	0
VMED01000020.1	13591	486	0
VMED01000038.1	620301	46007	0
VMED01000042.1	681565	54606	0
VMED01000044.1	389001	29855	0
VMED01000045.1	372064	38658	0
VMED01000046.1	248262	41252	0
VMED01000047.1	242906	45037	0
VMED01000049.1	232881	48159	0
VMED01000050.1	204694	86360	0
VMED01000052.1	371044	28313	0
VMED01000051.1	175398	4777	0
VMED01000053.1	169980	8257	0
VMED01000054.1	171058	69899	0
VMED01000055.1	155136	7696	0
VMED01000056.1	138063	8948	0
VMED01000058.1	134328	4350	0
VMED01000059.1	113834	5485	0
VMED01000060.1	114039	4846	0
VMED01000061.1	111398	7294	0
VMED01000062.1	98712	4903	0
VMED01000063.1	95664	38348	0
VMED01000064.1	72089	3835	0
VMED01000065.1	68996	3550	0
VMED01000066.1	66200	32543	0
VMED01000067.1	62286	3193	0
VMED01000068.1	62646	3518	0
VMED01000069.1	58845	2249	0
VMED01000070.1	55054	10098	0
VMED01000071.1	52737	3090	0
VMED01000072.1	50855	2856	0
VMED01000073.1	50876	327	0
VMED01000074.1	47039	8830	0
VMED01000075.1	46150	3066	0
VMED01000076.1	46045	6716	0
VMED01000077.1	41702	840	0
VMED01000078.1	39470	2206	0
VMED01000079.1	37803	3102	0
VMED01000080.1	37711	4785	0
VMED01000081.1	37134	13	0
VMED01000082.1	37193	10289	0
VMED01000084.1	36279	2430	0
VMED01000085.1	36043	1936	0
VMED01000086.1	35211	1845	0
VMED01000087.1	33773	648	0
VMED01000088.1	33046	1317	0
VMED01000089.1	32476	2004	0
VMED01000090.1	31420	1612	0
VMED01000091.1	31178	1672	0
VMED01000092.1	30897	16715	0
VMED01000093.1	29794	5173	0
*	0	0	0
