chr1	215872496	20296238	0
chr2	165051286	14872882	0
chr3	125510139	11973512	0
chr4	82438829	7328424	0
chr5	70992871	6888221	0
chr6	52539765	6593976	0
chr7	47750090	6002794	0
chr8	43861690	5734388	0
chr9	43770548	4639668	0
chr10	41489931	4192164	0
chr11	38974675	5362027	0
chr12	35546317	3975746	0
chr13	34322904	5376548	0
chr14	13223547	2337669	0
chr15	13149485	2115444	0
chr16	9767604	1441017	0
chr17	8686195	1664841	0
chr18	8379326	1226908	0
chr19	8133896	1338024	0
chr20	7777642	1361235	0
chr21	7118070	1347106	0
chr22	6270964	1090324	0
chr23	3233901	569525	0
chr24	2563298	440545	0
chr25	926252	220929	0
chrZ	84526827	4269381	0
chrMT	19110	413795	0
VMED01000001.1	29829	3532	0
VMED01000002.1	29808	1878	0
VMED01000003.1	28782	24247	0
VMED01000004.1	27584	2645	0
VMED01000005.1	27050	4932	0
VMED01000006.1	26503	2869	0
VMED01000007.1	26219	2654	0
VMED01000008.1	24079	5428	0
VMED01000009.1	23664	3436	0
VMED01000010.1	23792	2200	0
VMED01000012.1	23552	1802	0
VMED01000013.1	23542	1767	0
VMED01000014.1	23190	1822	0
VMED01000015.1	21909	8504	0
VMED01000016.1	21224	1629	0
VMED01000017.1	21152	3257	0
VMED01000018.1	20910	1064	0
VMED01000019.1	17254	39149	0
VMED01000020.1	13591	1147	0
VMED01000038.1	620301	97336	0
VMED01000042.1	681565	183721	0
VMED01000044.1	389001	77777	0
VMED01000045.1	372064	26817	0
VMED01000046.1	248262	54477	0
VMED01000047.1	242906	166534	0
VMED01000049.1	232881	168176	0
VMED01000050.1	204694	440494	0
VMED01000052.1	371044	47078	0
VMED01000051.1	175398	13095	0
VMED01000053.1	169980	20652	0
VMED01000054.1	171058	345084	0
VMED01000055.1	155136	21618	0
VMED01000056.1	138063	17955	0
VMED01000058.1	134328	8453	0
VMED01000059.1	113834	14257	0
VMED01000060.1	114039	12900	0
VMED01000061.1	111398	23620	0
VMED01000062.1	98712	8885	0
VMED01000063.1	95664	33318	0
VMED01000064.1	72089	9311	0
VMED01000065.1	68996	13917	0
VMED01000066.1	66200	153524	0
VMED01000067.1	62286	100563	0
VMED01000068.1	62646	9751	0
VMED01000069.1	58845	5344	0
VMED01000070.1	55054	15398	0
VMED01000071.1	52737	7906	0
VMED01000072.1	50855	6917	0
VMED01000073.1	50876	1030	0
VMED01000074.1	47039	46303	0
VMED01000075.1	46150	8190	0
VMED01000076.1	46045	18125	0
VMED01000077.1	41702	46731	0
VMED01000078.1	39470	5718	0
VMED01000079.1	37803	9515	0
VMED01000080.1	37711	38211	0
VMED01000081.1	37134	13	0
VMED01000082.1	37193	58747	0
VMED01000084.1	36279	4878	0
VMED01000085.1	36043	6333	0
VMED01000086.1	35211	5707	0
VMED01000087.1	33773	1516	0
VMED01000088.1	33046	3397	0
VMED01000089.1	32476	5865	0
VMED01000090.1	31420	4295	0
VMED01000091.1	31178	4115	0
VMED01000092.1	30897	1441	0
VMED01000093.1	29794	91077	0
*	0	0	0
