chr1	215872496	22835518	0
chr2	165051286	17224269	0
chr3	125510139	13562002	0
chr4	82438829	8478580	0
chr5	70992871	7748431	0
chr6	52539765	6681794	0
chr7	47750090	6292241	0
chr8	43861690	5475116	0
chr9	43770548	4944223	0
chr10	41489931	4614628	0
chr11	38974675	5274977	0
chr12	35546317	4126809	0
chr13	34322904	4908141	0
chr14	13223547	1976290	0
chr15	13149485	1919408	0
chr16	9767604	1365811	0
chr17	8686195	1393208	0
chr18	8379326	1155634	0
chr19	8133896	1174282	0
chr20	7777642	1162480	0
chr21	7118070	1198565	0
chr22	6270964	1031350	0
chr23	3233901	457432	0
chr24	2563298	358613	0
chr25	926252	158164	0
chrZ	84526827	4780781	0
chrMT	19110	368259	0
VMED01000001.1	29829	2485	0
VMED01000002.1	29808	1250	0
VMED01000003.1	28782	24509	0
VMED01000004.1	27584	2000	0
VMED01000005.1	27050	4230	0
VMED01000006.1	26503	2205	0
VMED01000007.1	26219	1948	0
VMED01000008.1	24079	3553	0
VMED01000009.1	23664	2576	0
VMED01000010.1	23792	1823	0
VMED01000012.1	23552	1491	0
VMED01000013.1	23542	1228	0
VMED01000014.1	23190	971	0
VMED01000015.1	21909	3176	0
VMED01000016.1	21224	1279	0
VMED01000017.1	21152	1494	0
VMED01000018.1	20910	858	0
VMED01000019.1	17254	25281	0
VMED01000020.1	13591	813	0
VMED01000038.1	620301	84432	0
VMED01000042.1	681565	181827	0
VMED01000044.1	389001	67068	0
VMED01000045.1	372064	37988	0
VMED01000046.1	248262	44266	0
VMED01000047.1	242906	92321	0
VMED01000049.1	232881	55728	0
VMED01000050.1	204694	283546	0
VMED01000052.1	371044	40040	0
VMED01000051.1	175398	10613	0
VMED01000053.1	169980	16541	0
VMED01000054.1	171058	219030	0
VMED01000055.1	155136	16712	0
VMED01000056.1	138063	14172	0
VMED01000058.1	134328	6924	0
VMED01000059.1	113834	11360	0
VMED01000060.1	114039	9754	0
VMED01000061.1	111398	17500	0
VMED01000062.1	98712	7032	0
VMED01000063.1	95664	43610	0
VMED01000064.1	72089	7070	0
VMED01000065.1	68996	9994	0
VMED01000066.1	66200	96554	0
VMED01000067.1	62286	32215	0
VMED01000068.1	62646	7513	0
VMED01000069.1	58845	4332	0
VMED01000070.1	55054	12631	0
VMED01000071.1	52737	5748	0
VMED01000072.1	50855	5490	0
VMED01000073.1	50876	785	0
VMED01000074.1	47039	42694	0
VMED01000075.1	46150	6104	0
VMED01000076.1	46045	14658	0
VMED01000077.1	41702	22246	0
VMED01000078.1	39470	4175	0
VMED01000079.1	37803	8263	0
VMED01000080.1	37711	30078	0
VMED01000081.1	37134	7	0
VMED01000082.1	37193	39752	0
VMED01000084.1	36279	3384	0
VMED01000085.1	36043	4558	0
VMED01000086.1	35211	4063	0
VMED01000087.1	33773	1096	0
VMED01000088.1	33046	2581	0
VMED01000089.1	32476	4426	0
VMED01000090.1	31420	3432	0
VMED01000091.1	31178	4705	0
VMED01000092.1	30897	920	0
VMED01000093.1	29794	45000	0
*	0	0	0
