chr1	215872496	14473195	0
chr2	165051286	10151438	0
chr3	125510139	8823077	0
chr4	82438829	5305578	0
chr5	70992871	5544413	0
chr6	52539765	5963248	0
chr7	47750090	5416988	0
chr8	43861690	5061937	0
chr9	43770548	3748034	0
chr10	41489931	3463967	0
chr11	38974675	5027042	0
chr12	35546317	3504120	0
chr13	34322904	5075892	0
chr14	13223547	2044667	0
chr15	13149485	2200962	0
chr16	9767604	1380289	0
chr17	8686195	1649045	0
chr18	8379326	1226442	0
chr19	8133896	1479251	0
chr20	7777642	1535336	0
chr21	7118070	1503948	0
chr22	6270964	1070788	0
chr23	3233901	671906	0
chr24	2563298	524884	0
chr25	926252	259029	0
chrZ	84526827	5184904	0
chrMT	19110	1145839	0
VMED01000001.1	29829	3944	0
VMED01000002.1	29808	2158	0
VMED01000003.1	28782	16299	0
VMED01000004.1	27584	3216	0
VMED01000005.1	27050	4574	0
VMED01000006.1	26503	3520	0
VMED01000007.1	26219	2840	0
VMED01000008.1	24079	6518	0
VMED01000009.1	23664	4548	0
VMED01000010.1	23792	2342	0
VMED01000012.1	23552	2963	0
VMED01000013.1	23542	2039	0
VMED01000014.1	23190	805	0
VMED01000015.1	21909	5122	0
VMED01000016.1	21224	2412	0
VMED01000017.1	21152	1929	0
VMED01000018.1	20910	1087	0
VMED01000019.1	17254	24929	0
VMED01000020.1	13591	1327	0
VMED01000038.1	620301	122483	0
VMED01000042.1	681565	207518	0
VMED01000044.1	389001	95045	0
VMED01000045.1	372064	58818	0
VMED01000046.1	248262	56214	0
VMED01000047.1	242906	127328	0
VMED01000049.1	232881	67453	0
VMED01000050.1	204694	499953	0
VMED01000052.1	371044	59144	0
VMED01000051.1	175398	14497	0
VMED01000053.1	169980	19539	0
VMED01000054.1	171058	299592	0
VMED01000055.1	155136	28145	0
VMED01000056.1	138063	18913	0
VMED01000058.1	134328	11979	0
VMED01000059.1	113834	15195	0
VMED01000060.1	114039	14039	0
VMED01000061.1	111398	31479	0
VMED01000062.1	98712	10742	0
VMED01000063.1	95664	25866	0
VMED01000064.1	72089	10799	0
VMED01000065.1	68996	14572	0
VMED01000066.1	66200	112124	0
VMED01000067.1	62286	34171	0
VMED01000068.1	62646	12824	0
VMED01000069.1	58845	6386	0
VMED01000070.1	55054	17305	0
VMED01000071.1	52737	7919	0
VMED01000072.1	50855	8451	0
VMED01000073.1	50876	885	0
VMED01000074.1	47039	33112	0
VMED01000075.1	46150	9482	0
VMED01000076.1	46045	10237	0
VMED01000077.1	41702	3402	0
VMED01000078.1	39470	6983	0
VMED01000079.1	37803	8148	0
VMED01000080.1	37711	36280	0
VMED01000081.1	37134	6	0
VMED01000082.1	37193	59929	0
VMED01000084.1	36279	3953	0
VMED01000085.1	36043	8246	0
VMED01000086.1	35211	6107	0
VMED01000087.1	33773	2009	0
VMED01000088.1	33046	3749	0
VMED01000089.1	32476	7991	0
VMED01000090.1	31420	5540	0
VMED01000091.1	31178	4263	0
VMED01000092.1	30897	1052	0
VMED01000093.1	29794	69493	0
*	0	0	0
