chr1	215872496	14276700	0
chr2	165051286	10702707	0
chr3	125510139	8583878	0
chr4	82438829	5289089	0
chr5	70992871	4986242	0
chr6	52539765	4163296	0
chr7	47750090	4247289	0
chr8	43861690	3429083	0
chr9	43770548	3045789	0
chr10	41489931	2883785	0
chr11	38974675	3224187	0
chr12	35546317	2594749	0
chr13	34322904	2894235	0
chr14	13223547	1268063	0
chr15	13149485	1100091	0
chr16	9767604	809592	0
chr17	8686195	928929	0
chr18	8379326	645628	0
chr19	8133896	660017	0
chr20	7777642	688095	0
chr21	7118070	654947	0
chr22	6270964	598714	0
chr23	3233901	269586	0
chr24	2563298	206792	0
chr25	926252	111096	0
chrZ	84526827	2996169	0
chrMT	19110	3224	0
VMED01000001.1	29829	1539	0
VMED01000002.1	29808	853	0
VMED01000003.1	28782	14333	0
VMED01000004.1	27584	1164	0
VMED01000005.1	27050	3739	0
VMED01000006.1	26503	1143	0
VMED01000007.1	26219	1245	0
VMED01000008.1	24079	2999	0
VMED01000009.1	23664	1553	0
VMED01000010.1	23792	1107	0
VMED01000012.1	23552	1032	0
VMED01000013.1	23542	758	0
VMED01000014.1	23190	357	0
VMED01000015.1	21909	5669	0
VMED01000016.1	21224	862	0
VMED01000017.1	21152	741	0
VMED01000018.1	20910	464	0
VMED01000019.1	17254	11086	0
VMED01000020.1	13591	477	0
VMED01000038.1	620301	48259	0
VMED01000042.1	681565	102892	0
VMED01000044.1	389001	39003	0
VMED01000045.1	372064	12951	0
VMED01000046.1	248262	30447	0
VMED01000047.1	242906	81661	0
VMED01000049.1	232881	83736	0
VMED01000050.1	204694	157652	0
VMED01000052.1	371044	26816	0
VMED01000051.1	175398	5808	0
VMED01000053.1	169980	9757	0
VMED01000054.1	171058	159815	0
VMED01000055.1	155136	10023	0
VMED01000056.1	138063	8155	0
VMED01000058.1	134328	4539	0
VMED01000059.1	113834	6440	0
VMED01000060.1	114039	5417	0
VMED01000061.1	111398	10308	0
VMED01000062.1	98712	4174	0
VMED01000063.1	95664	41234	0
VMED01000064.1	72089	4131	0
VMED01000065.1	68996	7570	0
VMED01000066.1	66200	58536	0
VMED01000067.1	62286	39818	0
VMED01000068.1	62646	4500	0
VMED01000069.1	58845	2399	0
VMED01000070.1	55054	39023	0
VMED01000071.1	52737	3453	0
VMED01000072.1	50855	3462	0
VMED01000073.1	50876	515	0
VMED01000074.1	47039	11832	0
VMED01000075.1	46150	3557	0
VMED01000076.1	46045	8343	0
VMED01000077.1	41702	4572	0
VMED01000078.1	39470	2574	0
VMED01000079.1	37803	9492	0
VMED01000080.1	37711	23589	0
VMED01000081.1	37134	1	0
VMED01000082.1	37193	25339	0
VMED01000084.1	36279	2316	0
VMED01000085.1	36043	2773	0
VMED01000086.1	35211	2851	0
VMED01000087.1	33773	704	0
VMED01000088.1	33046	1387	0
VMED01000089.1	32476	2505	0
VMED01000090.1	31420	2007	0
VMED01000091.1	31178	4365	0
VMED01000092.1	30897	617	0
VMED01000093.1	29794	31607	0
*	0	0	0
