chr1	215872496	13668105	0
chr2	165051286	10100469	0
chr3	125510139	8200645	0
chr4	82438829	5009296	0
chr5	70992871	4809341	0
chr6	52539765	4169720	0
chr7	47750090	4008782	0
chr8	43861690	3462496	0
chr9	43770548	2995111	0
chr10	41489931	2797159	0
chr11	38974675	3337133	0
chr12	35546317	2544087	0
chr13	34322904	3105319	0
chr14	13223547	1342315	0
chr15	13149485	1255965	0
chr16	9767604	897011	0
chr17	8686195	1007530	0
chr18	8379326	750566	0
chr19	8133896	790499	0
chr20	7777642	799510	0
chr21	7118070	737179	0
chr22	6270964	662260	0
chr23	3233901	327224	0
chr24	2563298	254149	0
chr25	926252	149672	0
chrZ	84526827	2824526	0
chrMT	19110	205444	0
VMED01000001.1	29829	1758	0
VMED01000002.1	29808	931	0
VMED01000003.1	28782	24531	0
VMED01000004.1	27584	1408	0
VMED01000005.1	27050	4587	0
VMED01000006.1	26503	1437	0
VMED01000007.1	26219	1679	0
VMED01000008.1	24079	4051	0
VMED01000009.1	23664	1772	0
VMED01000010.1	23792	1281	0
VMED01000012.1	23552	1221	0
VMED01000013.1	23542	926	0
VMED01000014.1	23190	396	0
VMED01000015.1	21909	5532	0
VMED01000016.1	21224	961	0
VMED01000017.1	21152	1033	0
VMED01000018.1	20910	527	0
VMED01000019.1	17254	9653	0
VMED01000020.1	13591	541	0
VMED01000038.1	620301	57302	0
VMED01000042.1	681565	123256	0
VMED01000044.1	389001	46799	0
VMED01000045.1	372064	9260	0
VMED01000046.1	248262	36482	0
VMED01000047.1	242906	83297	0
VMED01000049.1	232881	80948	0
VMED01000050.1	204694	210806	0
VMED01000052.1	371044	29876	0
VMED01000051.1	175398	6455	0
VMED01000053.1	169980	11646	0
VMED01000054.1	171058	216549	0
VMED01000055.1	155136	12174	0
VMED01000056.1	138063	10615	0
VMED01000058.1	134328	5994	0
VMED01000059.1	113834	7910	0
VMED01000060.1	114039	7027	0
VMED01000061.1	111398	13047	0
VMED01000062.1	98712	5350	0
VMED01000063.1	95664	31548	0
VMED01000064.1	72089	4655	0
VMED01000065.1	68996	7318	0
VMED01000066.1	66200	79511	0
VMED01000067.1	62286	33692	0
VMED01000068.1	62646	5537	0
VMED01000069.1	58845	3175	0
VMED01000070.1	55054	25739	0
VMED01000071.1	52737	4248	0
VMED01000072.1	50855	3849	0
VMED01000073.1	50876	785	0
VMED01000074.1	47039	15014	0
VMED01000075.1	46150	4400	0
VMED01000076.1	46045	9743	0
VMED01000077.1	41702	3535	0
VMED01000078.1	39470	3190	0
VMED01000079.1	37803	10537	0
VMED01000080.1	37711	34885	0
VMED01000081.1	37134	0	0
VMED01000082.1	37193	38448	0
VMED01000084.1	36279	2507	0
VMED01000085.1	36043	3083	0
VMED01000086.1	35211	2778	0
VMED01000087.1	33773	920	0
VMED01000088.1	33046	1880	0
VMED01000089.1	32476	3495	0
VMED01000090.1	31420	2526	0
VMED01000091.1	31178	3845	0
VMED01000092.1	30897	754	0
VMED01000093.1	29794	46186	0
*	0	0	0
