chr1	215872496	13902013	0
chr2	165051286	10498775	0
chr3	125510139	8462220	0
chr4	82438829	5199263	0
chr5	70992871	4929260	0
chr6	52539765	4068144	0
chr7	47750090	3808885	0
chr8	43861690	3373422	0
chr9	43770548	3033759	0
chr10	41489931	2840674	0
chr11	38974675	3136702	0
chr12	35546317	2516289	0
chr13	34322904	2976361	0
chr14	13223547	1223006	0
chr15	13149485	1153021	0
chr16	9767604	828957	0
chr17	8686195	897799	0
chr18	8379326	687422	0
chr19	8133896	698061	0
chr20	7777642	733732	0
chr21	7118070	652148	0
chr22	6270964	587787	0
chr23	3233901	288142	0
chr24	2563298	215968	0
chr25	926252	141726	0
chrZ	84526827	5079826	0
chrMT	19110	451624	0
VMED01000001.1	29829	1329	0
VMED01000002.1	29808	763	0
VMED01000003.1	28782	16514	0
VMED01000004.1	27584	1419	0
VMED01000005.1	27050	3166	0
VMED01000006.1	26503	1423	0
VMED01000007.1	26219	1539	0
VMED01000008.1	24079	5775	0
VMED01000009.1	23664	1489	0
VMED01000010.1	23792	919	0
VMED01000012.1	23552	973	0
VMED01000013.1	23542	629	0
VMED01000014.1	23190	327	0
VMED01000015.1	21909	5692	0
VMED01000016.1	21224	585	0
VMED01000017.1	21152	740	0
VMED01000018.1	20910	501	0
VMED01000019.1	17254	11336	0
VMED01000020.1	13591	519	0
VMED01000038.1	620301	51486	0
VMED01000042.1	681565	148094	0
VMED01000044.1	389001	38764	0
VMED01000045.1	372064	5291	0
VMED01000046.1	248262	32980	0
VMED01000047.1	242906	93347	0
VMED01000049.1	232881	89672	0
VMED01000050.1	204694	227698	0
VMED01000052.1	371044	24494	0
VMED01000051.1	175398	6370	0
VMED01000053.1	169980	9477	0
VMED01000054.1	171058	232134	0
VMED01000055.1	155136	10513	0
VMED01000056.1	138063	9325	0
VMED01000058.1	134328	9682	0
VMED01000059.1	113834	7286	0
VMED01000060.1	114039	5436	0
VMED01000061.1	111398	10186	0
VMED01000062.1	98712	3633	0
VMED01000063.1	95664	17445	0
VMED01000064.1	72089	3945	0
VMED01000065.1	68996	6019	0
VMED01000066.1	66200	90179	0
VMED01000067.1	62286	58096	0
VMED01000068.1	62646	4544	0
VMED01000069.1	58845	2497	0
VMED01000070.1	55054	25043	0
VMED01000071.1	52737	3538	0
VMED01000072.1	50855	3434	0
VMED01000073.1	50876	763	0
VMED01000074.1	47039	11986	0
VMED01000075.1	46150	3732	0
VMED01000076.1	46045	8751	0
VMED01000077.1	41702	3517	0
VMED01000078.1	39470	2832	0
VMED01000079.1	37803	7074	0
VMED01000080.1	37711	28612	0
VMED01000081.1	37134	2	0
VMED01000082.1	37193	41025	0
VMED01000084.1	36279	2609	0
VMED01000085.1	36043	2607	0
VMED01000086.1	35211	2098	0
VMED01000087.1	33773	945	0
VMED01000088.1	33046	1551	0
VMED01000089.1	32476	3140	0
VMED01000090.1	31420	1494	0
VMED01000091.1	31178	2217	0
VMED01000092.1	30897	655	0
VMED01000093.1	29794	59163	0
*	0	0	0
