# This file was produced by samtools stats (1.14+htslib-1.14) and can be plotted using plot-bamstats
# This file contains statistics for all reads.
# The command line was:  stats merged/PAJA_USNM606730.RAZObowtie.marked.bam
# CHK, Checksum	[2]Read Names	[3]Sequences	[4]Qualities
# CHK, CRC32 of reads which passed filtering followed by addition (32bit overflow)
CHK	673df8cf	cef29f4d	8c5303c7
# Summary Numbers. Use `grep ^SN | cut -f 2-` to extract this part.
SN	raw total sequences:	134957205	# excluding supplementary and secondary reads
SN	filtered sequences:	0
SN	sequences:	134957205
SN	is sorted:	1
SN	1st fragments:	134957205
SN	last fragments:	0
SN	reads mapped:	134957205
SN	reads mapped and paired:	0	# paired-end technology bit set + both mates mapped
SN	reads unmapped:	0
SN	reads properly paired:	0	# proper-pair bit set
SN	reads paired:	0	# paired-end technology bit set
SN	reads duplicated:	10560977	# PCR or optical duplicate bit set
SN	reads MQ0:	7371695	# mapped and MQ=0
SN	reads QC failed:	0
SN	non-primary alignments:	0
SN	supplementary alignments:	0
SN	total length:	18737750003	# ignores clipping
SN	total first fragment length:	18737750003	# ignores clipping
SN	total last fragment length:	0	# ignores clipping
SN	bases mapped:	18737750003	# ignores clipping
SN	bases mapped (cigar):	18737750003	# more accurate
SN	bases trimmed:	0
SN	bases duplicated:	1316348276
SN	mismatches:	1033086187	# from NM fields
SN	error rate:	5.513395e-02	# mismatches / bases mapped (cigar)
SN	average length:	138
SN	average first fragment length:	139
SN	average last fragment length:	0
SN	maximum length:	150
SN	maximum first fragment length:	150
SN	maximum last fragment length:	0
SN	average quality:	36.0
SN	insert size average:	0.0
SN	insert size standard deviation:	0.0
SN	inward oriented pairs:	0
SN	outward oriented pairs:	0
SN	pairs with other orientation:	0
SN	pairs on different chromosomes:	0
SN	percentage of properly paired reads (%):	0.0
# First Fragment Qualities. Use `grep ^FFQ | cut -f 2-` to extract this part.
# Columns correspond to qualities and rows to cycles. First column is the cycle number.
FFQ	1	0	0	0	0	0	0	0	0	0	0	0	0	0	0	0	0	0	0	0	0	5	3	68343	373192	4	380195	1119222	1605512	953774	259	5411040	42617237	12469	15961043	66454870	37	0	0	0	0	0	0	0
FFQ	2	0	0	2516	0	0	0	0	0	54	2	117814	193	0	0	1	64	233284	712	116	3598	4	3	115977	300592	4	267981	1004162	1804911	716851	37	4512439	36363268	14479	8475365	80978384	43466	185	688	32	18	2	3	0
FFQ	3	0	0	127	0	0	0	0	0	71	1	126825	292	0	0	0	106	264478	1244	334	11981	2	17	131935	279914	4	338411	945451	1822373	842412	390	4406214	34241932	42466	7818482	83479601	182657	335	18036	260	832	15	7	0
FFQ	4	0	0	1938	0	0	0	0	0	157	0	111348	589	0	0	0	171	142263	2500	839	117744	2	69	109979	929	7	285050	457464	35134	665559	3214	1274652	34311	1813406	3093342	771	24095673	1135	102705965	336	2377	254	27	0
FFQ	5	0	0	2490	0	0	0	0	0	518	2	135000	1993	0	0	0	527	158880	8329	3148	128178	1	324	117011	4458	12	319030	505950	37980	716886	8169	1375903	38397	1936216	3301060	1275	24678911	7682	101464305	517	3072	607	374	0
FFQ	6	0	0	2	0	0	0	18	0	10661	0	87700	32077	0	0	26	10447	23688	117126	63140	69393	2	10280	8191	119512	82	320989	444596	63343	393870	295479	1272075	159593	2068959	3023521	2882	21579066	2885290	101888552	744	4321	698	882	0
FFQ	7	0	0	197	0	0	8	104	0	11558	0	94589	35060	17	0	92	10244	24347	118381	64814	68650	38	11676	9055	121507	301	319897	446700	75829	379588	298002	1278024	158595	2063452	2994990	7054	21277996	2801380	102250697	2758	29512	815	1278	0
FFQ	8	0	0	31	0	0	41	69	0	12393	2	96964	34726	79	0	70	12170	24989	125364	65533	68563	384	12958	10269	120178	541	324327	443527	106447	368339	298190	1283565	160391	2074271	2994981	28417	21185268	2764948	102259731	6044	70879	1000	1556	0
FFQ	9	0	0	8	0	0	59	44	8	10082	3	83802	30543	108	8	79	11145	24146	116386	66473	69050	680	13323	10760	121110	904	325331	148179	446958	321349	303472	1288891	119278	1817017	2101149	1249749	6796387	2174	13332644	8648544	97494316	1223	1823	0
FFQ	10	0	0	41	0	0	68	49	25	12270	5	98418	36786	185	11	49	11297	24893	115090	67980	71032	1028	13484	11775	125646	1503	328505	148128	522340	239161	308647	1300298	117639	1815161	2125789	1224496	6833189	2959	13326436	8883783	97185282	1720	2037	0
FFQ	11	0	0	1	0	0	106	29	47	10756	84	87318	31996	226	9	50	11247	24953	112041	68954	71405	1072	13873	11910	127553	2264	327820	148523	621639	145621	316857	1310439	115155	1826279	2143625	1211625	6879140	5226	13359253	9075111	96890016	2613	2369	0
FFQ	12	0	0	0	0	0	128	86	152	23172	274	171338	66422	256	13	83	13704	31254	137751	82501	87445	1100	15434	12979	140637	3353	349761	154608	740215	64352	325326	1347022	119393	1877939	2181414	1251323	6974114	13523	13460747	9175215	96105168	10922	18081	0
FFQ	13	0	0	25	0	0	89	57	79	10893	363	87968	32409	289	13	45	11803	25926	119783	72596	75167	1175	14806	12300	129420	6856	337126	152122	767386	46101	328888	1329041	134089	1922591	2189284	1276117	6986876	52227	13518016	9377319	95878279	31180	28501	0
FFQ	14	0	0	2	0	0	91	58	121	12544	553	96957	35929	274	22	67	2432	31971	111827	73111	75635	1210	15146	12442	30119	110220	337934	152981	732026	45596	326761	558893	857939	1308457	2117175	1459507	1333826	4257218	3711390	11862310	8589371	24984109	71710981	0
FFQ	15	0	0	139	0	0	128	92	197	12905	795	98585	36349	303	34	124	2816	32668	117241	75859	77554	1293	15506	12611	31612	113053	339437	156046	741943	46222	332698	569303	867901	1312537	2137029	1448785	1358585	4263136	3708715	11933275	8603443	25190703	71317583	0
FFQ	16	0	0	0	0	0	115	127	226	12279	955	93120	33887	358	80	208	3011	32809	111519	75582	78705	1332	15783	12641	32933	117584	341816	157898	743343	47860	337933	575526	876027	1317886	2161801	1456065	1391128	4282973	3716173	12003183	8576949	25400175	70947215	0
FFQ	17	0	0	0	0	0	121	165	299	13449	1490	100211	36399	402	88	316	3426	34356	111749	79094	81764	1375	16702	13481	36054	124633	346842	161498	751876	49117	345595	590672	890534	1325483	2195963	1471089	1425434	4318170	3748602	12105217	8593062	25556430	70426047	0
FFQ	18	0	0	0	0	0	113	201	380	14682	2184	103438	37658	416	149	316	4093	35307	114147	83963	82522	1559	17468	13702	38461	129290	346819	163910	760994	50113	349651	606595	896776	1337638	2209432	1491351	1456937	4343443	3787737	12190345	8640325	25767394	69877696	0
FFQ	19	0	0	2	0	0	147	247	473	16408	2927	109624	40130	506	174	409	4927	33662	8292	200459	85898	1676	18448	14169	42070	138683	349725	166621	771021	52204	356656	621945	909446	1351070	1353913	2389593	1493819	3888414	3610563	9931214	10085327	26521726	70384617	0
FFQ	20	0	0	2	0	0	137	271	472	15281	3507	97251	34162	521	257	503	5578	33878	10768	188897	84223	1817	19385	14451	45556	144864	343718	168750	767686	53216	358753	632598	913763	1348548	1361227	2410721	1529265	3907624	3654622	10043343	10323792	26673996	69763802	0
FFQ	21	0	0	3	0	0	152	369	644	16552	4712	98082	34113	593	276	613	6575	35789	13882	185118	85989	1986	20545	15057	50161	158023	339885	171473	766875	55076	365513	656272	927665	1349887	1383016	2437744	1573255	3949036	3719072	10184582	10603262	26784856	68960502	0
FFQ	22	0	0	102	0	0	152	478	810	18728	6534	103265	34978	633	378	760	7500	38281	18679	180448	88609	2112	21809	15787	56076	173483	333373	175031	766884	57311	374615	678502	940445	1338122	1401010	2447866	1621537	3985501	3763233	10325435	10910710	26909184	68158844	0
FFQ	23	0	0	19	0	0	182	535	976	20900	8781	103102	33668	797	529	945	9069	42049	25725	178259	92005	2502	23777	16923	64212	193744	328887	181621	782225	60490	383298	714850	957773	1357338	1431524	2503191	1680093	4042551	3858837	10491094	11237460	26984402	67142872	0
FFQ	24	0	0	0	0	0	180	624	1200	23769	11897	107010	33191	861	677	1086	10375	45129	31577	171260	96058	2709	25766	17749	71043	219823	315736	185522	776901	63589	392509	749552	971358	1342836	1455062	2526946	1739358	4074950	3919110	10778619	10786020	25287258	68719895	0
FFQ	25	0	0	39	0	0	153	713	1316	24518	14489	99595	28105	904	792	1294	12134	47720	38121	158198	95800	2817	27604	18718	78333	248579	299207	188565	765289	65982	399334	784278	985685	1314902	1481488	2543030	1802291	4102593	3956549	10960165	10892214	25820268	67695423	0
FFQ	26	0	0	20	0	0	202	912	1667	29805	20473	106145	26703	1108	940	1536	14267	53342	46280	148638	99775	3288	29904	19986	86463	285095	283671	194524	757115	69676	407704	833046	1000142	1297773	1510218	2566857	1878594	4148947	4000811	11167419	10881204	26442918	66540037	0
FFQ	27	0	0	34	0	0	230	1095	1933	33875	26645	103755	21809	1253	1237	1900	16927	59244	54852	139159	102342	3814	32751	21214	94129	324482	268963	199619	751646	74411	418325	896539	1019669	1271507	1543048	2593329	1967067	4187439	4053091	11378870	10851112	27108065	65331825	0
FFQ	28	0	0	1	0	0	242	1249	2242	35684	32142	95772	15586	1458	1442	2109	20314	64577	61991	125991	103077	4300	35898	23041	99908	362099	257083	205314	741268	78262	424579	965524	1034164	1244508	1579558	2618547	2065462	4218972	4102659	11634834	10783414	27784205	64129729	0
FFQ	29	0	0	31	0	0	273	1445	2897	41604	42014	93967	10612	1696	1740	2541	23250	71374	64154	118633	108260	5066	40351	25617	105573	406775	250624	214506	728669	83820	437745	1047774	1064527	1209924	1632048	2652605	2183050	4263426	4167539	11951522	10687573	28436184	62777796	0
FFQ	30	0	0	11	0	0	283	1708	3639	49577	56066	92528	6454	1905	2216	3088	27933	82776	66725	115140	113805	5757	42140	27692	114025	441809	260234	222921	717414	90625	450857	1139864	1092523	1167405	1687026	2686750	2311522	4301100	4243133	12300874	10576044	28975621	61478015	0
FFQ	31	0	0	9	0	0	303	2028	4139	51957	65457	75657	2675	2197	2549	3604	31612	90014	60361	111141	114943	6616	45805	29510	117450	462903	277268	230292	694931	95574	459296	1227388	1112169	1109015	1735285	2702061	2456947	4306205	4307146	12667001	10420196	29446181	60429320	0
FFQ	32	0	0	5	0	0	355	2495	4919	58074	80924	64584	1115	2656	2723	4205	36164	97180	50692	111847	117357	7587	50307	32209	117864	478250	297923	237833	667214	102215	471498	1310560	1136844	1043881	1793795	2709624	2607893	4307640	4368476	13045966	10203389	29807619	59523323	0
FFQ	33	0	0	101	0	0	398	2860	5834	64075	98063	49797	545	2774	3456	4921	42065	106581	40952	114350	122164	8792	56398	35285	122480	494161	331138	247158	650229	110630	483417	1413968	1167738	987163	1863827	2722114	2788535	4303258	4446263	13464056	9960153	30037826	58603680	0
FFQ	34	0	0	2	0	0	438	3231	6896	64667	106948	32305	574	3254	3804	5850	47088	114124	30847	116764	123848	9773	61314	37933	126491	505577	362624	257797	629236	120142	492806	1515580	1197176	935093	1938847	2744211	2987153	4287976	4539552	13897606	9735330	30231602	57682746	0
FFQ	35	0	0	3	0	0	412	3654	7779	65380	116313	18897	616	3640	4302	6876	51585	111663	22100	118896	126327	11288	64905	41383	128484	516843	372430	270365	612826	130325	509749	1572861	1225250	890168	2025691	2736539	3192371	4238661	4631284	14300077	9541243	30530640	56755379	0
FFQ	36	0	0	6	0	0	475	4151	9385	67447	126174	10391	772	3997	5040	8066	56936	110725	16984	122290	130044	12653	70832	45248	133599	527932	382322	279875	605786	141621	523883	1623184	1254062	870296	2113350	2724114	3411596	4173964	4709604	14629663	9384889	30746529	55919320	0
FFQ	37	0	0	75	0	0	542	4677	11251	69397	135061	4636	826	4629	5669	9363	63678	108401	15073	125418	134710	14231	78230	49928	138842	543317	384096	293815	609033	154931	538507	1661412	1291025	867836	2216667	2725584	3641822	4107945	4788366	14910585	9308010	30989448	54950169	0
FFQ	38	0	0	21	0	0	616	5459	13180	73084	145075	1898	1048	5302	6949	10998	72221	108941	15523	130937	140841	16796	86892	55917	149699	564328	389555	313041	620080	173510	560173	1711092	1332079	885728	2339937	2734414	3890853	4037725	4884378	15153531	9291828	31115178	53918378	0
FFQ	39	0	0	98	0	0	578	5513	13934	68358	137257	719	1165	5803	7968	12043	79603	101407	16234	125520	136196	19878	84793	60103	165825	565507	398349	322033	602206	189162	540293	1779326	1328715	873977	2436369	2661439	4141408	3804362	4992094	14272083	10303416	30238400	54465071	0
FFQ	40	0	0	76	0	0	641	6306	15446	68604	138202	424	1183	6319	8310	13749	82189	90599	18129	126890	138073	22464	92238	65452	177146	582614	375928	338345	614854	205442	558292	1758147	1360315	898056	2547392	2632131	4344917	3725025	5052591	14388588	10302170	30358514	53841444	0
FFQ	41	0	0	23	0	0	700	6839	17290	67870	137978	403	1274	6749	9330	15119	87386	81428	20206	127799	139380	24095	96962	69399	184677	587683	349200	349419	620390	221749	572308	1717478	1386678	925539	2651517	2593311	4495782	3684127	5089065	14496113	10266006	30526595	53172906	0
FFQ	42	0	0	17	0	0	776	7572	19713	67332	135449	447	1462	7565	10528	16911	92925	72396	22685	127986	142196	26754	100073	73711	195869	592645	329578	363391	623389	243023	583959	1702577	1410646	946858	2759701	2560686	4635021	3668159	5139246	14590373	10205653	30528501	52641817	0
FFQ	43	0	0	2	0	0	877	8472	22535	68610	136637	465	1725	8702	12354	19820	98782	64594	25505	130220	145175	29964	105320	80988	210884	603152	311898	382937	631238	269853	602576	1702461	1450293	978006	2888273	2556330	4761708	3703819	5220672	14752315	10168943	30518849	51821006	0
FFQ	44	0	0	8	0	0	754	8047	22100	60590	122692	528	1848	8975	13689	20870	101164	53132	25388	119391	133550	34016	102626	86792	222275	578095	296466	386347	590791	296850	562818	1710166	1422544	961195	2967004	2429751	4857162	3540519	5320505	14355228	10520361	29778305	52637000	0
FFQ	45	0	0	0	0	0	584	8108	26153	77215	162939	517	1932	8479	16005	22128	113050	46118	25337	109150	124838	52134	81507	88500	232476	564936	291448	376176	542475	320977	510684	1701932	1352327	909463	3017102	2261354	4976870	3279812	5512188	13527277	10899949	29486647	53468302	0
FFQ	46	0	0	2	0	0	463	5888	19507	48098	97020	410	1575	7748	15242	21288	102735	35321	24865	95711	110943	50252	77017	86944	234840	537099	255701	368948	523773	326806	513475	1568653	1336742	914988	2953230	2232028	4965332	3369525	5412468	13349746	10505947	29212691	54678148	0
FFQ	47	0	0	0	0	0	440	6778	21839	50184	97957	361	1616	7808	15071	21929	87656	27347	26280	94819	111388	49675	75535	85966	235680	516016	205712	372620	520156	342753	524877	1444467	1340843	931802	2924038	2248448	5018563	3456761	5389844	13167092	10209313	28942989	55348038	0
FFQ	48	0	0	0	0	0	454	6785	22999	50423	94385	389	1683	8015	17304	23339	83612	23943	28098	94073	111146	51331	74759	89752	247903	507887	175756	379363	518139	369185	534553	1347378	1351058	949141	2889846	2302150	5071635	3563360	5406126	13034192	10109332	28734120	55504058	0
FFQ	49	0	0	0	0	0	423	6674	23600	48864	87327	422	1757	8128	17879	25237	78066	21468	29232	93194	111694	54479	74699	95163	243399	515492	147164	394964	533175	402737	550032	1302482	1381792	979083	2900900	2369748	5062326	3778616	5521617	11470281	11596960	28570983	55127295	0
FFQ	50	0	0	0	0	0	483	6803	25041	49120	83608	385	1803	8621	19763	27120	72072	20066	30727	93685	111972	58132	75177	102687	261499	510410	128237	415687	532068	445980	562724	1276013	1416342	1011926	2923366	2480106	5204068	3895900	5663687	11459859	11698370	28396862	54404469	0
FFQ	51	0	0	24	0	0	492	6590	24258	45721	71559	518	2151	10259	30087	35593	85819	16864	27341	80990	92713	79515	81035	142978	339504	584065	152448	492982	518473	724715	544649	1914531	1674604	1168336	4254780	3035844	6046338	4296330	9157139	14513632	18976142	27894136	36206458	0
FFQ	52	0	0	0	0	0	638	7726	27916	51328	73930	595	2377	10451	27999	33272	65844	17075	29642	85909	100418	73200	76682	127941	313646	494055	101597	473597	505615	612154	550504	1391826	1588341	1155902	3371445	2946805	5723868	4222935	7189849	13126891	17700204	32220890	38678894	0
FFQ	53	0	0	34	0	0	632	7432	27041	47640	61101	622	2399	10553	27318	32835	54566	17138	30855	86488	100023	74308	73589	127638	309267	452849	82594	471374	491796	597746	568418	1184804	1536981	1142122	2993904	2926102	5740052	4289919	6437833	11980445	14216505	30445587	46393702	0
FFQ	54	0	0	0	0	0	671	7935	28583	50226	57068	635	2584	10649	28229	32864	44522	17103	31224	87863	99582	76652	73115	132892	312571	421018	74412	480831	481497	621072	582740	1078742	1544174	1150245	2841918	3000316	5903398	4401746	6354380	11354713	13017932	28044269	50455844	0
FFQ	55	0	0	0	0	0	745	8604	31301	54770	55171	690	2967	9884	30721	36261	40272	16604	32281	89891	99173	77394	77444	141533	322517	280880	189263	500387	467680	667155	597977	1012583	1572428	1179568	2753074	3159531	6136119	4554462	6240394	11301477	12686562	26964254	51366231	0
FFQ	56	0	0	0	0	0	806	9424	33832	61754	52944	781	3200	10694	35335	37946	37607	16715	33031	92924	100386	83279	79060	154331	335106	258441	189168	523908	462674	718565	616497	965459	1616481	1223024	2711283	3320465	6392208	4732845	6425177	11136060	12706413	26330366	51099680	0
FFQ	57	0	0	186	0	0	859	8648	32329	60126	42687	866	3518	10939	37818	38586	32123	16960	33780	95670	99490	89409	81395	167445	349360	239044	193490	552343	459119	780369	642989	930521	1678026	1278102	2699985	3529777	6688995	4974939	6646538	11078631	12867212	25866697	50145452	0
FFQ	58	0	0	8	0	0	913	9547	34897	68214	40984	949	3834	10960	39030	38397	26675	17081	34313	100245	100183	94939	84092	177412	356284	215713	198291	581550	454086	833225	669369	892035	1743842	1340931	2681837	3742776	7031596	5230127	6882299	11018653	13110521	25440067	48994505	0
FFQ	59	0	0	3	0	0	979	8832	33308	67536	31641	1023	4062	11240	42392	36286	23912	16800	33752	104203	98927	88005	79720	212521	333741	187642	191482	663048	444822	893198	692246	866148	1807612	1404294	2672269	3971626	7414715	5509223	7152109	10953112	13219006	24963839	47911004	0
FFQ	60	0	0	1	0	0	998	8820	33247	69993	25595	1075	4316	11209	42826	34157	19078	16768	34361	108688	97676	92922	80959	225973	332279	170068	196786	697137	435271	944631	723450	846856	1874452	1473230	2664060	4206996	7828358	5815412	7481492	10878707	13603609	24461823	46448049	0
FFQ	61	0	0	0	0	0	1078	8966	34895	74907	21567	1222	4651	11317	45515	32549	17180	16843	34993	113069	96733	98967	83136	244044	331062	156864	203696	737422	428011	994750	756025	835787	1948258	1549315	2653450	4457216	8285217	6162716	7829923	10803922	14057695	23914716	44784120	0
FFQ	62	0	0	0	0	0	1244	9292	37224	82349	17787	1359	5081	11725	48933	31996	15761	17182	36207	119111	96207	104891	86068	261664	325528	146345	209847	777400	419017	1036532	792317	834302	2024439	1626859	2657337	4711054	8802662	6524594	8198763	10710792	14523510	23296297	43065073	0
FFQ	63	0	0	4	0	0	1350	9401	38067	85695	13625	1479	5488	11755	51319	30890	14937	17286	36619	124761	94913	111045	88708	280797	317447	139145	216587	820969	409190	1075953	829592	844724	2104017	1707297	2665964	4977980	9391079	6913570	8605391	10586083	15013493	22595790	41268498	0
FFQ	64	0	0	2	0	0	1450	9156	38834	87061	9372	1617	5899	11626	52642	29058	14390	17414	36902	129374	92559	117811	91531	299747	306832	133264	223458	862026	399814	1107139	870162	864884	2181803	1791557	2675066	5252654	10061227	7313730	9048794	10419784	15514632	21835799	39425835	0
FFQ	65	0	0	0	0	0	1452	8961	39969	89379	6531	1832	6241	11695	52871	27578	12027	19192	38719	126566	100577	124586	95382	298124	312840	131267	232497	903907	343791	1121188	979238	897168	2274910	1874803	2710622	5541204	10787058	7760220	9557723	10236258	16008022	21037784	37393323	0
FFQ	66	0	0	0	0	0	1596	8685	40779	87919	4189	1845	6455	11471	53140	25914	11516	18923	38922	132238	98673	129493	98265	313828	296624	129919	240783	944605	330003	1122989	1027013	939851	2347520	1962122	2741491	5828640	11598073	8249090	10081348	9986999	16553603	20141369	35391108	0
FFQ	67	0	0	0	0	0	1758	9305	44743	94020	2637	2079	7352	11718	54041	25156	11676	19666	39930	140561	97879	136342	100981	331136	280832	131568	254104	992883	323345	1123711	1085040	992539	2423279	2058872	2791213	6144305	12469870	8768964	10636288	9713431	17064425	19204683	33229902	0
FFQ	68	0	0	0	0	0	1699	8312	43814	87235	1364	2278	7672	11591	54323	23736	11840	19641	39751	144155	93827	142414	104574	347755	268172	134215	261606	1036163	313472	1115836	1139387	1056110	2495271	2149256	2856908	6460124	13415038	9318184	11242994	9374731	17616452	18181380	31065089	0
FFQ	69	0	0	0	0	0	2056	9665	51256	98959	863	2522	8367	12082	55699	23346	12434	20588	42296	154314	93810	149594	110767	360318	253590	138560	275914	1084343	310388	1103747	1207179	1127148	2557349	2251604	2937310	6809665	14434351	9898072	11863336	9029753	18095308	17082889	28789488	0
FFQ	70	0	0	0	0	0	2126	8776	51773	93502	434	2744	9128	12498	57640	23143	13049	20692	43305	161568	90384	158570	115357	338198	215190	209135	288866	1133930	309131	1093906	1274716	1206050	2619340	2362662	3045825	7201914	15535685	10512468	12498675	8643238	18570654	15941708	26402061	0
FFQ	71	0	0	0	0	0	2214	8689	54304	90779	179	3074	9722	12503	56270	21941	13656	21072	44745	170476	88093	167848	119153	346538	203444	219024	303459	1184029	312023	1080743	1354062	1301184	2692630	2482566	3172052	7627269	16692873	11158253	13158019	8231153	19005490	14721056	23946869	0
FFQ	72	0	0	3	0	0	2247	8331	56151	86275	84	3359	9983	12617	54828	20701	14503	21159	45685	178319	84556	175126	121954	349940	192953	228104	318336	1225031	313898	1052984	1425087	1387060	2739069	2586870	3318646	8071457	17958878	11803542	13859184	7775372	19377165	13462579	21544826	0
FFQ	73	0	0	0	0	0	2153	7648	56888	81231	35	3429	10006	12546	51556	19181	14691	21279	45826	184003	79961	182008	123335	347790	182142	235974	332269	1258899	321930	1014803	1494123	1470227	2767760	2680081	3481403	8520369	19307640	12455689	14601933	7294244	19647893	12194807	19187536	0
FFQ	74	0	0	1	0	0	2368	7610	60093	80994	23	3707	10592	13114	49815	18451	15648	21385	46988	192569	76610	193799	125055	346208	178343	246971	350133	1302123	330835	989385	1573003	1565299	2815343	2781778	3663079	9004162	20731728	13090054	15330188	6783345	19758159	10866600	16866544	0
FFQ	75	0	0	0	0	0	2418	7279	62610	77812	18	3970	10813	13371	48205	18406	16318	22291	48580	204712	72776	203182	128471	342781	176083	258099	367788	1243269	445868	955787	1655772	1648585	2863867	2883101	3853825	9545940	22221193	13737068	16054932	6268946	19709870	9536828	14574086	0
FFQ	76	0	0	0	0	0	2320	6803	60979	69016	10	4822	13365	13997	60025	16280	17744	19845	48174	192762	70768	261241	154497	403383	213674	330243	414800	1565227	570224	1314807	2125482	2590292	4066849	4376069	5207303	13621075	20878839	15314985	13771138	5876321	19857472	7311635	8266317	0
FFQ	77	0	0	0	0	0	2613	6706	62444	63897	10	4769	12255	13404	47633	15548	17747	20218	47150	196802	62607	231002	135747	335489	180752	286014	385103	1362587	500544	968178	1912370	2071501	3332912	3639459	5007963	12715410	23715679	15768394	15666489	5191430	20150866	7333069	7430887	0
FFQ	78	0	0	0	0	0	2875	6375	65113	60443	12	4917	12291	13521	42186	14886	18459	20261	47813	204269	57923	228214	129868	299403	173319	280858	392317	1291475	491214	824550	1864270	1902269	3043703	3273909	4641663	11748374	26832504	15966880	17558574	4587741	18927435	6244526	7431210	0
FFQ	79	0	0	0	0	0	3115	6292	69304	57923	9	5164	12745	13639	39200	14629	19275	20933	48007	210431	54831	232399	128571	276017	172341	286645	407983	1269635	502820	745000	1876573	1859836	2965658	3176127	4579716	11700768	29331624	16393531	18543787	4001317	17960233	4803928	6718934	0
FFQ	80	0	0	0	0	0	3294	6009	71176	52740	15	5779	14126	14173	38020	14238	20396	20710	49475	217610	53138	246408	131327	261090	177363	298356	432412	1277070	523513	691422	1929955	1873915	2985051	3185221	4664179	12049230	31548122	16876820	19074696	3438300	16879903	3692948	5493197	0
FFQ	81	0	0	0	0	0	3364	5800	75136	49399	11	6329	14421	14868	35670	13630	21900	21312	51261	224172	52379	257776	132739	244022	183610	309588	457063	1288560	549092	647238	2000644	1907793	3050248	3246332	4816188	12629790	33650700	17356469	19289738	2950603	15539855	2797047	4215755	0
FFQ	82	0	0	0	0	0	3623	5733	79358	46024	17	6910	14886	15642	33871	13682	23188	21939	52612	229968	52141	272311	134272	227205	190529	322117	484423	1304725	574189	606727	2075738	1936110	3131137	3320230	4969945	13270711	35753900	17815409	19247769	2492804	14018451	2061770	3094027	0
FFQ	83	0	0	0	0	0	3574	5414	84506	42379	15	7183	15137	16225	31629	13207	23892	22280	54404	236736	52575	282521	135005	208828	198986	332722	510991	1303386	600485	562081	2139981	1955573	3217205	3400663	5131673	13963273	37905490	18217763	18952262	2082897	12338228	1466445	2178316	0
FFQ	84	0	0	0	0	0	3856	5401	89607	39528	20	7899	15858	16911	30529	13281	25391	23071	56012	245409	54586	299005	136601	193089	208969	346902	546241	1319367	630507	528953	2224005	1977148	3324351	3502574	5278911	14687118	40002213	18534105	18370272	1705920	10565980	1000306	1466653	0
FFQ	85	0	0	0	0	0	3936	5291	95434	36530	14	8916	16830	18036	29266	12766	26790	23388	57836	252946	57802	315425	137525	177196	218916	363481	581636	1323642	664886	496100	2311635	1998076	3434964	3607375	5438379	15466741	42055073	18739470	17520246	1370798	8789541	653042	939026	0
FFQ	86	0	0	0	0	0	4338	5388	102437	33388	12	9595	17390	19321	27358	12903	28530	24293	60116	259747	61645	332896	138790	160180	228957	377923	621674	1324526	698219	466355	2390110	2017376	3540208	3717253	5568297	16231301	44104274	18847893	16435362	1076145	7089633	406129	573824	0
FFQ	87	0	0	0	0	0	4508	4960	106374	29382	19	10184	17793	20205	25453	12216	29945	24180	61405	264010	65973	348171	137055	143734	238071	391660	658033	1310298	732331	439203	2465976	2018637	3635439	3825821	5697540	16983080	46140053	18851868	15153585	822908	5529223	240341	332944	0
FFQ	88	0	0	0	0	0	4843	5232	116020	27285	17	11332	18456	21333	23586	12076	31530	25454	62932	270566	70375	362144	133898	127157	249041	404914	697440	1282695	765963	411115	2525769	2020405	3710673	3919691	5795481	17692622	48179325	18740382	13707772	610489	4163282	134970	184095	0
FFQ	89	0	0	0	0	0	4653	4376	111475	21045	19	11945	17936	21467	20414	11560	32468	25895	64765	272983	75670	378087	130285	112701	261957	418275	740475	1257492	800575	389552	2587414	2029129	3791722	4027301	5902677	18405085	50110692	18477378	12141285	440838	3008152	72118	96001	0
FFQ	90	0	0	0	0	0	4993	4428	116558	18258	17	12928	18479	22446	17882	11127	33778	26933	66339	279326	80760	388041	122879	96807	271146	433713	783449	1216340	840331	369097	2649383	2036968	3865652	4134813	5995331	19085332	51954145	18073258	10517493	305904	2085968	36949	48261	0
FFQ	91	0	0	0	0	0	5263	4043	121444	15400	8	13569	19036	23440	15758	10704	35913	27349	69335	284731	87851	405341	117431	85106	284529	451039	836560	1180375	881601	352239	2710908	2053672	3939329	4250512	6092627	19766603	53608503	17509270	8883294	204814	1380323	18665	23530	0
FFQ	92	0	0	0	0	0	5558	3875	126412	12899	11	15023	19721	24045	13624	10338	37066	28010	71253	289126	94208	416351	109132	73489	294420	465973	882772	1128869	918495	334286	2761275	2066674	3988527	4349896	6169272	20348165	55236329	16851068	7334203	131163	874716	9490	11807	0
FFQ	93	0	0	0	0	0	5595	3597	128632	10492	27	15948	19720	24721	11679	9983	38777	28927	72645	295633	103105	429427	100857	64121	306350	483167	935802	1076554	958224	317978	2810649	2080054	4029632	4441095	6234501	20902882	56722905	16053540	5906644	79976	527556	5122	6456	0
FFQ	94	0	0	0	0	0	5603	3352	130645	8507	20	16714	19996	24912	10111	9204	39451	29282	74258	298264	110014	438024	90764	55788	316194	497402	984955	1016944	998086	301935	2845738	2096055	4071035	4527598	6318048	21403222	58049211	15178614	4647622	46918	302392	3057	3723	0
FFQ	95	0	0	0	0	0	5849	3268	132892	7015	20	17889	20189	9245	25334	8843	41941	30244	76389	303540	118605	445532	80786	49573	328143	514918	1040637	957197	1041442	285032	2889401	2118944	4113402	4604230	6391094	21852814	59192845	14211882	3580919	26412	164656	1909	2479	0
FFQ	96	0	0	0	0	0	6221	3136	139968	5845	21	18982	20468	9111	24944	8599	43440	30905	78673	313790	127904	452367	70936	45777	340420	533565	1100394	895264	1086263	269260	2926612	2141299	4158233	4677524	6467475	22276590	60115153	13209245	2706649	14350	85750	1281	1670	0
FFQ	97	0	0	0	0	0	6377	2865	142038	5027	25	20532	20958	8988	24539	8330	45584	32479	82024	322084	140015	464411	61187	42131	356750	554033	1166101	839864	1136041	253668	2988173	2174703	4214634	4770100	6545723	22708516	60731322	12166814	2024799	7395	43970	981	1370	0
FFQ	98	0	0	0	0	0	6685	2717	147243	4410	15	22589	21316	8548	24369	7886	47764	33597	84930	331996	151853	470382	51733	40640	369645	575779	1236517	780963	1185789	235734	3042824	2207718	4275065	4847152	6618689	23079031	61178987	11171354	1517368	4122	21848	783	1149	0
FFQ	99	0	0	0	0	0	7042	2798	155173	4008	19	24021	21917	8277	23949	7231	49381	34190	86445	335919	163079	471590	43035	38548	380450	592051	1290065	716724	1223035	216806	3069862	2227293	4308217	4905863	6683632	23359940	61596221	10269638	1158735	2187	11478	626	941	0
FFQ	100	0	0	0	0	0	6837	2291	146287	3526	21	24669	20688	7249	23661	6706	50684	34804	88434	339298	175334	470886	34706	38550	391211	606212	1344481	650921	1263427	197491	3098996	2245818	4342486	4945049	6741259	23611606	61882799	9461112	909881	1334	6326	526	978	0
FFQ	101	0	0	0	0	0	7236	2015	151231	3536	25	26414	20477	6593	23594	6244	53236	35611	90251	347742	187275	465466	27542	37858	404481	622766	1408886	592031	1309150	179766	3147061	2275210	4393111	5015242	6800482	23878681	61871719	8726191	737971	843	3678	513	906	0
FFQ	102	0	0	0	0	0	7471	1903	152897	3285	16	28355	19847	5729	24383	5738	54582	37370	92624	357892	200375	459017	21397	38785	416164	639262	1467933	531934	1349513	160975	3175622	2301791	4437375	5069427	6863806	24136436	61727675	8116587	624399	642	2174	467	893	0
FFQ	103	0	0	0	0	0	7965	1756	156373	3345	30	29952	19680	4912	24824	5349	57120	38377	95241	367715	215428	451993	16771	39579	430778	655929	1529047	476552	1392386	143738	3227856	2325886	4491134	5127369	6916091	24391402	61392566	7616173	545282	474	1525	454	851	0
FFQ	104	0	0	0	0	0	8017	1604	158691	3175	23	31243	18895	4301	24784	4676	58074	39495	96830	371269	227593	440011	12959	39846	440384	667990	1575010	420877	1422089	126140	3251346	2338281	4529415	5172624	6956554	24607711	61084767	7234935	491250	390	1021	442	844	0
FFQ	105	0	0	0	0	0	8312	1385	160982	3398	24	33689	18078	3610	25682	4327	60668	40652	100007	383511	246848	433401	9958	40952	455499	685993	1644330	376015	1465699	111195	3317119	2370627	4597083	5250093	6995287	24853691	60456788	6914833	445654	315	796	440	841	0
FFQ	106	0	0	0	0	0	8454	1224	164353	3395	27	35340	17197	2808	26681	3936	62484	42458	101678	392011	262073	422290	7878	42175	466972	698844	1699308	331008	1504949	96683	3368468	2391962	4658964	5324906	7037087	25114859	59792311	6676515	407171	272	586	411	781	0
FFQ	107	0	0	0	0	0	8609	1056	164402	3452	25	37246	16173	2141	27202	3305	64106	43437	104131	397170	278024	406677	6272	42359	481108	711719	1750382	289519	1536616	83649	3414190	2412747	4713794	5391448	7062715	25360313	59140214	6485760	371871	265	540	399	832	0
FFQ	108	0	0	0	0	0	8964	891	167777	3471	29	38797	14819	1625	27885	2981	65299	44293	105447	408159	292723	391423	5009	44068	489436	720909	1791317	250215	1564707	72699	3450388	2428316	4762372	5452588	7094091	25551755	58518856	6339605	339532	243	469	373	756	0
FFQ	109	0	0	0	0	0	8903	792	171304	3623	20	41878	14263	1304	28588	2556	68460	46034	109291	419680	313818	383176	4117	45168	506407	738444	1856516	219801	1604864	62790	3517636	2458578	4846529	5532180	7129725	25789830	57649286	6190830	306129	229	423	362	712	0
FFQ	110	0	0	0	0	0	9432	735	180105	3659	30	43949	13253	939	29737	2293	69763	47834	111573	430670	331456	369716	3415	46045	519276	750393	1906485	191376	1633124	54756	3574810	2485244	4903723	5604137	7151136	25976502	56886246	6069484	275115	216	463	381	726	0
FFQ	111	0	0	0	0	0	9302	585	176843	3623	26	45696	11687	721	29909	1876	71082	48546	112542	437002	348750	356441	2872	47106	527900	755162	1945652	164195	1653666	47161	3611292	2502267	4945210	5657805	7179296	26163320	56225370	5954883	245146	182	422	324	734	0
FFQ	112	0	0	0	0	0	9539	503	181268	3685	27	46402	10304	431	31020	1573	73181	50626	114034	453121	363015	340812	2457	48941	542985	765979	1988703	140178	1686781	42031	3663002	2530423	5016561	5725190	7218494	26381338	55386143	5841322	215008	185	424	355	673	0
FFQ	113	0	0	0	0	0	10436	475	200891	3773	28	50150	9543	295	32414	1384	76006	52773	117251	469838	381029	329245	2065	50393	557767	779182	2041556	120133	1719722	37511	3726439	2559464	5086965	5800412	7233456	26549815	54522493	5727760	187925	171	412	315	657	0
FFQ	114	0	0	0	0	0	10171	294	193544	3733	28	51522	7964	175	33470	1125	77162	54444	121396	479951	404613	321681	1609	51285	573675	792088	2102999	104045	1751236	33310	3792680	2596818	5157195	5883676	7246158	26746896	53647756	5608769	161864	153	420	299	665	0
FFQ	115	0	0	0	0	0	10507	240	197668	3959	26	52759	6780	119	33623	861	78052	55751	122896	488372	417090	308486	1264	52103	583704	801885	2139216	86969	1779375	30634	3853567	2623922	5237118	5969272	7268261	26968521	52768107	5501705	137897	166	350	265	636	0
FFQ	116	0	0	0	0	0	11161	239	213721	3887	30	55491	6116	75	34499	667	79951	56665	123149	498423	429295	295490	1049	53105	590879	805988	2165873	72273	1793421	27404	3883823	2636400	5272629	6017750	7264801	27109973	52083029	5414618	116258	140	377	242	603	0
FFQ	117	0	0	0	0	0	10268	138	200317	3802	43	54954	4799	38	34614	490	79753	57570	124054	503145	446911	287136	827	54069	598869	811542	2205097	59931	1813331	25535	3931106	2662695	5330753	6081466	7273281	27286602	51319098	5318208	96471	123	332	227	519	0
FFQ	118	0	0	0	0	0	10547	95	203877	3761	30	54944	3810	24	34955	424	80372	58607	124018	512007	448101	274948	618	54788	607823	816610	2236306	48194	1835737	24376	3976829	2687886	5394099	6150830	7279715	27439475	50553142	5228642	79370	116	394	231	515	0
FFQ	119	0	0	0	0	0	10889	90	214917	3803	30	58915	3206	10	36603	307	83800	61077	128672	532935	473415	273379	461	56672	625444	835260	2307135	39351	1867665	23784	4057064	2720659	5478854	6235415	7278074	27610651	49580116	5096124	62537	104	391	221	455	0
FFQ	120	0	0	0	0	0	10798	63	212195	3854	45	59209	2544	14	36043	196	83149	61108	129088	533023	480626	266092	320	56656	630393	838659	2328174	30349	1887985	22177	4098267	2746696	5537058	6313345	7301032	27806721	48769138	4983828	49906	109	350	189	455	0
FFQ	121	0	0	0	0	0	10999	40	218669	3767	37	59367	2060	5	36553	159	85015	62872	129798	547581	489506	262166	252	58553	640713	850017	2366855	23885	1910592	22019	4148477	2775010	5603276	6376219	7305537	27946422	47945396	4867989	38642	91	323	154	440	0
FFQ	122	0	0	0	0	0	11237	24	225086	3924	34	62298	1581	2	37720	104	86878	65185	133478	561214	505000	260387	182	59754	655636	864010	2424311	18102	1938938	21782	4218066	2813639	5663959	6447184	7295142	28049348	47088536	4746466	28811	86	326	166	406	0
FFQ	123	0	0	0	0	0	11591	15	233718	4070	29	65040	1361	3	39139	86	88795	67322	137755	581443	525708	263047	116	61268	672689	884413	2498883	13830	1984244	21411	4317606	2862845	5777356	6562970	7294014	28216594	45964476	4599581	21310	81	293	144	393	0
FFQ	124	0	0	0	0	0	11461	15	237138	3827	35	64504	1037	0	38930	65	88923	67594	138590	588576	529979	260856	75	62191	681700	893205	2529595	10027	2007800	21400	4370070	2896772	5846807	6645831	7297926	28387528	45080833	4469974	15508	86	258	138	337	0
FFQ	125	0	0	0	0	0	12076	4	243664	4080	42	68185	910	1	39471	32	90832	69348	141948	600784	547499	261606	42	63140	693967	906320	2582287	7149	2038044	21272	4445668	2929220	5922214	6733267	7281698	28508198	44144772	4340585	10723	65	258	112	315	0
FFQ	126	0	0	0	0	0	11917	8	248604	4058	30	68174	763	1	40511	20	91754	70677	143278	616077	557139	262068	29	64217	705942	919098	2636003	4836	2063899	21541	4509930	2964115	6002461	6815189	7268495	28620662	43230746	4217166	7403	64	245	115	303	0
FFQ	127	0	0	0	0	0	11909	4	250184	3869	40	68614	744	0	40790	13	92647	71892	144276	624155	561827	262200	22	65134	712535	928357	2669647	3272	2086794	21576	4571791	2996233	6072019	6892903	7255947	28737466	42361228	4101551	5067	55	272	130	289	0
FFQ	128	0	0	1	0	0	12333	2	264216	3945	33	70124	622	1	42043	11	94045	74353	145966	648871	572685	265472	13	67335	727229	943733	2738538	2222	2123615	22658	4650415	3035923	6158431	6978761	7228708	28817937	41378236	3970022	3354	34	249	90	228	0
FFQ	129	0	0	0	0	0	12254	2	267791	4028	40	71678	602	0	42359	3	95150	76802	148937	660425	585858	266969	7	68584	737137	957338	2787228	1450	2151332	22682	4719230	3065128	6232895	7055057	7192461	28871103	40502409	3855621	2201	46	232	75	210	0
FFQ	130	0	0	0	0	0	12461	0	271098	3999	42	71070	614	0	42708	2	94300	77131	149431	667743	588503	267160	1	68751	743998	963389	2812896	1066	2167224	23044	4769680	3092117	6291999	7122880	7176844	28967071	39661269	3748365	1395	50	210	51	168	0
FFQ	131	0	0	0	0	0	12552	0	281628	4124	45	75412	629	0	44006	1	98164	79064	155041	690655	610043	272827	0	70473	761590	984135	2894105	721	2204342	23050	4862584	3128804	6377561	7206013	7129910	28979112	38669199	3626079	962	34	183	58	156	0
FFQ	132	0	0	0	0	0	12750	0	288451	4247	33	78139	632	0	44581	0	99448	80565	158271	704009	626807	275915	0	71489	777282	1000947	2962588	510	2240139	22805	4956856	3169444	6473077	7302757	7087108	29011097	37666153	3494410	662	34	226	71	146	0
FFQ	133	0	0	0	0	0	12246	0	281566	4003	34	75138	587	0	43498	0	97858	80128	156772	698285	621244	273777	0	71792	776531	1001033	2968667	386	2246438	23083	4986630	3182397	6510495	7353586	7066743	29041624	37004144	3397938	515	40	170	44	140	0
FFQ	134	0	0	1	0	0	12832	0	295698	4032	34	76964	585	0	45022	0	99651	83359	157619	723630	626812	275278	2	73620	783790	1010003	3016005	308	2272769	23769	5039162	3215755	6576866	7404376	7025257	29036521	36148332	3286970	380	31	124	43	115	0
FFQ	135	0	0	2	0	0	13141	0	311456	4091	36	80971	706	0	46321	0	102128	86187	163004	750217	652698	281208	1	75793	804433	1032965	3106467	292	2309358	23983	5143968	3244224	6660307	7477183	6957706	28974859	35145408	3162547	325	22	148	38	106	0
FFQ	136	0	0	6	0	0	13084	0	311399	4075	35	79732	645	0	46447	0	101756	86086	162433	757061	658259	281251	0	76018	810034	1038955	3135706	245	2324997	24093	5188684	3269117	6714294	7541013	6912053	28976950	34335928	3064430	242	17	111	37	92	0
FFQ	137	0	0	8	0	0	13126	0	315340	4078	37	80963	636	0	46859	0	102462	87915	164465	767922	663634	282755	0	77091	819626	1047851	3186545	207	2346926	23970	5255108	3290663	6780272	7605081	6867299	28940861	33468994	2953606	205	22	110	27	63	0
FFQ	138	0	0	14	0	0	13196	0	326723	4077	47	82824	690	0	47332	0	103818	89128	166799	786797	674344	284613	0	77781	829671	1061559	3239427	205	2369219	24500	5317475	3319606	6847703	7665862	6800084	28887781	32570836	2849145	183	19	89	31	81	0
FFQ	139	0	0	15	0	0	13067	0	327607	4132	46	83102	716	0	47465	0	103586	90413	167826	795969	684958	285026	0	78506	838208	1068463	3284144	164	2387896	24182	5377441	3336883	6897559	7710578	6733017	28802887	31783691	2750718	152	16	82	22	56	0
FFQ	140	0	0	18	0	0	13045	0	331334	3930	27	83189	676	0	47997	0	104118	91762	168157	807211	688409	286322	0	80082	844847	1076719	3332568	166	2411282	24773	5446016	3363205	6961213	7774074	6665788	28722328	30886751	2650738	139	13	80	25	47	0
FFQ	141	0	0	15	0	0	14043	0	362718	4262	40	90451	742	0	49751	0	108060	95583	173958	845784	716748	291043	0	81887	864112	1094537	3425956	143	2439616	24960	5545010	3398847	7045757	7841491	6575232	28558011	29812863	2526667	108	6	75	20	57	0
FFQ	142	0	0	18	0	0	13936	0	361263	4172	48	92182	848	0	49221	0	108536	95624	178826	855813	739810	292897	0	81190	876694	1110174	3490855	117	2463543	24537	5620447	3426486	7119393	7906466	6498619	28444077	28834798	2415430	99	14	56	15	38	0
FFQ	143	0	0	23	0	0	13901	0	363038	4235	36	92045	812	0	49388	0	108452	97993	179026	867336	746481	291932	0	81676	882908	1116416	3538035	121	2483161	24632	5690082	3446833	7189132	7968530	6421792	28317084	27920211	2311254	84	9	64	14	31	0
FFQ	144	0	0	27	0	0	13737	0	366238	3908	44	89986	780	0	49551	0	108762	98162	177383	876532	744854	288563	0	81786	881672	1112195	3548354	142	2480928	24962	5708064	3456427	7226649	8000047	6343503	28160552	27199599	2225804	86	7	54	13	33	0
FFQ	145	0	0	18	0	0	13056	0	351175	3311	14	78853	629	0	46581	0	101969	95465	167191	848108	705764	274952	0	78886	851090	1078619	3433894	129	2423389	25238	5585857	3420101	7139136	7949460	6308430	28071823	27051203	2210735	65	9	37	5	29	0
FFQ	146	0	0	52	0	0	12777	0	343687	3389	37	79928	625	0	45145	0	102706	95918	168852	854518	710879	267675	0	78026	836086	1056455	3410094	114	2371628	24281	5521422	3377056	7073674	7852002	6231999	27749134	26828634	2208904	56	6	34	8	32	0
FFQ	147	0	0	467	0	0	14972	0	366952	3465	31	80350	681	0	44659	0	111607	104397	177008	906074	729536	260952	0	77481	824838	1040830	3397890	97	2344179	24498	5490888	3365938	7078256	7818406	6125379	27456221	26310167	2175261	65	3	30	8	19	0
FFQ	148	0	0	2001	0	0	15268	0	332837	3406	29	75790	622	0	37346	0	124228	109758	192825	938704	765617	264719	0	76591	839746	1047470	3450730	100	2349095	24177	5514745	3374212	7121706	7832632	6017310	27163869	25505025	2107046	48	4	24	7	20	0
FFQ	149	0	0	1238654	0	0	6654	0	167075	1870	20	47469	376	0	19921	0	136109	113469	207531	967240	784609	269502	0	77269	850042	1058740	3497984	100	2358554	23496	5572479	3405552	7194008	7875741	5899779	26871076	24594091	2015850	105	15	51	23	53	0
FFQ	150	0	0	2677974	0	0	3	0	58	0	0	15	0	0	2002	0	146705	116818	213729	981816	781130	275548	0	76107	850987	1062233	3501175	105	2362771	22266	5625486	3429046	7272453	7930800	5793933	26643177	23554256	1899257	114	17	75	28	77	0
# Last Fragment Qualities. Use `grep ^LFQ | cut -f 2-` to extract this part.
# Columns correspond to qualities and rows to cycles. First column is the cycle number.
# GC Content of first fragments. Use `grep ^GCF | cut -f 2-` to extract this part.
GCF	0.25	237
GCF	0.75	220
GCF	1.26	216
GCF	1.76	199
GCF	2.26	269
GCF	2.76	273
GCF	3.27	277
GCF	3.77	286
GCF	4.27	326
GCF	4.77	427
GCF	5.28	428
GCF	5.78	452
GCF	6.28	520
GCF	6.78	658
GCF	7.29	979
GCF	7.79	1051
GCF	8.29	1179
GCF	8.79	1289
GCF	9.30	1719
GCF	9.80	2258
GCF	10.30	2414
GCF	10.80	2665
GCF	11.31	3078
GCF	11.81	3691
GCF	12.31	4667
GCF	12.81	5304
GCF	13.32	5842
GCF	13.82	6914
GCF	14.32	7785
GCF	14.82	9598
GCF	15.33	11128
GCF	15.83	12915
GCF	16.33	14493
GCF	16.83	17775
GCF	17.34	20905
GCF	17.84	24560
GCF	18.34	27672
GCF	18.84	33582
GCF	19.35	40988
GCF	19.85	51243
GCF	20.35	56830
GCF	20.85	69415
GCF	21.36	87404
GCF	21.86	110102
GCF	22.36	120850
GCF	22.86	153683
GCF	23.37	196112
GCF	23.87	250482
GCF	24.37	269533
GCF	24.87	343645
GCF	25.38	435788
GCF	25.88	547220
GCF	26.38	576315
GCF	26.88	717559
GCF	27.39	883874
GCF	27.89	1078904
GCF	28.39	1122505
GCF	28.89	1346993
GCF	29.40	1595754
GCF	29.90	1873215
GCF	30.40	1925645
GCF	30.90	2214795
GCF	31.41	2521907
GCF	31.91	2833289
GCF	32.41	2894417
GCF	32.91	3195642
GCF	33.42	3493446
GCF	33.92	3766747
GCF	34.42	4013891
GCF	34.92	4066975
GCF	35.43	4279525
GCF	35.93	4461038
GCF	36.43	4595898
GCF	36.93	4629806
GCF	37.44	4721128
GCF	37.94	4777196
GCF	38.44	4788031
GCF	38.94	4805641
GCF	39.45	4773974
GCF	39.95	4716249
GCF	40.45	4633333
GCF	40.95	4634602
GCF	41.46	4518687
GCF	41.96	4392856
GCF	42.46	4251063
GCF	42.96	4238669
GCF	43.47	4079421
GCF	43.97	3912678
GCF	44.47	3734650
GCF	44.97	3715583
GCF	45.48	3540854
GCF	45.98	3366279
GCF	46.48	3205914
GCF	46.98	3183901
GCF	47.49	3013407
GCF	47.99	2850726
GCF	48.49	2702292
GCF	48.99	2685898
GCF	49.50	2549946
GCF	50.00	2436908
GCF	50.50	2314051
GCF	51.01	2308624
GCF	51.51	2191168
GCF	52.01	2086875
GCF	52.51	1988778
GCF	53.02	1973088
GCF	53.52	1870081
GCF	54.02	1766531
GCF	54.52	1655703
GCF	55.03	1608933
GCF	55.53	1496880
GCF	56.03	1383502
GCF	56.53	1279527
GCF	57.04	1235597
GCF	57.54	1142195
GCF	58.04	1059047
GCF	58.54	980856
GCF	59.05	948618
GCF	59.55	877710
GCF	60.05	812019
GCF	60.55	752838
GCF	61.06	724656
GCF	61.56	671402
GCF	62.06	624184
GCF	62.56	583568
GCF	63.07	566852
GCF	63.57	533801
GCF	64.07	505901
GCF	64.57	481036
GCF	65.08	469822
GCF	65.58	449419
GCF	66.08	428002
GCF	66.58	404824
GCF	67.09	381757
GCF	67.59	367829
GCF	68.09	339446
GCF	68.59	313661
GCF	69.10	286485
GCF	69.60	266459
GCF	70.10	240344
GCF	70.60	216040
GCF	71.11	196136
GCF	71.61	180115
GCF	72.11	160318
GCF	72.61	144087
GCF	73.12	128548
GCF	73.62	119031
GCF	74.12	108849
GCF	74.62	99113
GCF	75.13	90197
GCF	75.63	83732
GCF	76.13	76389
GCF	76.63	70243
GCF	77.14	64634
GCF	77.64	59933
GCF	78.14	55003
GCF	78.64	50181
GCF	79.15	45827
GCF	79.65	42507
GCF	80.15	38306
GCF	80.65	34379
GCF	81.16	30389
GCF	81.66	27493
GCF	82.16	24606
GCF	82.66	21932
GCF	83.17	19296
GCF	83.67	17682
GCF	84.17	15621
GCF	84.67	13918
GCF	85.18	12075
GCF	85.68	10727
GCF	86.18	9319
GCF	86.68	8252
GCF	87.19	7318
GCF	87.69	6048
GCF	88.19	5070
GCF	88.69	4247
GCF	89.20	3638
GCF	89.70	3149
GCF	90.20	2436
GCF	90.70	1950
GCF	91.21	1706
GCF	91.71	1429
GCF	92.21	1257
GCF	92.71	846
GCF	93.22	668
GCF	93.72	559
GCF	94.22	474
GCF	94.72	436
GCF	95.23	208
GCF	95.73	170
GCF	96.23	144
GCF	96.73	134
GCF	97.24	132
GCF	97.74	46
GCF	98.99	38
# GC Content of last fragments. Use `grep ^GCL | cut -f 2-` to extract this part.
# ACGT content per cycle. Use `grep ^GCC | cut -f 2-` to extract this part. The columns are: cycle; A,C,G,T base counts as a percentage of all A/C/G/T bases [%]; and N and O counts as a percentage of all A/C/G/T bases [%]
GCC	1	29.01	21.06	20.94	29.00	0.00	0.00
GCC	2	29.88	20.17	20.06	29.89	0.00	0.00
GCC	3	29.19	20.87	20.75	29.19	0.00	0.00
GCC	4	28.95	21.13	20.99	28.93	0.00	0.00
GCC	5	29.16	20.92	20.80	29.12	0.00	0.00
GCC	6	28.72	21.35	21.23	28.70	0.00	0.00
GCC	7	28.93	21.13	21.04	28.91	0.00	0.00
GCC	8	29.20	20.84	20.74	29.22	0.00	0.00
GCC	9	29.04	21.02	20.91	29.04	0.00	0.00
GCC	10	29.01	21.04	20.93	29.03	0.00	0.00
GCC	11	28.99	21.06	20.95	29.00	0.00	0.00
GCC	12	29.01	21.06	20.93	29.00	0.00	0.00
GCC	13	29.11	20.94	20.85	29.10	0.00	0.00
GCC	14	29.15	20.89	20.81	29.15	0.00	0.00
GCC	15	29.18	20.87	20.77	29.17	0.00	0.00
GCC	16	29.16	20.90	20.77	29.17	0.00	0.00
GCC	17	29.10	20.94	20.84	29.12	0.00	0.00
GCC	18	29.02	21.03	20.92	29.02	0.00	0.00
GCC	19	28.99	21.08	20.96	28.97	0.00	0.00
GCC	20	28.96	21.07	20.99	28.97	0.00	0.00
GCC	21	28.98	21.08	20.99	28.96	0.00	0.00
GCC	22	28.98	21.08	20.98	28.97	0.00	0.00
GCC	23	28.96	21.10	20.97	28.97	0.00	0.00
GCC	24	28.92	21.13	21.02	28.93	0.00	0.00
GCC	25	28.98	21.07	20.98	28.97	0.00	0.00
GCC	26	28.97	21.08	21.00	28.95	0.00	0.00
GCC	27	28.91	21.14	21.06	28.89	0.00	0.00
GCC	28	28.89	21.17	21.08	28.86	0.00	0.00
GCC	29	28.83	21.22	21.12	28.84	0.00	0.00
GCC	30	28.78	21.28	21.16	28.78	0.00	0.00
GCC	31	28.79	21.27	21.15	28.80	0.00	0.00
GCC	32	28.79	21.25	21.16	28.80	0.00	0.00
GCC	33	28.83	21.23	21.13	28.81	0.00	0.00
GCC	34	28.87	21.19	21.11	28.84	0.00	0.00
GCC	35	28.86	21.18	21.08	28.88	0.00	0.00
GCC	36	28.84	21.21	21.10	28.85	0.00	0.00
GCC	37	28.83	21.23	21.10	28.84	0.00	0.00
GCC	38	28.80	21.25	21.13	28.82	0.00	0.00
GCC	39	28.79	21.26	21.17	28.78	0.00	0.00
GCC	40	28.76	21.30	21.21	28.73	0.00	0.00
GCC	41	28.73	21.30	21.23	28.74	0.00	0.00
GCC	42	28.75	21.29	21.20	28.76	0.00	0.00
GCC	43	28.78	21.25	21.17	28.79	0.00	0.00
GCC	44	28.78	21.26	21.17	28.79	0.00	0.00
GCC	45	28.81	21.23	21.15	28.81	0.00	0.00
GCC	46	28.84	21.20	21.11	28.85	0.00	0.00
GCC	47	28.84	21.20	21.12	28.84	0.00	0.00
GCC	48	28.82	21.20	21.13	28.85	0.00	0.00
GCC	49	28.79	21.25	21.16	28.80	0.00	0.00
GCC	50	28.77	21.27	21.20	28.76	0.00	0.00
GCC	51	28.75	21.30	21.23	28.73	0.00	0.00
GCC	52	28.78	21.26	21.19	28.77	0.00	0.00
GCC	53	28.80	21.23	21.16	28.81	0.00	0.00
GCC	54	28.80	21.23	21.17	28.81	0.00	0.00
GCC	55	28.82	21.21	21.15	28.82	0.00	0.00
GCC	56	28.83	21.21	21.12	28.84	0.00	0.00
GCC	57	28.84	21.19	21.13	28.84	0.00	0.00
GCC	58	28.82	21.21	21.14	28.82	0.00	0.00
GCC	59	28.85	21.18	21.11	28.85	0.00	0.00
GCC	60	28.81	21.22	21.15	28.82	0.00	0.00
GCC	61	28.78	21.25	21.18	28.79	0.00	0.00
GCC	62	28.80	21.22	21.16	28.82	0.00	0.00
GCC	63	28.83	21.20	21.13	28.84	0.00	0.00
GCC	64	28.84	21.19	21.13	28.84	0.00	0.00
GCC	65	28.87	21.17	21.09	28.87	0.00	0.00
GCC	66	28.89	21.16	21.07	28.88	0.00	0.00
GCC	67	28.89	21.16	21.08	28.88	0.00	0.00
GCC	68	28.88	21.16	21.09	28.87	0.00	0.00
GCC	69	28.87	21.15	21.09	28.89	0.00	0.00
GCC	70	28.85	21.18	21.11	28.86	0.00	0.00
GCC	71	28.84	21.17	21.12	28.87	0.00	0.00
GCC	72	28.85	21.18	21.10	28.86	0.00	0.00
GCC	73	28.87	21.16	21.09	28.88	0.00	0.00
GCC	74	28.90	21.14	21.06	28.90	0.00	0.00
GCC	75	28.91	21.13	21.05	28.91	0.00	0.00
GCC	76	28.93	21.10	21.03	28.94	0.00	0.00
GCC	77	28.93	21.10	21.02	28.95	0.00	0.00
GCC	78	28.91	21.11	21.05	28.92	0.00	0.00
GCC	79	28.92	21.12	21.05	28.91	0.00	0.00
GCC	80	28.88	21.15	21.07	28.89	0.00	0.00
GCC	81	28.88	21.17	21.08	28.87	0.00	0.00
GCC	82	28.89	21.17	21.07	28.87	0.00	0.00
GCC	83	28.91	21.13	21.05	28.91	0.00	0.00
GCC	84	28.91	21.12	21.05	28.91	0.00	0.00
GCC	85	28.95	21.08	21.03	28.94	0.00	0.00
GCC	86	29.00	21.04	20.98	28.98	0.00	0.00
GCC	87	28.98	21.05	20.99	28.98	0.00	0.00
GCC	88	28.98	21.07	20.98	28.97	0.00	0.00
GCC	89	28.98	21.08	20.98	28.96	0.00	0.00
GCC	90	28.95	21.09	21.02	28.94	0.00	0.00
GCC	91	28.92	21.10	21.05	28.93	0.00	0.00
GCC	92	28.94	21.08	21.04	28.94	0.00	0.00
GCC	93	28.97	21.07	21.01	28.94	0.00	0.00
GCC	94	28.98	21.06	20.99	28.98	0.00	0.00
GCC	95	29.00	21.04	20.96	29.00	0.00	0.00
GCC	96	29.01	21.04	20.96	28.99	0.00	0.00
GCC	97	29.02	21.01	20.95	29.02	0.00	0.00
GCC	98	29.03	21.00	20.95	29.02	0.00	0.00
GCC	99	29.03	21.00	20.96	29.00	0.00	0.00
GCC	100	29.02	21.04	20.96	28.98	0.00	0.00
GCC	101	28.99	21.05	20.97	28.98	0.00	0.00
GCC	102	28.97	21.05	20.99	28.99	0.00	0.00
GCC	103	29.01	21.03	20.95	29.01	0.00	0.00
GCC	104	29.04	20.99	20.93	29.04	0.00	0.00
GCC	105	29.06	20.97	20.93	29.03	0.00	0.00
GCC	106	29.07	20.95	20.91	29.06	0.00	0.00
GCC	107	29.10	20.94	20.87	29.09	0.00	0.00
GCC	108	29.09	20.95	20.86	29.11	0.00	0.00
GCC	109	29.08	20.95	20.88	29.09	0.00	0.00
GCC	110	29.06	20.97	20.91	29.07	0.00	0.00
GCC	111	29.05	20.98	20.93	29.04	0.00	0.00
GCC	112	29.04	20.98	20.94	29.04	0.00	0.00
GCC	113	29.06	20.98	20.93	29.04	0.00	0.00
GCC	114	29.07	20.96	20.89	29.08	0.00	0.00
GCC	115	29.11	20.93	20.85	29.11	0.00	0.00
GCC	116	29.15	20.88	20.83	29.15	0.00	0.00
GCC	117	29.17	20.86	20.81	29.16	0.00	0.00
GCC	118	29.17	20.86	20.81	29.16	0.00	0.00
GCC	119	29.18	20.84	20.81	29.17	0.00	0.00
GCC	120	29.16	20.88	20.82	29.15	0.00	0.00
GCC	121	29.14	20.89	20.83	29.14	0.00	0.00
GCC	122	29.14	20.89	20.83	29.14	0.00	0.00
GCC	123	29.14	20.88	20.82	29.15	0.00	0.00
GCC	124	29.17	20.86	20.81	29.15	0.00	0.00
GCC	125	29.19	20.84	20.79	29.18	0.00	0.00
GCC	126	29.20	20.83	20.78	29.19	0.00	0.00
GCC	127	29.22	20.80	20.75	29.23	0.00	0.00
GCC	128	29.25	20.77	20.72	29.26	0.00	0.00
GCC	129	29.25	20.77	20.72	29.26	0.00	0.00
GCC	130	29.26	20.77	20.72	29.25	0.00	0.00
GCC	131	29.26	20.77	20.72	29.24	0.00	0.00
GCC	132	29.26	20.77	20.73	29.24	0.00	0.00
GCC	133	29.27	20.76	20.72	29.25	0.00	0.00
GCC	134	29.28	20.75	20.70	29.27	0.00	0.00
GCC	135	29.29	20.75	20.68	29.28	0.00	0.00
GCC	136	29.31	20.72	20.66	29.30	0.00	0.00
GCC	137	29.34	20.69	20.64	29.33	0.00	0.00
GCC	138	29.36	20.66	20.62	29.36	0.00	0.00
GCC	139	29.38	20.65	20.61	29.36	0.00	0.00
GCC	140	29.39	20.65	20.60	29.37	0.00	0.00
GCC	141	29.39	20.64	20.60	29.37	0.00	0.00
GCC	142	29.39	20.63	20.59	29.39	0.00	0.00
GCC	143	29.40	20.62	20.57	29.41	0.00	0.00
GCC	144	29.40	20.61	20.56	29.42	0.00	0.00
GCC	145	29.44	20.58	20.54	29.44	0.00	0.00
GCC	146	29.48	20.54	20.51	29.47	0.00	0.00
GCC	147	29.51	20.51	20.47	29.51	0.00	0.00
GCC	148	29.54	20.48	20.45	29.53	0.00	0.00
GCC	149	29.52	20.50	20.46	29.52	0.00	0.00
GCC	150	29.48	20.53	20.50	29.49	0.00	0.00
# ACGT content per cycle, read oriented. Use `grep ^GCT | cut -f 2-` to extract this part. The columns are: cycle; A,C,G,T base counts as a percentage of all A/C/G/T bases [%]
GCT	1	29.41	23.16	18.84	28.59
GCT	2	30.93	19.41	20.82	28.84
GCT	3	28.68	20.67	20.95	29.71
GCT	4	28.41	20.86	21.26	29.47
GCT	5	28.37	20.30	21.42	29.91
GCT	6	29.11	21.09	21.49	28.31
GCT	7	28.78	20.38	21.78	29.06
GCT	8	29.24	20.60	20.98	29.18
GCT	9	28.63	21.07	20.85	29.44
GCT	10	28.81	21.09	20.88	29.23
GCT	11	28.74	21.18	20.83	29.26
GCT	12	28.96	21.07	20.91	29.05
GCT	13	29.13	20.94	20.85	29.07
GCT	14	29.28	20.86	20.83	29.03
GCT	15	29.23	20.86	20.79	29.13
GCT	16	29.21	20.86	20.80	29.12
GCT	17	29.08	20.91	20.87	29.14
GCT	18	28.95	21.02	20.93	29.09
GCT	19	28.92	21.04	20.99	29.05
GCT	20	28.88	21.14	20.93	29.05
GCT	21	28.85	21.18	20.89	29.09
GCT	22	28.85	21.17	20.89	29.10
GCT	23	28.81	21.16	20.91	29.12
GCT	24	28.83	21.17	20.98	29.02
GCT	25	28.91	21.11	20.95	29.04
GCT	26	28.88	21.10	20.98	29.04
GCT	27	28.89	21.14	21.05	28.91
GCT	28	28.87	21.15	21.10	28.88
GCT	29	28.80	21.20	21.14	28.87
GCT	30	28.73	21.28	21.15	28.83
GCT	31	28.75	21.32	21.10	28.83
GCT	32	28.73	21.32	21.09	28.86
GCT	33	28.78	21.30	21.06	28.86
GCT	34	28.80	21.25	21.04	28.90
GCT	35	28.89	21.20	21.06	28.85
GCT	36	28.89	21.20	21.11	28.80
GCT	37	28.90	21.18	21.15	28.77
GCT	38	28.88	21.20	21.18	28.74
GCT	39	28.85	21.21	21.22	28.72
GCT	40	28.78	21.26	21.26	28.71
GCT	41	28.78	21.31	21.22	28.69
GCT	42	28.76	21.34	21.15	28.75
GCT	43	28.76	21.31	21.12	28.81
GCT	44	28.76	21.30	21.12	28.82
GCT	45	28.84	21.25	21.12	28.78
GCT	46	28.87	21.20	21.11	28.82
GCT	47	28.91	21.19	21.13	28.77
GCT	48	28.91	21.16	21.17	28.76
GCT	49	28.86	21.17	21.24	28.73
GCT	50	28.83	21.21	21.26	28.70
GCT	51	28.77	21.31	21.21	28.71
GCT	52	28.80	21.31	21.14	28.75
GCT	53	28.79	21.28	21.11	28.82
GCT	54	28.77	21.28	21.11	28.84
GCT	55	28.80	21.24	21.12	28.83
GCT	56	28.86	21.21	21.11	28.81
GCT	57	28.87	21.19	21.13	28.81
GCT	58	28.87	21.19	21.17	28.77
GCT	59	28.88	21.16	21.14	28.82
GCT	60	28.82	21.21	21.16	28.81
GCT	61	28.76	21.26	21.18	28.80
GCT	62	28.78	21.29	21.10	28.83
GCT	63	28.79	21.27	21.06	28.88
GCT	64	28.81	21.25	21.08	28.86
GCT	65	28.85	21.20	21.06	28.89
GCT	66	28.86	21.18	21.05	28.91
GCT	67	28.89	21.13	21.11	28.88
GCT	68	28.92	21.12	21.13	28.83
GCT	69	28.91	21.10	21.14	28.85
GCT	70	28.90	21.13	21.16	28.81
GCT	71	28.86	21.18	21.11	28.85
GCT	72	28.84	21.20	21.09	28.87
GCT	73	28.86	21.19	21.06	28.89
GCT	74	28.88	21.16	21.04	28.92
GCT	75	28.89	21.16	21.02	28.93
GCT	76	28.94	21.11	21.02	28.93
GCT	77	28.97	21.09	21.04	28.90
GCT	78	28.95	21.08	21.08	28.88
GCT	79	28.97	21.05	21.12	28.85
GCT	80	28.94	21.09	21.13	28.83
GCT	81	28.91	21.13	21.12	28.84
GCT	82	28.89	21.16	21.08	28.87
GCT	83	28.90	21.16	21.03	28.91
GCT	84	28.89	21.14	21.03	28.94
GCT	85	28.93	21.11	21.00	28.96
GCT	86	28.96	21.07	20.95	29.01
GCT	87	28.99	21.05	20.99	28.97
GCT	88	29.00	21.03	21.02	28.95
GCT	89	29.01	21.04	21.01	28.93
GCT	90	28.95	21.08	21.03	28.94
GCT	91	28.91	21.13	21.02	28.94
GCT	92	28.93	21.14	20.98	28.95
GCT	93	28.96	21.13	20.95	28.96
GCT	94	28.98	21.11	20.94	28.98
GCT	95	28.99	21.09	20.91	29.02
GCT	96	28.98	21.07	20.93	29.02
GCT	97	29.03	21.04	20.92	29.01
GCT	98	29.04	21.03	20.92	29.01
GCT	99	29.04	21.02	20.95	29.00
GCT	100	29.03	21.05	20.95	28.97
GCT	101	29.00	21.07	20.96	28.97
GCT	102	28.99	21.07	20.97	28.97
GCT	103	29.01	21.07	20.91	29.01
GCT	104	29.02	21.06	20.86	29.06
GCT	105	29.03	21.05	20.85	29.07
GCT	106	29.05	21.03	20.84	29.09
GCT	107	29.09	21.00	20.82	29.10
GCT	108	29.12	20.96	20.85	29.07
GCT	109	29.11	20.96	20.87	29.06
GCT	110	29.09	20.99	20.88	29.04
GCT	111	29.07	21.01	20.90	29.02
GCT	112	29.06	21.03	20.89	29.02
GCT	113	29.07	21.04	20.87	29.03
GCT	114	29.08	21.04	20.81	29.07
GCT	115	29.10	20.99	20.78	29.13
GCT	116	29.13	20.95	20.76	29.16
GCT	117	29.17	20.93	20.74	29.16
GCT	118	29.18	20.92	20.76	29.15
GCT	119	29.20	20.90	20.75	29.15
GCT	120	29.17	20.92	20.78	29.13
GCT	121	29.16	20.93	20.79	29.12
GCT	122	29.15	20.94	20.78	29.13
GCT	123	29.15	20.95	20.76	29.14
GCT	124	29.17	20.95	20.73	29.15
GCT	125	29.17	20.94	20.69	29.20
GCT	126	29.18	20.92	20.68	29.21
GCT	127	29.21	20.89	20.66	29.24
GCT	128	29.26	20.84	20.65	29.25
GCT	129	29.28	20.83	20.66	29.24
GCT	130	29.27	20.83	20.66	29.23
GCT	131	29.26	20.84	20.66	29.25
GCT	132	29.26	20.85	20.65	29.25
GCT	133	29.28	20.84	20.63	29.24
GCT	134	29.28	20.83	20.62	29.27
GCT	135	29.28	20.82	20.61	29.29
GCT	136	29.31	20.82	20.57	29.31
GCT	137	29.35	20.78	20.55	29.33
GCT	138	29.37	20.76	20.53	29.34
GCT	139	29.38	20.75	20.52	29.36
GCT	140	29.38	20.74	20.51	29.37
GCT	141	29.39	20.74	20.50	29.37
GCT	142	29.39	20.74	20.48	29.39
GCT	143	29.40	20.73	20.46	29.41
GCT	144	29.41	20.74	20.43	29.42
GCT	145	29.42	20.73	20.38	29.46
GCT	146	29.44	20.72	20.33	29.51
GCT	147	29.47	20.70	20.28	29.54
GCT	148	29.49	20.69	20.25	29.57
GCT	149	29.51	20.65	20.32	29.53
GCT	150	29.50	20.60	20.43	29.47
# ACGT content per cycle for first fragments. Use `grep ^FBC | cut -f 2-` to extract this part. The columns are: cycle; A,C,G,T base counts as a percentage of all A/C/G/T bases [%]; and N and O counts as a percentage of all A/C/G/T bases [%]
FBC	1	29.01	21.06	20.94	29.00	0.00	0.00
FBC	2	29.88	20.17	20.06	29.89	0.00	0.00
FBC	3	29.19	20.87	20.75	29.19	0.00	0.00
FBC	4	28.95	21.13	20.99	28.93	0.00	0.00
FBC	5	29.16	20.92	20.80	29.12	0.00	0.00
FBC	6	28.72	21.35	21.23	28.70	0.00	0.00
FBC	7	28.93	21.13	21.04	28.91	0.00	0.00
FBC	8	29.20	20.84	20.74	29.22	0.00	0.00
FBC	9	29.04	21.02	20.91	29.04	0.00	0.00
FBC	10	29.01	21.04	20.93	29.03	0.00	0.00
FBC	11	28.99	21.06	20.95	29.00	0.00	0.00
FBC	12	29.01	21.06	20.93	29.00	0.00	0.00
FBC	13	29.11	20.94	20.85	29.10	0.00	0.00
FBC	14	29.15	20.89	20.81	29.15	0.00	0.00
FBC	15	29.18	20.87	20.77	29.17	0.00	0.00
FBC	16	29.16	20.90	20.77	29.17	0.00	0.00
FBC	17	29.10	20.94	20.84	29.12	0.00	0.00
FBC	18	29.02	21.03	20.92	29.02	0.00	0.00
FBC	19	28.99	21.08	20.96	28.97	0.00	0.00
FBC	20	28.96	21.07	20.99	28.97	0.00	0.00
FBC	21	28.98	21.08	20.99	28.96	0.00	0.00
FBC	22	28.98	21.08	20.98	28.97	0.00	0.00
FBC	23	28.96	21.10	20.97	28.97	0.00	0.00
FBC	24	28.92	21.13	21.02	28.93	0.00	0.00
FBC	25	28.98	21.07	20.98	28.97	0.00	0.00
FBC	26	28.97	21.08	21.00	28.95	0.00	0.00
FBC	27	28.91	21.14	21.06	28.89	0.00	0.00
FBC	28	28.89	21.17	21.08	28.86	0.00	0.00
FBC	29	28.83	21.22	21.12	28.84	0.00	0.00
FBC	30	28.78	21.28	21.16	28.78	0.00	0.00
FBC	31	28.79	21.27	21.15	28.80	0.00	0.00
FBC	32	28.79	21.25	21.16	28.80	0.00	0.00
FBC	33	28.83	21.23	21.13	28.81	0.00	0.00
FBC	34	28.87	21.19	21.11	28.84	0.00	0.00
FBC	35	28.86	21.18	21.08	28.88	0.00	0.00
FBC	36	28.84	21.21	21.10	28.85	0.00	0.00
FBC	37	28.83	21.23	21.10	28.84	0.00	0.00
FBC	38	28.80	21.25	21.13	28.82	0.00	0.00
FBC	39	28.79	21.26	21.17	28.78	0.00	0.00
FBC	40	28.76	21.30	21.21	28.73	0.00	0.00
FBC	41	28.73	21.30	21.23	28.74	0.00	0.00
FBC	42	28.75	21.29	21.20	28.76	0.00	0.00
FBC	43	28.78	21.25	21.17	28.79	0.00	0.00
FBC	44	28.78	21.26	21.17	28.79	0.00	0.00
FBC	45	28.81	21.23	21.15	28.81	0.00	0.00
FBC	46	28.84	21.20	21.11	28.85	0.00	0.00
FBC	47	28.84	21.20	21.12	28.84	0.00	0.00
FBC	48	28.82	21.20	21.13	28.85	0.00	0.00
FBC	49	28.79	21.25	21.16	28.80	0.00	0.00
FBC	50	28.77	21.27	21.20	28.76	0.00	0.00
FBC	51	28.75	21.30	21.23	28.73	0.00	0.00
FBC	52	28.78	21.26	21.19	28.77	0.00	0.00
FBC	53	28.80	21.23	21.16	28.81	0.00	0.00
FBC	54	28.80	21.23	21.17	28.81	0.00	0.00
FBC	55	28.82	21.21	21.15	28.82	0.00	0.00
FBC	56	28.83	21.21	21.12	28.84	0.00	0.00
FBC	57	28.84	21.19	21.13	28.84	0.00	0.00
FBC	58	28.82	21.21	21.14	28.82	0.00	0.00
FBC	59	28.85	21.18	21.11	28.85	0.00	0.00
FBC	60	28.81	21.22	21.15	28.82	0.00	0.00
FBC	61	28.78	21.25	21.18	28.79	0.00	0.00
FBC	62	28.80	21.22	21.16	28.82	0.00	0.00
FBC	63	28.83	21.20	21.13	28.84	0.00	0.00
FBC	64	28.84	21.19	21.13	28.84	0.00	0.00
FBC	65	28.87	21.17	21.09	28.87	0.00	0.00
FBC	66	28.89	21.16	21.07	28.88	0.00	0.00
FBC	67	28.89	21.16	21.08	28.88	0.00	0.00
FBC	68	28.88	21.16	21.09	28.87	0.00	0.00
FBC	69	28.87	21.15	21.09	28.89	0.00	0.00
FBC	70	28.85	21.18	21.11	28.86	0.00	0.00
FBC	71	28.84	21.17	21.12	28.87	0.00	0.00
FBC	72	28.85	21.18	21.10	28.86	0.00	0.00
FBC	73	28.87	21.16	21.09	28.88	0.00	0.00
FBC	74	28.90	21.14	21.06	28.90	0.00	0.00
FBC	75	28.91	21.13	21.05	28.91	0.00	0.00
FBC	76	28.93	21.10	21.03	28.94	0.00	0.00
FBC	77	28.93	21.10	21.02	28.95	0.00	0.00
FBC	78	28.91	21.11	21.05	28.92	0.00	0.00
FBC	79	28.92	21.12	21.05	28.91	0.00	0.00
FBC	80	28.88	21.15	21.07	28.89	0.00	0.00
FBC	81	28.88	21.17	21.08	28.87	0.00	0.00
FBC	82	28.89	21.17	21.07	28.87	0.00	0.00
FBC	83	28.91	21.13	21.05	28.91	0.00	0.00
FBC	84	28.91	21.12	21.05	28.91	0.00	0.00
FBC	85	28.95	21.08	21.03	28.94	0.00	0.00
FBC	86	29.00	21.04	20.98	28.98	0.00	0.00
FBC	87	28.98	21.05	20.99	28.98	0.00	0.00
FBC	88	28.98	21.07	20.98	28.97	0.00	0.00
FBC	89	28.98	21.08	20.98	28.96	0.00	0.00
FBC	90	28.95	21.09	21.02	28.94	0.00	0.00
FBC	91	28.92	21.10	21.05	28.93	0.00	0.00
FBC	92	28.94	21.08	21.04	28.94	0.00	0.00
FBC	93	28.97	21.07	21.01	28.94	0.00	0.00
FBC	94	28.98	21.06	20.99	28.98	0.00	0.00
FBC	95	29.00	21.04	20.96	29.00	0.00	0.00
FBC	96	29.01	21.04	20.96	28.99	0.00	0.00
FBC	97	29.02	21.01	20.95	29.02	0.00	0.00
FBC	98	29.03	21.00	20.95	29.02	0.00	0.00
FBC	99	29.03	21.00	20.96	29.00	0.00	0.00
FBC	100	29.02	21.04	20.96	28.98	0.00	0.00
FBC	101	28.99	21.05	20.97	28.98	0.00	0.00
FBC	102	28.97	21.05	20.99	28.99	0.00	0.00
FBC	103	29.01	21.03	20.95	29.01	0.00	0.00
FBC	104	29.04	20.99	20.93	29.04	0.00	0.00
FBC	105	29.06	20.97	20.93	29.03	0.00	0.00
FBC	106	29.07	20.95	20.91	29.06	0.00	0.00
FBC	107	29.10	20.94	20.87	29.09	0.00	0.00
FBC	108	29.09	20.95	20.86	29.11	0.00	0.00
FBC	109	29.08	20.95	20.88	29.09	0.00	0.00
FBC	110	29.06	20.97	20.91	29.07	0.00	0.00
FBC	111	29.05	20.98	20.93	29.04	0.00	0.00
FBC	112	29.04	20.98	20.94	29.04	0.00	0.00
FBC	113	29.06	20.98	20.93	29.04	0.00	0.00
FBC	114	29.07	20.96	20.89	29.08	0.00	0.00
FBC	115	29.11	20.93	20.85	29.11	0.00	0.00
FBC	116	29.15	20.88	20.83	29.15	0.00	0.00
FBC	117	29.17	20.86	20.81	29.16	0.00	0.00
FBC	118	29.17	20.86	20.81	29.16	0.00	0.00
FBC	119	29.18	20.84	20.81	29.17	0.00	0.00
FBC	120	29.16	20.88	20.82	29.15	0.00	0.00
FBC	121	29.14	20.89	20.83	29.14	0.00	0.00
FBC	122	29.14	20.89	20.83	29.14	0.00	0.00
FBC	123	29.14	20.88	20.82	29.15	0.00	0.00
FBC	124	29.17	20.86	20.81	29.15	0.00	0.00
FBC	125	29.19	20.84	20.79	29.18	0.00	0.00
FBC	126	29.20	20.83	20.78	29.19	0.00	0.00
FBC	127	29.22	20.80	20.75	29.23	0.00	0.00
FBC	128	29.25	20.77	20.72	29.26	0.00	0.00
FBC	129	29.25	20.77	20.72	29.26	0.00	0.00
FBC	130	29.26	20.77	20.72	29.25	0.00	0.00
FBC	131	29.26	20.77	20.72	29.24	0.00	0.00
FBC	132	29.26	20.77	20.73	29.24	0.00	0.00
FBC	133	29.27	20.76	20.72	29.25	0.00	0.00
FBC	134	29.28	20.75	20.70	29.27	0.00	0.00
FBC	135	29.29	20.75	20.68	29.28	0.00	0.00
FBC	136	29.31	20.72	20.66	29.30	0.00	0.00
FBC	137	29.34	20.69	20.64	29.33	0.00	0.00
FBC	138	29.36	20.66	20.62	29.36	0.00	0.00
FBC	139	29.38	20.65	20.61	29.36	0.00	0.00
FBC	140	29.39	20.65	20.60	29.37	0.00	0.00
FBC	141	29.39	20.64	20.60	29.37	0.00	0.00
FBC	142	29.39	20.63	20.59	29.39	0.00	0.00
FBC	143	29.40	20.62	20.57	29.41	0.00	0.00
FBC	144	29.40	20.61	20.56	29.42	0.00	0.00
FBC	145	29.44	20.58	20.54	29.44	0.00	0.00
FBC	146	29.48	20.54	20.51	29.47	0.00	0.00
FBC	147	29.51	20.51	20.47	29.51	0.00	0.00
FBC	148	29.54	20.48	20.45	29.53	0.00	0.00
FBC	149	29.52	20.50	20.46	29.52	0.00	0.00
FBC	150	29.48	20.53	20.50	29.49	0.00	0.00
# ACGT raw counters for first fragments. Use `grep ^FTC | cut -f 2-` to extract this part. The columns are: A,C,G,T,N base counters
FTC	5435142937	3940996235	3926832514	5434769822	8495
# ACGT content per cycle for last fragments. Use `grep ^LBC | cut -f 2-` to extract this part. The columns are: cycle; A,C,G,T base counts as a percentage of all A/C/G/T bases [%]; and N and O counts as a percentage of all A/C/G/T bases [%]
# ACGT raw counters for last fragments. Use `grep ^LTC | cut -f 2-` to extract this part. The columns are: A,C,G,T,N base counters
LTC	0	0	0	0	0
# Insert sizes. Use `grep ^IS | cut -f 2-` to extract this part. The columns are: insert size, pairs total, inward oriented pairs, outward oriented pairs, other pairs
# Read lengths. Use `grep ^RL | cut -f 2-` to extract this part. The columns are: read length, count
RL	40	156432
RL	41	153183
RL	42	151630
RL	43	146418
RL	44	152453
RL	45	135920
RL	46	138508
RL	47	144989
RL	48	150320
RL	49	152514
RL	50	145225
RL	51	147652
RL	52	137749
RL	53	139997
RL	54	145967
RL	55	150379
RL	56	153446
RL	57	154043
RL	58	154102
RL	59	154950
RL	60	159531
RL	61	165048
RL	62	165841
RL	63	166003
RL	64	169400
RL	65	168504
RL	66	176767
RL	67	173865
RL	68	187439
RL	69	190889
RL	70	190587
RL	71	190592
RL	72	193574
RL	73	201186
RL	74	207182
RL	75	196137
RL	76	193135
RL	77	190028
RL	78	196680
RL	79	197543
RL	80	200895
RL	81	206409
RL	82	210163
RL	83	217381
RL	84	227595
RL	85	235168
RL	86	241208
RL	87	252218
RL	88	244498
RL	89	250350
RL	90	255397
RL	91	262574
RL	92	264568
RL	93	269315
RL	94	278148
RL	95	287426
RL	96	293533
RL	97	305361
RL	98	318804
RL	99	313842
RL	100	315510
RL	101	326293
RL	102	332838
RL	103	338347
RL	104	345774
RL	105	349263
RL	106	354651
RL	107	361581
RL	108	378041
RL	109	396049
RL	110	393601
RL	111	407882
RL	112	436570
RL	113	425275
RL	114	432743
RL	115	462632
RL	116	441380
RL	117	451898
RL	118	467731
RL	119	478631
RL	120	490398
RL	121	500454
RL	122	515363
RL	123	524048
RL	124	539793
RL	125	542260
RL	126	552086
RL	127	572998
RL	128	587130
RL	129	596594
RL	130	615468
RL	131	631613
RL	132	634117
RL	133	661817
RL	134	703416
RL	135	697014
RL	136	720558
RL	137	753068
RL	138	763066
RL	139	811544
RL	140	878496
RL	141	882311
RL	142	899475
RL	143	937363
RL	144	954183
RL	145	1009388
RL	146	974228
RL	147	1043898
RL	148	32200
RL	149	35346
RL	150	95220161
# Read lengths - first fragments. Use `grep ^FRL | cut -f 2-` to extract this part. The columns are: read length, count
FRL	40	156432
FRL	41	153183
FRL	42	151630
FRL	43	146418
FRL	44	152453
FRL	45	135920
FRL	46	138508
FRL	47	144989
FRL	48	150320
FRL	49	152514
FRL	50	145225
FRL	51	147652
FRL	52	137749
FRL	53	139997
FRL	54	145967
FRL	55	150379
FRL	56	153446
FRL	57	154043
FRL	58	154102
FRL	59	154950
FRL	60	159531
FRL	61	165048
FRL	62	165841
FRL	63	166003
FRL	64	169400
FRL	65	168504
FRL	66	176767
FRL	67	173865
FRL	68	187439
FRL	69	190889
FRL	70	190587
FRL	71	190592
FRL	72	193574
FRL	73	201186
FRL	74	207182
FRL	75	196137
FRL	76	193135
FRL	77	190028
FRL	78	196680
FRL	79	197543
FRL	80	200895
FRL	81	206409
FRL	82	210163
FRL	83	217381
FRL	84	227595
FRL	85	235168
FRL	86	241208
FRL	87	252218
FRL	88	244498
FRL	89	250350
FRL	90	255397
FRL	91	262574
FRL	92	264568
FRL	93	269315
FRL	94	278148
FRL	95	287426
FRL	96	293533
FRL	97	305361
FRL	98	318804
FRL	99	313842
FRL	100	315510
FRL	101	326293
FRL	102	332838
FRL	103	338347
FRL	104	345774
FRL	105	349263
FRL	106	354651
FRL	107	361581
FRL	108	378041
FRL	109	396049
FRL	110	393601
FRL	111	407882
FRL	112	436570
FRL	113	425275
FRL	114	432743
FRL	115	462632
FRL	116	441380
FRL	117	451898
FRL	118	467731
FRL	119	478631
FRL	120	490398
FRL	121	500454
FRL	122	515363
FRL	123	524048
FRL	124	539793
FRL	125	542260
FRL	126	552086
FRL	127	572998
FRL	128	587130
FRL	129	596594
FRL	130	615468
FRL	131	631613
FRL	132	634117
FRL	133	661817
FRL	134	703416
FRL	135	697014
FRL	136	720558
FRL	137	753068
FRL	138	763066
FRL	139	811544
FRL	140	878496
FRL	141	882311
FRL	142	899475
FRL	143	937363
FRL	144	954183
FRL	145	1009388
FRL	146	974228
FRL	147	1043898
FRL	148	32200
FRL	149	35346
FRL	150	95220161
# Read lengths - last fragments. Use `grep ^LRL | cut -f 2-` to extract this part. The columns are: read length, count
# Indel distribution. Use `grep ^ID | cut -f 2-` to extract this part. The columns are: length, number of insertions, number of deletions
ID	1	12489481	12878700
ID	2	4830883	4653159
ID	3	2899593	2763510
ID	4	2024724	1987948
ID	5	1122381	994136
ID	6	974934	780140
ID	7	626575	501415
ID	8	558806	442668
ID	9	387532	309598
ID	10	318636	250004
ID	11	249518	195223
ID	12	207666	164388
ID	13	147731	116052
ID	14	119169	88284
ID	15	90704	67536
ID	16	70997	49551
ID	17	48747	31992
ID	18	36372	24077
ID	19	25817	15438
ID	20	17492	10783
ID	21	12191	6649
ID	22	7588	3640
ID	23	4092	1975
ID	24	2688	1132
ID	25	1097	461
ID	26	384	134
ID	27	241	53
ID	28	28	15
# Indels per cycle. Use `grep ^IC | cut -f 2-` to extract this part. The columns are: cycle, number of insertions (fwd), .. (rev) , number of deletions (fwd), .. (rev)
IC	2	5487	0	0	0
IC	3	26228	0	13152	0
IC	4	65321	0	80111	0
IC	5	385845	0	125138	0
IC	6	267723	0	127809	0
IC	7	245870	0	138082	0
IC	8	235002	0	150043	0
IC	9	231980	0	160794	0
IC	10	230786	0	169380	0
IC	11	229870	0	177665	0
IC	12	230963	0	182262	0
IC	13	234734	0	190010	0
IC	14	266122	0	198293	0
IC	15	240216	0	199332	0
IC	16	230964	0	201971	0
IC	17	226581	0	204520	0
IC	18	222693	0	205888	0
IC	19	218969	0	207420	0
IC	20	217202	0	208617	0
IC	21	214715	0	210166	0
IC	22	212247	0	210420	0
IC	23	210644	0	209480	0
IC	24	209530	0	209564	0
IC	25	206704	0	208934	0
IC	26	206310	0	209188	0
IC	27	204765	0	210121	0
IC	28	204681	0	211394	0
IC	29	203452	0	210874	0
IC	30	202464	0	210655	0
IC	31	202193	0	210326	0
IC	32	201374	0	209959	0
IC	33	201109	0	211218	0
IC	34	200652	0	210892	0
IC	35	200162	0	210068	0
IC	36	200704	0	210554	0
IC	37	199734	0	209903	0
IC	38	199744	0	210564	0
IC	39	200186	0	210120	0
IC	40	199604	0	209671	0
IC	41	200041	0	210423	0
IC	42	199738	0	209675	0
IC	43	199073	0	209139	0
IC	44	198801	0	209641	0
IC	45	199251	0	208996	0
IC	46	199177	0	210120	0
IC	47	198797	0	208993	0
IC	48	198518	0	209844	0
IC	49	198363	0	208255	0
IC	50	198422	0	207659	0
IC	51	193864	0	206502	0
IC	52	197617	0	206848	0
IC	53	198610	0	206771	0
IC	54	198003	0	207304	0
IC	55	196984	0	207309	0
IC	56	197156	0	206998	0
IC	57	196954	0	206007	0
IC	58	197696	0	204748	0
IC	59	196735	0	204100	0
IC	60	195130	0	206102	0
IC	61	195056	0	204308	0
IC	62	195822	0	203051	0
IC	63	195056	0	204371	0
IC	64	195549	0	202458	0
IC	65	194647	0	201145	0
IC	66	193590	0	201560	0
IC	67	192969	0	201174	0
IC	68	193131	0	201214	0
IC	69	193396	0	201303	0
IC	70	192904	0	200827	0
IC	71	191829	0	200138	0
IC	72	191546	0	199949	0
IC	73	191030	0	199660	0
IC	74	190257	0	198791	0
IC	75	189622	0	198426	0
IC	76	188623	0	197945	0
IC	77	188906	0	197808	0
IC	78	188851	0	197043	0
IC	79	188481	0	197385	0
IC	80	188199	0	197151	0
IC	81	187658	0	196431	0
IC	82	187634	0	195978	0
IC	83	186574	0	195596	0
IC	84	186111	0	196029	0
IC	85	186745	0	195011	0
IC	86	186499	0	194022	0
IC	87	185691	0	193970	0
IC	88	185390	0	194247	0
IC	89	185268	0	193588	0
IC	90	185918	0	193533	0
IC	91	185072	0	193106	0
IC	92	184736	0	193530	0
IC	93	184128	0	192031	0
IC	94	183230	0	190723	0
IC	95	183274	0	190877	0
IC	96	182792	0	191035	0
IC	97	182798	0	189512	0
IC	98	181404	0	188561	0
IC	99	181962	0	188561	0
IC	100	181513	0	188753	0
IC	101	181085	0	187398	0
IC	102	180215	0	187639	0
IC	103	179864	0	186465	0
IC	104	179614	0	186252	0
IC	105	179683	0	185267	0
IC	106	179415	0	183795	0
IC	107	177888	0	182928	0
IC	108	177321	0	181949	0
IC	109	177137	0	182551	0
IC	110	176853	0	181553	0
IC	111	176511	0	180481	0
IC	112	175503	0	179409	0
IC	113	175100	0	179805	0
IC	114	175354	0	178164	0
IC	115	174337	0	176882	0
IC	116	172948	0	176412	0
IC	117	173256	0	175038	0
IC	118	172015	0	174352	0
IC	119	172152	0	172689	0
IC	120	172334	0	172766	0
IC	121	171749	0	170549	0
IC	122	171236	0	169556	0
IC	123	170795	0	168080	0
IC	124	170043	0	168005	0
IC	125	170127	0	166043	0
IC	126	169279	0	165010	0
IC	127	168709	0	162478	0
IC	128	169173	0	160728	0
IC	129	169407	0	159723	0
IC	130	168515	0	156557	0
IC	131	167138	0	154105	0
IC	132	167139	0	151316	0
IC	133	167848	0	150424	0
IC	134	166060	0	146336	0
IC	135	165843	0	142825	0
IC	136	165019	0	139430	0
IC	137	163074	0	134907	0
IC	138	162381	0	130599	0
IC	139	160451	0	123847	0
IC	140	157157	0	118008	0
IC	141	153983	0	110867	0
IC	142	149378	0	102592	0
IC	143	142860	0	93170	0
IC	144	135802	0	83250	0
IC	145	122920	0	80143	0
IC	146	85033	0	49256	0
IC	147	22684	0	8268	0
IC	148	7358	0	1	0
# Coverage distribution. Use `grep ^COV | cut -f 2-` to extract this part.
COV	[1-1]	1	10432489
COV	[2-2]	2	9629174
COV	[3-3]	3	10126164
COV	[4-4]	4	11237024
COV	[5-5]	5	13151113
COV	[6-6]	6	16112141
COV	[7-7]	7	20435099
COV	[8-8]	8	26326374
COV	[9-9]	9	33924103
COV	[10-10]	10	43087225
COV	[11-11]	11	53353481
COV	[12-12]	12	63800429
COV	[13-13]	13	73525513
COV	[14-14]	14	81286755
COV	[15-15]	15	86163059
COV	[16-16]	16	87570050
COV	[17-17]	17	85352562
COV	[18-18]	18	79839832
COV	[19-19]	19	71752838
COV	[20-20]	20	62044382
COV	[21-21]	21	51709273
COV	[22-22]	22	41638595
COV	[23-23]	23	32352142
COV	[24-24]	24	24335748
COV	[25-25]	25	17730428
COV	[26-26]	26	12576180
COV	[27-27]	27	8675709
COV	[28-28]	28	5840520
COV	[29-29]	29	3849443
COV	[30-30]	30	2495760
COV	[31-31]	31	1607259
COV	[32-32]	32	1038558
COV	[33-33]	33	678061
COV	[34-34]	34	459999
COV	[35-35]	35	326455
COV	[36-36]	36	246537
COV	[37-37]	37	196361
COV	[38-38]	38	165218
COV	[39-39]	39	143060
COV	[40-40]	40	126808
COV	[41-41]	41	114243
COV	[42-42]	42	105136
COV	[43-43]	43	96998
COV	[44-44]	44	89857
COV	[45-45]	45	83320
COV	[46-46]	46	77393
COV	[47-47]	47	73383
COV	[48-48]	48	67564
COV	[49-49]	49	64734
COV	[50-50]	50	61425
COV	[51-51]	51	57745
COV	[52-52]	52	54979
COV	[53-53]	53	52294
COV	[54-54]	54	49983
COV	[55-55]	55	47431
COV	[56-56]	56	46358
COV	[57-57]	57	43800
COV	[58-58]	58	42681
COV	[59-59]	59	40756
COV	[60-60]	60	39109
COV	[61-61]	61	37409
COV	[62-62]	62	35878
COV	[63-63]	63	34568
COV	[64-64]	64	33930
COV	[65-65]	65	32806
COV	[66-66]	66	31262
COV	[67-67]	67	30250
COV	[68-68]	68	28917
COV	[69-69]	69	27977
COV	[70-70]	70	26882
COV	[71-71]	71	25515
COV	[72-72]	72	24786
COV	[73-73]	73	23793
COV	[74-74]	74	22802
COV	[75-75]	75	22131
COV	[76-76]	76	21677
COV	[77-77]	77	21346
COV	[78-78]	78	20416
COV	[79-79]	79	19834
COV	[80-80]	80	19000
COV	[81-81]	81	18391
COV	[82-82]	82	18076
COV	[83-83]	83	17490
COV	[84-84]	84	17200
COV	[85-85]	85	16810
COV	[86-86]	86	16715
COV	[87-87]	87	16050
COV	[88-88]	88	15816
COV	[89-89]	89	15420
COV	[90-90]	90	15135
COV	[91-91]	91	14764
COV	[92-92]	92	14104
COV	[93-93]	93	13623
COV	[94-94]	94	13551
COV	[95-95]	95	13398
COV	[96-96]	96	13224
COV	[97-97]	97	13183
COV	[98-98]	98	12594
COV	[99-99]	99	12310
COV	[100-100]	100	12254
COV	[101-101]	101	11712
COV	[102-102]	102	11544
COV	[103-103]	103	11006
COV	[104-104]	104	10943
COV	[105-105]	105	10932
COV	[106-106]	106	10879
COV	[107-107]	107	10529
COV	[108-108]	108	10266
COV	[109-109]	109	10429
COV	[110-110]	110	10418
COV	[111-111]	111	10025
COV	[112-112]	112	10067
COV	[113-113]	113	9570
COV	[114-114]	114	9371
COV	[115-115]	115	9348
COV	[116-116]	116	9262
COV	[117-117]	117	8930
COV	[118-118]	118	8934
COV	[119-119]	119	8720
COV	[120-120]	120	8404
COV	[121-121]	121	8261
COV	[122-122]	122	8176
COV	[123-123]	123	8122
COV	[124-124]	124	8013
COV	[125-125]	125	7968
COV	[126-126]	126	7901
COV	[127-127]	127	7700
COV	[128-128]	128	7433
COV	[129-129]	129	7332
COV	[130-130]	130	7403
COV	[131-131]	131	7448
COV	[132-132]	132	7299
COV	[133-133]	133	7063
COV	[134-134]	134	6778
COV	[135-135]	135	6722
COV	[136-136]	136	6828
COV	[137-137]	137	6686
COV	[138-138]	138	6563
COV	[139-139]	139	6622
COV	[140-140]	140	6304
COV	[141-141]	141	6243
COV	[142-142]	142	6181
COV	[143-143]	143	6175
COV	[144-144]	144	6320
COV	[145-145]	145	6184
COV	[146-146]	146	5947
COV	[147-147]	147	5764
COV	[148-148]	148	5839
COV	[149-149]	149	5666
COV	[150-150]	150	5527
COV	[151-151]	151	5631
COV	[152-152]	152	5440
COV	[153-153]	153	5493
COV	[154-154]	154	5526
COV	[155-155]	155	5260
COV	[156-156]	156	5179
COV	[157-157]	157	5085
COV	[158-158]	158	5252
COV	[159-159]	159	5173
COV	[160-160]	160	5061
COV	[161-161]	161	4882
COV	[162-162]	162	4910
COV	[163-163]	163	4849
COV	[164-164]	164	4794
COV	[165-165]	165	4738
COV	[166-166]	166	4803
COV	[167-167]	167	4902
COV	[168-168]	168	4760
COV	[169-169]	169	4760
COV	[170-170]	170	4653
COV	[171-171]	171	4568
COV	[172-172]	172	4439
COV	[173-173]	173	4278
COV	[174-174]	174	4333
COV	[175-175]	175	4305
COV	[176-176]	176	4201
COV	[177-177]	177	4133
COV	[178-178]	178	4101
COV	[179-179]	179	4148
COV	[180-180]	180	4128
COV	[181-181]	181	4006
COV	[182-182]	182	4126
COV	[183-183]	183	3961
COV	[184-184]	184	3926
COV	[185-185]	185	3954
COV	[186-186]	186	3862
COV	[187-187]	187	3842
COV	[188-188]	188	3788
COV	[189-189]	189	3698
COV	[190-190]	190	3628
COV	[191-191]	191	3665
COV	[192-192]	192	3633
COV	[193-193]	193	3410
COV	[194-194]	194	3474
COV	[195-195]	195	3539
COV	[196-196]	196	3255
COV	[197-197]	197	3475
COV	[198-198]	198	3286
COV	[199-199]	199	3276
COV	[200-200]	200	3220
COV	[201-201]	201	3282
COV	[202-202]	202	3196
COV	[203-203]	203	3147
COV	[204-204]	204	3125
COV	[205-205]	205	3019
COV	[206-206]	206	3117
COV	[207-207]	207	3079
COV	[208-208]	208	2901
COV	[209-209]	209	3034
COV	[210-210]	210	3060
COV	[211-211]	211	3098
COV	[212-212]	212	2953
COV	[213-213]	213	2900
COV	[214-214]	214	2956
COV	[215-215]	215	2935
COV	[216-216]	216	2890
COV	[217-217]	217	2823
COV	[218-218]	218	2851
COV	[219-219]	219	2871
COV	[220-220]	220	2802
COV	[221-221]	221	2736
COV	[222-222]	222	2660
COV	[223-223]	223	2614
COV	[224-224]	224	2624
COV	[225-225]	225	2596
COV	[226-226]	226	2569
COV	[227-227]	227	2529
COV	[228-228]	228	2573
COV	[229-229]	229	2578
COV	[230-230]	230	2517
COV	[231-231]	231	2454
COV	[232-232]	232	2395
COV	[233-233]	233	2440
COV	[234-234]	234	2431
COV	[235-235]	235	2468
COV	[236-236]	236	2312
COV	[237-237]	237	2318
COV	[238-238]	238	2320
COV	[239-239]	239	2307
COV	[240-240]	240	2324
COV	[241-241]	241	2338
COV	[242-242]	242	2346
COV	[243-243]	243	2289
COV	[244-244]	244	2231
COV	[245-245]	245	2226
COV	[246-246]	246	2317
COV	[247-247]	247	2216
COV	[248-248]	248	2209
COV	[249-249]	249	2151
COV	[250-250]	250	2182
COV	[251-251]	251	2179
COV	[252-252]	252	2143
COV	[253-253]	253	2158
COV	[254-254]	254	2181
COV	[255-255]	255	2187
COV	[256-256]	256	2169
COV	[257-257]	257	2123
COV	[258-258]	258	2151
COV	[259-259]	259	1986
COV	[260-260]	260	1994
COV	[261-261]	261	2065
COV	[262-262]	262	1988
COV	[263-263]	263	2089
COV	[264-264]	264	1960
COV	[265-265]	265	1946
COV	[266-266]	266	1956
COV	[267-267]	267	2060
COV	[268-268]	268	2036
COV	[269-269]	269	1988
COV	[270-270]	270	1905
COV	[271-271]	271	1910
COV	[272-272]	272	1860
COV	[273-273]	273	1878
COV	[274-274]	274	1922
COV	[275-275]	275	1788
COV	[276-276]	276	1837
COV	[277-277]	277	1877
COV	[278-278]	278	1764
COV	[279-279]	279	1809
COV	[280-280]	280	1767
COV	[281-281]	281	1763
COV	[282-282]	282	1841
COV	[283-283]	283	1705
COV	[284-284]	284	1761
COV	[285-285]	285	1706
COV	[286-286]	286	1794
COV	[287-287]	287	1754
COV	[288-288]	288	1765
COV	[289-289]	289	1729
COV	[290-290]	290	1776
COV	[291-291]	291	1651
COV	[292-292]	292	1714
COV	[293-293]	293	1682
COV	[294-294]	294	1594
COV	[295-295]	295	1609
COV	[296-296]	296	1653
COV	[297-297]	297	1598
COV	[298-298]	298	1565
COV	[299-299]	299	1541
COV	[300-300]	300	1521
COV	[301-301]	301	1612
COV	[302-302]	302	1602
COV	[303-303]	303	1578
COV	[304-304]	304	1613
COV	[305-305]	305	1543
COV	[306-306]	306	1493
COV	[307-307]	307	1605
COV	[308-308]	308	1579
COV	[309-309]	309	1599
COV	[310-310]	310	1536
COV	[311-311]	311	1536
COV	[312-312]	312	1613
COV	[313-313]	313	1561
COV	[314-314]	314	1558
COV	[315-315]	315	1566
COV	[316-316]	316	1590
COV	[317-317]	317	1556
COV	[318-318]	318	1590
COV	[319-319]	319	1429
COV	[320-320]	320	1520
COV	[321-321]	321	1528
COV	[322-322]	322	1491
COV	[323-323]	323	1500
COV	[324-324]	324	1505
COV	[325-325]	325	1448
COV	[326-326]	326	1485
COV	[327-327]	327	1440
COV	[328-328]	328	1458
COV	[329-329]	329	1458
COV	[330-330]	330	1398
COV	[331-331]	331	1511
COV	[332-332]	332	1508
COV	[333-333]	333	1521
COV	[334-334]	334	1427
COV	[335-335]	335	1449
COV	[336-336]	336	1516
COV	[337-337]	337	1458
COV	[338-338]	338	1444
COV	[339-339]	339	1451
COV	[340-340]	340	1506
COV	[341-341]	341	1473
COV	[342-342]	342	1371
COV	[343-343]	343	1425
COV	[344-344]	344	1412
COV	[345-345]	345	1355
COV	[346-346]	346	1403
COV	[347-347]	347	1422
COV	[348-348]	348	1441
COV	[349-349]	349	1372
COV	[350-350]	350	1466
COV	[351-351]	351	1402
COV	[352-352]	352	1418
COV	[353-353]	353	1365
COV	[354-354]	354	1333
COV	[355-355]	355	1415
COV	[356-356]	356	1357
COV	[357-357]	357	1372
COV	[358-358]	358	1391
COV	[359-359]	359	1426
COV	[360-360]	360	1451
COV	[361-361]	361	1441
COV	[362-362]	362	1416
COV	[363-363]	363	1456
COV	[364-364]	364	1447
COV	[365-365]	365	1539
COV	[366-366]	366	1486
COV	[367-367]	367	1471
COV	[368-368]	368	1530
COV	[369-369]	369	1439
COV	[370-370]	370	1441
COV	[371-371]	371	1569
COV	[372-372]	372	1501
COV	[373-373]	373	1507
COV	[374-374]	374	1525
COV	[375-375]	375	1551
COV	[376-376]	376	1692
COV	[377-377]	377	1541
COV	[378-378]	378	1537
COV	[379-379]	379	1566
COV	[380-380]	380	1572
COV	[381-381]	381	1556
COV	[382-382]	382	1640
COV	[383-383]	383	1590
COV	[384-384]	384	1530
COV	[385-385]	385	1570
COV	[386-386]	386	1657
COV	[387-387]	387	1600
COV	[388-388]	388	1532
COV	[389-389]	389	1587
COV	[390-390]	390	1600
COV	[391-391]	391	1521
COV	[392-392]	392	1594
COV	[393-393]	393	1645
COV	[394-394]	394	1588
COV	[395-395]	395	1584
COV	[396-396]	396	1552
COV	[397-397]	397	1624
COV	[398-398]	398	1555
COV	[399-399]	399	1618
COV	[400-400]	400	1611
COV	[401-401]	401	1542
COV	[402-402]	402	1647
COV	[403-403]	403	1591
COV	[404-404]	404	1535
COV	[405-405]	405	1564
COV	[406-406]	406	1564
COV	[407-407]	407	1577
COV	[408-408]	408	1479
COV	[409-409]	409	1536
COV	[410-410]	410	1531
COV	[411-411]	411	1458
COV	[412-412]	412	1484
COV	[413-413]	413	1478
COV	[414-414]	414	1509
COV	[415-415]	415	1449
COV	[416-416]	416	1408
COV	[417-417]	417	1570
COV	[418-418]	418	1449
COV	[419-419]	419	1456
COV	[420-420]	420	1431
COV	[421-421]	421	1493
COV	[422-422]	422	1446
COV	[423-423]	423	1420
COV	[424-424]	424	1408
COV	[425-425]	425	1382
COV	[426-426]	426	1313
COV	[427-427]	427	1357
COV	[428-428]	428	1292
COV	[429-429]	429	1356
COV	[430-430]	430	1294
COV	[431-431]	431	1210
COV	[432-432]	432	1288
COV	[433-433]	433	1281
COV	[434-434]	434	1232
COV	[435-435]	435	1237
COV	[436-436]	436	1118
COV	[437-437]	437	1137
COV	[438-438]	438	1151
COV	[439-439]	439	1054
COV	[440-440]	440	1044
COV	[441-441]	441	1008
COV	[442-442]	442	962
COV	[443-443]	443	1047
COV	[444-444]	444	970
COV	[445-445]	445	997
COV	[446-446]	446	972
COV	[447-447]	447	983
COV	[448-448]	448	1085
COV	[449-449]	449	1055
COV	[450-450]	450	1018
COV	[451-451]	451	999
COV	[452-452]	452	1083
COV	[453-453]	453	928
COV	[454-454]	454	893
COV	[455-455]	455	917
COV	[456-456]	456	902
COV	[457-457]	457	884
COV	[458-458]	458	868
COV	[459-459]	459	797
COV	[460-460]	460	809
COV	[461-461]	461	818
COV	[462-462]	462	757
COV	[463-463]	463	783
COV	[464-464]	464	783
COV	[465-465]	465	715
COV	[466-466]	466	699
COV	[467-467]	467	671
COV	[468-468]	468	683
COV	[469-469]	469	659
COV	[470-470]	470	690
COV	[471-471]	471	689
COV	[472-472]	472	650
COV	[473-473]	473	649
COV	[474-474]	474	643
COV	[475-475]	475	650
COV	[476-476]	476	618
COV	[477-477]	477	646
COV	[478-478]	478	602
COV	[479-479]	479	618
COV	[480-480]	480	606
COV	[481-481]	481	579
COV	[482-482]	482	636
COV	[483-483]	483	586
COV	[484-484]	484	610
COV	[485-485]	485	592
COV	[486-486]	486	643
COV	[487-487]	487	616
COV	[488-488]	488	607
COV	[489-489]	489	587
COV	[490-490]	490	587
COV	[491-491]	491	571
COV	[492-492]	492	576
COV	[493-493]	493	589
COV	[494-494]	494	583
COV	[495-495]	495	574
COV	[496-496]	496	574
COV	[497-497]	497	633
COV	[498-498]	498	572
COV	[499-499]	499	593
COV	[500-500]	500	555
COV	[501-501]	501	558
COV	[502-502]	502	552
COV	[503-503]	503	592
COV	[504-504]	504	589
COV	[505-505]	505	514
COV	[506-506]	506	550
COV	[507-507]	507	524
COV	[508-508]	508	578
COV	[509-509]	509	549
COV	[510-510]	510	543
COV	[511-511]	511	553
COV	[512-512]	512	531
COV	[513-513]	513	560
COV	[514-514]	514	529
COV	[515-515]	515	541
COV	[516-516]	516	540
COV	[517-517]	517	504
COV	[518-518]	518	526
COV	[519-519]	519	498
COV	[520-520]	520	511
COV	[521-521]	521	553
COV	[522-522]	522	502
COV	[523-523]	523	497
COV	[524-524]	524	497
COV	[525-525]	525	508
COV	[526-526]	526	486
COV	[527-527]	527	510
COV	[528-528]	528	482
COV	[529-529]	529	487
COV	[530-530]	530	448
COV	[531-531]	531	431
COV	[532-532]	532	485
COV	[533-533]	533	478
COV	[534-534]	534	482
COV	[535-535]	535	467
COV	[536-536]	536	524
COV	[537-537]	537	440
COV	[538-538]	538	478
COV	[539-539]	539	483
COV	[540-540]	540	439
COV	[541-541]	541	481
COV	[542-542]	542	468
COV	[543-543]	543	460
COV	[544-544]	544	408
COV	[545-545]	545	439
COV	[546-546]	546	432
COV	[547-547]	547	457
COV	[548-548]	548	445
COV	[549-549]	549	412
COV	[550-550]	550	463
COV	[551-551]	551	468
COV	[552-552]	552	428
COV	[553-553]	553	467
COV	[554-554]	554	413
COV	[555-555]	555	401
COV	[556-556]	556	425
COV	[557-557]	557	393
COV	[558-558]	558	424
COV	[559-559]	559	459
COV	[560-560]	560	404
COV	[561-561]	561	419
COV	[562-562]	562	421
COV	[563-563]	563	499
COV	[564-564]	564	500
COV	[565-565]	565	447
COV	[566-566]	566	470
COV	[567-567]	567	451
COV	[568-568]	568	420
COV	[569-569]	569	479
COV	[570-570]	570	475
COV	[571-571]	571	462
COV	[572-572]	572	404
COV	[573-573]	573	391
COV	[574-574]	574	402
COV	[575-575]	575	392
COV	[576-576]	576	384
COV	[577-577]	577	419
COV	[578-578]	578	392
COV	[579-579]	579	413
COV	[580-580]	580	353
COV	[581-581]	581	398
COV	[582-582]	582	372
COV	[583-583]	583	365
COV	[584-584]	584	355
COV	[585-585]	585	390
COV	[586-586]	586	348
COV	[587-587]	587	377
COV	[588-588]	588	372
COV	[589-589]	589	360
COV	[590-590]	590	350
COV	[591-591]	591	412
COV	[592-592]	592	369
COV	[593-593]	593	369
COV	[594-594]	594	374
COV	[595-595]	595	368
COV	[596-596]	596	397
COV	[597-597]	597	363
COV	[598-598]	598	383
COV	[599-599]	599	387
COV	[600-600]	600	356
COV	[601-601]	601	377
COV	[602-602]	602	343
COV	[603-603]	603	391
COV	[604-604]	604	377
COV	[605-605]	605	366
COV	[606-606]	606	355
COV	[607-607]	607	364
COV	[608-608]	608	344
COV	[609-609]	609	369
COV	[610-610]	610	355
COV	[611-611]	611	331
COV	[612-612]	612	354
COV	[613-613]	613	338
COV	[614-614]	614	383
COV	[615-615]	615	382
COV	[616-616]	616	390
COV	[617-617]	617	386
COV	[618-618]	618	377
COV	[619-619]	619	360
COV	[620-620]	620	344
COV	[621-621]	621	331
COV	[622-622]	622	332
COV	[623-623]	623	342
COV	[624-624]	624	333
COV	[625-625]	625	343
COV	[626-626]	626	309
COV	[627-627]	627	324
COV	[628-628]	628	350
COV	[629-629]	629	361
COV	[630-630]	630	334
COV	[631-631]	631	321
COV	[632-632]	632	341
COV	[633-633]	633	321
COV	[634-634]	634	348
COV	[635-635]	635	308
COV	[636-636]	636	295
COV	[637-637]	637	276
COV	[638-638]	638	301
COV	[639-639]	639	306
COV	[640-640]	640	305
COV	[641-641]	641	306
COV	[642-642]	642	302
COV	[643-643]	643	300
COV	[644-644]	644	307
COV	[645-645]	645	320
COV	[646-646]	646	310
COV	[647-647]	647	315
COV	[648-648]	648	312
COV	[649-649]	649	296
COV	[650-650]	650	308
COV	[651-651]	651	305
COV	[652-652]	652	290
COV	[653-653]	653	291
COV	[654-654]	654	244
COV	[655-655]	655	295
COV	[656-656]	656	282
COV	[657-657]	657	295
COV	[658-658]	658	290
COV	[659-659]	659	296
COV	[660-660]	660	276
COV	[661-661]	661	275
COV	[662-662]	662	290
COV	[663-663]	663	281
COV	[664-664]	664	281
COV	[665-665]	665	285
COV	[666-666]	666	309
COV	[667-667]	667	294
COV	[668-668]	668	307
COV	[669-669]	669	282
COV	[670-670]	670	287
COV	[671-671]	671	305
COV	[672-672]	672	322
COV	[673-673]	673	313
COV	[674-674]	674	305
COV	[675-675]	675	284
COV	[676-676]	676	261
COV	[677-677]	677	298
COV	[678-678]	678	334
COV	[679-679]	679	284
COV	[680-680]	680	305
COV	[681-681]	681	301
COV	[682-682]	682	287
COV	[683-683]	683	334
COV	[684-684]	684	311
COV	[685-685]	685	313
COV	[686-686]	686	283
COV	[687-687]	687	270
COV	[688-688]	688	260
COV	[689-689]	689	283
COV	[690-690]	690	276
COV	[691-691]	691	299
COV	[692-692]	692	289
COV	[693-693]	693	282
COV	[694-694]	694	256
COV	[695-695]	695	253
COV	[696-696]	696	267
COV	[697-697]	697	252
COV	[698-698]	698	235
COV	[699-699]	699	242
COV	[700-700]	700	252
COV	[701-701]	701	251
COV	[702-702]	702	272
COV	[703-703]	703	274
COV	[704-704]	704	245
COV	[705-705]	705	255
COV	[706-706]	706	235
COV	[707-707]	707	279
COV	[708-708]	708	287
COV	[709-709]	709	284
COV	[710-710]	710	278
COV	[711-711]	711	269
COV	[712-712]	712	267
COV	[713-713]	713	270
COV	[714-714]	714	276
COV	[715-715]	715	238
COV	[716-716]	716	261
COV	[717-717]	717	236
COV	[718-718]	718	266
COV	[719-719]	719	269
COV	[720-720]	720	228
COV	[721-721]	721	247
COV	[722-722]	722	226
COV	[723-723]	723	220
COV	[724-724]	724	225
COV	[725-725]	725	232
COV	[726-726]	726	268
COV	[727-727]	727	240
COV	[728-728]	728	230
COV	[729-729]	729	267
COV	[730-730]	730	275
COV	[731-731]	731	284
COV	[732-732]	732	256
COV	[733-733]	733	279
COV	[734-734]	734	233
COV	[735-735]	735	234
COV	[736-736]	736	227
COV	[737-737]	737	254
COV	[738-738]	738	235
COV	[739-739]	739	233
COV	[740-740]	740	248
COV	[741-741]	741	217
COV	[742-742]	742	231
COV	[743-743]	743	225
COV	[744-744]	744	198
COV	[745-745]	745	222
COV	[746-746]	746	240
COV	[747-747]	747	249
COV	[748-748]	748	222
COV	[749-749]	749	228
COV	[750-750]	750	205
COV	[751-751]	751	220
COV	[752-752]	752	239
COV	[753-753]	753	222
COV	[754-754]	754	191
COV	[755-755]	755	245
COV	[756-756]	756	211
COV	[757-757]	757	203
COV	[758-758]	758	216
COV	[759-759]	759	216
COV	[760-760]	760	187
COV	[761-761]	761	186
COV	[762-762]	762	168
COV	[763-763]	763	194
COV	[764-764]	764	209
COV	[765-765]	765	209
COV	[766-766]	766	187
COV	[767-767]	767	216
COV	[768-768]	768	230
COV	[769-769]	769	220
COV	[770-770]	770	195
COV	[771-771]	771	228
COV	[772-772]	772	200
COV	[773-773]	773	201
COV	[774-774]	774	187
COV	[775-775]	775	200
COV	[776-776]	776	206
COV	[777-777]	777	210
COV	[778-778]	778	185
COV	[779-779]	779	159
COV	[780-780]	780	175
COV	[781-781]	781	183
COV	[782-782]	782	207
COV	[783-783]	783	203
COV	[784-784]	784	201
COV	[785-785]	785	195
COV	[786-786]	786	218
COV	[787-787]	787	197
COV	[788-788]	788	208
COV	[789-789]	789	203
COV	[790-790]	790	202
COV	[791-791]	791	201
COV	[792-792]	792	199
COV	[793-793]	793	194
COV	[794-794]	794	199
COV	[795-795]	795	197
COV	[796-796]	796	214
COV	[797-797]	797	184
COV	[798-798]	798	205
COV	[799-799]	799	215
COV	[800-800]	800	206
COV	[801-801]	801	203
COV	[802-802]	802	182
COV	[803-803]	803	214
COV	[804-804]	804	206
COV	[805-805]	805	217
COV	[806-806]	806	206
COV	[807-807]	807	200
COV	[808-808]	808	204
COV	[809-809]	809	194
COV	[810-810]	810	220
COV	[811-811]	811	198
COV	[812-812]	812	214
COV	[813-813]	813	180
COV	[814-814]	814	205
COV	[815-815]	815	201
COV	[816-816]	816	219
COV	[817-817]	817	192
COV	[818-818]	818	205
COV	[819-819]	819	189
COV	[820-820]	820	200
COV	[821-821]	821	203
COV	[822-822]	822	203
COV	[823-823]	823	185
COV	[824-824]	824	190
COV	[825-825]	825	181
COV	[826-826]	826	178
COV	[827-827]	827	236
COV	[828-828]	828	217
COV	[829-829]	829	195
COV	[830-830]	830	177
COV	[831-831]	831	188
COV	[832-832]	832	195
COV	[833-833]	833	208
COV	[834-834]	834	183
COV	[835-835]	835	166
COV	[836-836]	836	220
COV	[837-837]	837	173
COV	[838-838]	838	171
COV	[839-839]	839	203
COV	[840-840]	840	199
COV	[841-841]	841	204
COV	[842-842]	842	195
COV	[843-843]	843	175
COV	[844-844]	844	182
COV	[845-845]	845	172
COV	[846-846]	846	214
COV	[847-847]	847	177
COV	[848-848]	848	157
COV	[849-849]	849	190
COV	[850-850]	850	186
COV	[851-851]	851	189
COV	[852-852]	852	181
COV	[853-853]	853	172
COV	[854-854]	854	191
COV	[855-855]	855	170
COV	[856-856]	856	175
COV	[857-857]	857	183
COV	[858-858]	858	195
COV	[859-859]	859	190
COV	[860-860]	860	195
COV	[861-861]	861	183
COV	[862-862]	862	173
COV	[863-863]	863	197
COV	[864-864]	864	205
COV	[865-865]	865	190
COV	[866-866]	866	212
COV	[867-867]	867	215
COV	[868-868]	868	206
COV	[869-869]	869	223
COV	[870-870]	870	180
COV	[871-871]	871	201
COV	[872-872]	872	210
COV	[873-873]	873	197
COV	[874-874]	874	182
COV	[875-875]	875	196
COV	[876-876]	876	207
COV	[877-877]	877	182
COV	[878-878]	878	200
COV	[879-879]	879	178
COV	[880-880]	880	175
COV	[881-881]	881	177
COV	[882-882]	882	159
COV	[883-883]	883	177
COV	[884-884]	884	174
COV	[885-885]	885	189
COV	[886-886]	886	203
COV	[887-887]	887	164
COV	[888-888]	888	171
COV	[889-889]	889	165
COV	[890-890]	890	206
COV	[891-891]	891	182
COV	[892-892]	892	180
COV	[893-893]	893	172
COV	[894-894]	894	179
COV	[895-895]	895	166
COV	[896-896]	896	172
COV	[897-897]	897	180
COV	[898-898]	898	180
COV	[899-899]	899	188
COV	[900-900]	900	158
COV	[901-901]	901	142
COV	[902-902]	902	164
COV	[903-903]	903	175
COV	[904-904]	904	169
COV	[905-905]	905	148
COV	[906-906]	906	166
COV	[907-907]	907	146
COV	[908-908]	908	138
COV	[909-909]	909	144
COV	[910-910]	910	161
COV	[911-911]	911	170
COV	[912-912]	912	147
COV	[913-913]	913	129
COV	[914-914]	914	138
COV	[915-915]	915	144
COV	[916-916]	916	130
COV	[917-917]	917	137
COV	[918-918]	918	171
COV	[919-919]	919	157
COV	[920-920]	920	132
COV	[921-921]	921	129
COV	[922-922]	922	150
COV	[923-923]	923	143
COV	[924-924]	924	131
COV	[925-925]	925	153
COV	[926-926]	926	151
COV	[927-927]	927	132
COV	[928-928]	928	150
COV	[929-929]	929	144
COV	[930-930]	930	151
COV	[931-931]	931	152
COV	[932-932]	932	154
COV	[933-933]	933	154
COV	[934-934]	934	133
COV	[935-935]	935	140
COV	[936-936]	936	139
COV	[937-937]	937	163
COV	[938-938]	938	156
COV	[939-939]	939	115
COV	[940-940]	940	142
COV	[941-941]	941	137
COV	[942-942]	942	158
COV	[943-943]	943	161
COV	[944-944]	944	148
COV	[945-945]	945	135
COV	[946-946]	946	147
COV	[947-947]	947	130
COV	[948-948]	948	138
COV	[949-949]	949	146
COV	[950-950]	950	132
COV	[951-951]	951	137
COV	[952-952]	952	134
COV	[953-953]	953	132
COV	[954-954]	954	136
COV	[955-955]	955	115
COV	[956-956]	956	130
COV	[957-957]	957	150
COV	[958-958]	958	142
COV	[959-959]	959	133
COV	[960-960]	960	122
COV	[961-961]	961	104
COV	[962-962]	962	147
COV	[963-963]	963	127
COV	[964-964]	964	128
COV	[965-965]	965	140
COV	[966-966]	966	132
COV	[967-967]	967	158
COV	[968-968]	968	138
COV	[969-969]	969	146
COV	[970-970]	970	127
COV	[971-971]	971	126
COV	[972-972]	972	120
COV	[973-973]	973	133
COV	[974-974]	974	132
COV	[975-975]	975	134
COV	[976-976]	976	114
COV	[977-977]	977	126
COV	[978-978]	978	115
COV	[979-979]	979	140
COV	[980-980]	980	145
COV	[981-981]	981	120
COV	[982-982]	982	128
COV	[983-983]	983	119
COV	[984-984]	984	117
COV	[985-985]	985	118
COV	[986-986]	986	136
COV	[987-987]	987	135
COV	[988-988]	988	130
COV	[989-989]	989	120
COV	[990-990]	990	132
COV	[991-991]	991	136
COV	[992-992]	992	135
COV	[993-993]	993	135
COV	[994-994]	994	106
COV	[995-995]	995	135
COV	[996-996]	996	106
COV	[997-997]	997	96
COV	[998-998]	998	106
COV	[999-999]	999	127
COV	[1000-1000]	1000	110
COV	[1000<]	1000	88087
# GC-depth. Use `grep ^GCD | cut -f 2-` to extract this part. The columns are: GC%, unique sequence percentiles, 10th, 25th, 50th, 75th and 90th depth percentile
GCD	0.0	0.003	0.000	0.000	0.000	0.000	0.000
GCD	31.0	0.005	0.007	0.007	0.007	0.007	0.007
GCD	33.0	0.022	9.173	10.160	11.375	12.154	12.593
GCD	34.0	0.216	10.409	11.235	12.216	12.912	13.907
GCD	35.0	1.546	11.502	12.368	13.214	14.042	14.758
GCD	36.0	5.844	12.355	13.269	14.117	14.863	15.491
GCD	37.0	14.024	13.165	14.021	14.835	15.511	16.070
GCD	38.0	24.764	13.759	14.628	15.394	16.077	16.608
GCD	39.0	36.606	14.083	14.994	15.780	16.429	16.953
GCD	40.0	48.003	14.449	15.297	16.063	16.698	17.215
GCD	41.0	57.770	14.663	15.491	16.243	16.877	17.388
GCD	42.0	65.856	14.697	15.580	16.312	16.960	17.498
GCD	43.0	72.156	14.760	15.553	16.305	16.919	17.485
GCD	44.0	77.074	14.476	15.397	16.187	16.871	17.429
GCD	45.0	81.082	14.245	15.228	16.042	16.705	17.285
GCD	46.0	84.158	14.000	14.973	15.773	16.450	17.065
GCD	47.0	86.655	13.564	14.656	15.573	16.319	16.871
GCD	48.0	88.671	13.127	14.345	15.242	16.001	16.626
GCD	49.0	90.354	12.558	14.021	14.987	15.791	16.532
GCD	50.0	91.786	11.966	13.310	14.490	15.363	16.096
GCD	51.0	92.951	11.785	13.238	14.238	15.139	15.829
GCD	52.0	93.992	11.311	12.758	13.886	14.757	15.514
GCD	53.0	94.924	10.605	12.420	13.745	14.566	15.180
GCD	54.0	95.722	10.357	12.341	13.545	14.404	15.297
GCD	55.0	96.386	8.755	11.478	12.938	13.928	14.961
GCD	56.0	96.972	8.494	10.855	12.423	13.426	14.380
GCD	57.0	97.455	6.993	10.379	12.123	13.089	13.959
GCD	58.0	97.884	6.865	9.964	11.633	12.825	13.799
GCD	59.0	98.276	6.590	9.672	11.471	12.472	13.949
GCD	60.0	98.609	5.030	8.378	10.778	12.220	13.008
GCD	61.0	98.895	5.005	7.731	10.008	11.566	12.385
GCD	62.0	99.144	3.933	6.783	9.846	11.344	12.657
GCD	63.0	99.346	3.505	5.582	8.439	10.474	11.385
GCD	64.0	99.525	2.222	4.399	8.183	10.340	11.301
GCD	65.0	99.653	2.314	4.230	7.342	10.033	11.509
GCD	66.0	99.767	1.975	4.699	7.335	9.384	10.854
GCD	67.0	99.872	2.455	4.290	6.169	9.501	10.686
GCD	68.0	99.939	0.635	3.885	6.037	8.183	9.625
GCD	69.0	99.963	1.542	2.898	3.812	6.921	268.365
GCD	70.0	99.980	1.895	3.331	4.802	6.108	8.109
GCD	71.0	99.991	0.041	1.311	4.423	6.838	8.611
GCD	72.0	99.997	3.409	3.409	4.561	5.582	5.582
GCD	73.0	99.998	5.285	5.285	5.285	5.285	5.285
GCD	74.0	100.000	0.490	0.490	0.490	0.490	0.490
