#Coverage	Number of genomic locations
0.0	3.3847205E7
1.0	1.1677627E7
2.0	1.1965216E7
3.0	1.393525E7
4.0	1.7607717E7
5.0	2.3161351E7
6.0	3.0659328E7
7.0	3.9880848E7
8.0	5.0107908E7
9.0	6.0419279E7
10.0	6.9937698E7
11.0	7.7445293E7
12.0	8.2194204E7
13.0	8.3922771E7
14.0	8.2544906E7
15.0	7.8508985E7
16.0	7.2241056E7
17.0	6.4505163E7
18.0	5.5975933E7
19.0	4.7300253E7
20.0	3.9014079E7
21.0	3.1464914E7
22.0	2.4821371E7
23.0	1.9218183E7
24.0	1.458348E7
25.0	1.088173E7
26.0	8005213.0
27.0	5797186.0
28.0	4163415.0
29.0	2952731.0
30.0	2081074.0
31.0	1458373.0
32.0	1019481.0
33.0	718898.0
34.0	511540.0
35.0	368162.0
36.0	270860.0
37.0	204431.0
38.0	159849.0
39.0	128891.0
40.0	108882.0
41.0	93302.0
42.0	81099.0
43.0	74461.0
44.0	67455.0
45.0	63323.0
46.0	58570.0
47.0	55129.0
48.0	52298.0
49.0	49527.0
50.0	47031.0
51.0	44682.0
52.0	43151.0
53.0	41774.0
54.0	39042.0
55.0	38290.0
56.0	36720.0
57.0	34929.0
58.0	34899.0
59.0	33535.0
60.0	32755.0
61.0	31208.0
62.0	30088.0
63.0	29842.0
64.0	28651.0
65.0	27889.0
66.0	27449.0
67.0	26183.0
68.0	24784.0
69.0	24401.0
70.0	23406.0
71.0	23192.0
72.0	22262.0
73.0	21119.0
74.0	21075.0
75.0	20653.0
76.0	19347.0
77.0	18746.0
78.0	18384.0
79.0	17816.0
80.0	16815.0
81.0	16441.0
82.0	16191.0
83.0	15829.0
84.0	15387.0
85.0	15136.0
86.0	14702.0
87.0	14175.0
88.0	13527.0
89.0	13122.0
90.0	12984.0
91.0	12617.0
92.0	12094.0
93.0	11930.0
94.0	11256.0
95.0	11369.0
96.0	10916.0
97.0	10954.0
98.0	10390.0
99.0	10059.0
100.0	9834.0
101.0	9757.0
102.0	9538.0
103.0	9044.0
104.0	8944.0
105.0	8773.0
106.0	8383.0
107.0	8045.0
108.0	8034.0
109.0	7741.0
110.0	7833.0
111.0	7650.0
112.0	7518.0
113.0	7186.0
114.0	7091.0
115.0	7066.0
116.0	6862.0
117.0	6830.0
118.0	6860.0
119.0	6795.0
120.0	6919.0
121.0	6516.0
122.0	6550.0
123.0	6271.0
124.0	6229.0
125.0	6229.0
126.0	6116.0
127.0	5985.0
128.0	5797.0
129.0	5884.0
130.0	5786.0
131.0	5600.0
132.0	5613.0
133.0	5618.0
134.0	5543.0
135.0	5496.0
136.0	5549.0
137.0	5155.0
138.0	5131.0
139.0	5038.0
140.0	5168.0
141.0	4790.0
142.0	4944.0
143.0	4781.0
144.0	4774.0
145.0	4688.0
146.0	4496.0
147.0	4443.0
148.0	4410.0
149.0	4347.0
150.0	4453.0
151.0	4135.0
152.0	4282.0
153.0	3994.0
154.0	3996.0
155.0	3878.0
156.0	3792.0
157.0	3929.0
158.0	3854.0
159.0	3689.0
160.0	3924.0
161.0	3815.0
162.0	3784.0
163.0	3592.0
164.0	3560.0
165.0	3565.0
166.0	3557.0
167.0	3479.0
168.0	3451.0
169.0	3317.0
170.0	3323.0
171.0	3309.0
172.0	3247.0
173.0	3247.0
174.0	3275.0
175.0	3182.0
176.0	3220.0
177.0	3139.0
178.0	3017.0
179.0	3107.0
180.0	3038.0
181.0	3016.0
182.0	3031.0
183.0	3108.0
184.0	2963.0
185.0	2781.0
186.0	2780.0
187.0	2714.0
188.0	2757.0
189.0	2846.0
190.0	2638.0
191.0	2586.0
192.0	2731.0
193.0	2658.0
194.0	2686.0
195.0	2528.0
196.0	2661.0
197.0	2583.0
198.0	2558.0
199.0	2390.0
200.0	2527.0
201.0	2406.0
202.0	2356.0
203.0	2242.0
204.0	2313.0
205.0	2261.0
206.0	2401.0
207.0	2242.0
208.0	2322.0
209.0	2205.0
210.0	2335.0
211.0	2302.0
212.0	2240.0
213.0	2245.0
214.0	2312.0
215.0	2343.0
216.0	2300.0
217.0	2265.0
218.0	2208.0
219.0	2157.0
220.0	2210.0
221.0	2162.0
222.0	2120.0
223.0	2144.0
224.0	2195.0
225.0	2009.0
226.0	2025.0
227.0	1879.0
228.0	1863.0
229.0	1841.0
230.0	1821.0
231.0	1813.0
232.0	1869.0
233.0	1784.0
234.0	1787.0
235.0	1764.0
236.0	1842.0
237.0	1806.0
238.0	1690.0
239.0	1790.0
240.0	1669.0
241.0	1738.0
242.0	1651.0
243.0	1711.0
244.0	1617.0
245.0	1636.0
246.0	1578.0
247.0	1592.0
248.0	1584.0
249.0	1584.0
250.0	1607.0
251.0	1548.0
252.0	1603.0
253.0	1634.0
254.0	1591.0
255.0	1527.0
256.0	1569.0
257.0	1570.0
258.0	1533.0
259.0	1468.0
260.0	1531.0
261.0	1579.0
262.0	1488.0
263.0	1507.0
264.0	1493.0
265.0	1502.0
266.0	1407.0
267.0	1536.0
268.0	1451.0
269.0	1412.0
270.0	1436.0
271.0	1404.0
272.0	1322.0
273.0	1387.0
274.0	1402.0
275.0	1276.0
276.0	1367.0
277.0	1341.0
278.0	1303.0
279.0	1311.0
280.0	1291.0
281.0	1269.0
282.0	1243.0
283.0	1274.0
284.0	1237.0
285.0	1176.0
286.0	1229.0
287.0	1156.0
288.0	1276.0
289.0	1282.0
290.0	1204.0
291.0	1214.0
292.0	1176.0
293.0	1221.0
294.0	1173.0
295.0	1197.0
296.0	1247.0
297.0	1193.0
298.0	1194.0
299.0	1199.0
300.0	1106.0
301.0	1149.0
302.0	1116.0
303.0	1135.0
304.0	1107.0
305.0	1077.0
306.0	1076.0
307.0	1109.0
308.0	1033.0
309.0	1114.0
310.0	1044.0
311.0	1106.0
312.0	1075.0
313.0	1066.0
314.0	1072.0
315.0	1036.0
316.0	1054.0
317.0	992.0
318.0	1027.0
319.0	964.0
320.0	1056.0
321.0	925.0
322.0	956.0
323.0	981.0
324.0	985.0
325.0	943.0
326.0	1060.0
327.0	1036.0
328.0	954.0
329.0	1010.0
330.0	1006.0
331.0	1024.0
332.0	892.0
333.0	959.0
334.0	999.0
335.0	952.0
336.0	1003.0
337.0	964.0
338.0	956.0
339.0	910.0
340.0	930.0
341.0	908.0
342.0	980.0
343.0	980.0
344.0	890.0
345.0	893.0
346.0	899.0
347.0	924.0
348.0	902.0
349.0	907.0
350.0	883.0
351.0	828.0
352.0	868.0
353.0	813.0
354.0	887.0
355.0	826.0
356.0	895.0
357.0	819.0
358.0	869.0
359.0	858.0
360.0	826.0
361.0	851.0
362.0	890.0
363.0	867.0
364.0	902.0
365.0	852.0
366.0	850.0
367.0	858.0
368.0	760.0
369.0	780.0
370.0	783.0
371.0	804.0
372.0	788.0
373.0	778.0
374.0	800.0
375.0	751.0
376.0	759.0
377.0	746.0
378.0	763.0
379.0	850.0
380.0	765.0
381.0	763.0
382.0	793.0
383.0	760.0
384.0	745.0
385.0	803.0
386.0	774.0
387.0	703.0
388.0	750.0
389.0	734.0
390.0	658.0
391.0	700.0
392.0	727.0
393.0	760.0
394.0	739.0
395.0	746.0
396.0	696.0
397.0	684.0
398.0	736.0
399.0	686.0
400.0	674.0
401.0	655.0
402.0	618.0
403.0	657.0
404.0	643.0
405.0	632.0
406.0	659.0
407.0	611.0
408.0	647.0
409.0	643.0
410.0	687.0
411.0	670.0
412.0	648.0
413.0	664.0
414.0	648.0
415.0	629.0
416.0	603.0
417.0	644.0
418.0	674.0
419.0	683.0
420.0	586.0
421.0	681.0
422.0	591.0
423.0	583.0
424.0	623.0
425.0	598.0
426.0	616.0
427.0	592.0
428.0	606.0
429.0	592.0
430.0	614.0
431.0	611.0
432.0	633.0
433.0	598.0
434.0	608.0
435.0	565.0
436.0	587.0
437.0	544.0
438.0	548.0
439.0	593.0
440.0	642.0
441.0	593.0
442.0	633.0
443.0	613.0
444.0	599.0
445.0	605.0
446.0	692.0
447.0	580.0
448.0	620.0
449.0	648.0
450.0	612.0
451.0	619.0
452.0	592.0
453.0	595.0
454.0	574.0
455.0	593.0
456.0	535.0
457.0	544.0
458.0	552.0
459.0	610.0
460.0	579.0
461.0	581.0
462.0	601.0
463.0	625.0
464.0	604.0
465.0	593.0
466.0	573.0
467.0	604.0
468.0	591.0
469.0	619.0
470.0	613.0
471.0	551.0
472.0	572.0
473.0	592.0
474.0	542.0
475.0	610.0
476.0	534.0
477.0	598.0
478.0	584.0
479.0	610.0
480.0	601.0
481.0	605.0
482.0	531.0
483.0	599.0
484.0	587.0
485.0	638.0
486.0	658.0
487.0	599.0
488.0	585.0
489.0	579.0
490.0	617.0
491.0	644.0
492.0	607.0
493.0	609.0
494.0	596.0
495.0	594.0
496.0	584.0
497.0	569.0
498.0	602.0
499.0	637.0
500.0	678.0
501.0	619.0
502.0	595.0
503.0	613.0
504.0	528.0
505.0	540.0
506.0	540.0
507.0	565.0
508.0	564.0
509.0	553.0
510.0	580.0
511.0	551.0
512.0	609.0
513.0	534.0
514.0	584.0
515.0	603.0
516.0	574.0
517.0	572.0
518.0	521.0
519.0	509.0
520.0	531.0
521.0	536.0
522.0	468.0
523.0	460.0
524.0	510.0
525.0	506.0
526.0	514.0
527.0	510.0
528.0	494.0
529.0	525.0
530.0	484.0
531.0	482.0
532.0	494.0
533.0	504.0
534.0	494.0
535.0	487.0
536.0	481.0
537.0	503.0
538.0	503.0
539.0	465.0
540.0	463.0
541.0	455.0
542.0	477.0
543.0	496.0
544.0	463.0
545.0	488.0
546.0	469.0
547.0	458.0
548.0	486.0
549.0	449.0
550.0	474.0
551.0	473.0
552.0	446.0
553.0	449.0
554.0	463.0
555.0	469.0
556.0	460.0
557.0	423.0
558.0	429.0
559.0	408.0
560.0	416.0
561.0	410.0
562.0	403.0
563.0	412.0
564.0	374.0
565.0	410.0
566.0	407.0
567.0	382.0
568.0	416.0
569.0	379.0
570.0	365.0
571.0	395.0
572.0	350.0
573.0	395.0
574.0	372.0
575.0	357.0
576.0	379.0
577.0	319.0
578.0	360.0
579.0	364.0
580.0	378.0
581.0	346.0
582.0	376.0
583.0	334.0
584.0	383.0
585.0	358.0
586.0	411.0
587.0	381.0
588.0	366.0
589.0	385.0
590.0	367.0
591.0	367.0
592.0	333.0
593.0	390.0
594.0	355.0
595.0	348.0
596.0	388.0
597.0	364.0
598.0	376.0
599.0	357.0
600.0	364.0
601.0	346.0
602.0	370.0
603.0	399.0
604.0	333.0
605.0	355.0
606.0	304.0
607.0	291.0
608.0	319.0
609.0	275.0
610.0	314.0
611.0	326.0
612.0	362.0
613.0	325.0
614.0	320.0
615.0	308.0
616.0	313.0
617.0	307.0
618.0	343.0
619.0	279.0
620.0	270.0
621.0	314.0
622.0	277.0
623.0	293.0
624.0	304.0
625.0	284.0
626.0	286.0
627.0	302.0
628.0	285.0
629.0	321.0
630.0	285.0
631.0	289.0
632.0	277.0
633.0	335.0
634.0	271.0
635.0	267.0
636.0	293.0
637.0	297.0
638.0	263.0
639.0	291.0
640.0	249.0
641.0	257.0
642.0	300.0
643.0	268.0
644.0	274.0
645.0	284.0
646.0	278.0
647.0	289.0
648.0	278.0
649.0	252.0
650.0	271.0
651.0	242.0
652.0	264.0
653.0	259.0
654.0	267.0
655.0	284.0
656.0	287.0
657.0	271.0
658.0	271.0
659.0	277.0
660.0	248.0
661.0	239.0
662.0	238.0
663.0	258.0
664.0	254.0
665.0	246.0
666.0	234.0
667.0	226.0
668.0	252.0
669.0	224.0
670.0	231.0
671.0	222.0
672.0	231.0
673.0	258.0
674.0	229.0
675.0	236.0
676.0	222.0
677.0	227.0
678.0	224.0
679.0	238.0
680.0	228.0
681.0	227.0
682.0	212.0
683.0	252.0
684.0	246.0
685.0	234.0
686.0	226.0
687.0	239.0
688.0	237.0
689.0	234.0
690.0	238.0
691.0	218.0
692.0	239.0
693.0	242.0
694.0	266.0
695.0	237.0
696.0	244.0
697.0	233.0
698.0	242.0
699.0	249.0
700.0	236.0
701.0	235.0
702.0	223.0
703.0	206.0
704.0	216.0
705.0	218.0
706.0	238.0
707.0	211.0
708.0	206.0
709.0	228.0
710.0	208.0
711.0	209.0
712.0	183.0
713.0	176.0
714.0	201.0
715.0	208.0
716.0	200.0
717.0	216.0
718.0	202.0
719.0	202.0
720.0	206.0
721.0	194.0
722.0	200.0
723.0	204.0
724.0	215.0
725.0	195.0
726.0	177.0
727.0	180.0
728.0	163.0
729.0	167.0
730.0	164.0
731.0	174.0
732.0	157.0
733.0	183.0
734.0	185.0
735.0	170.0
736.0	189.0
737.0	194.0
738.0	190.0
739.0	193.0
740.0	166.0
741.0	164.0
742.0	172.0
743.0	168.0
744.0	188.0
745.0	162.0
746.0	163.0
747.0	168.0
748.0	148.0
749.0	161.0
750.0	169.0
751.0	177.0
752.0	177.0
753.0	180.0
754.0	157.0
755.0	166.0
756.0	175.0
757.0	147.0
758.0	171.0
759.0	139.0
760.0	152.0
761.0	168.0
762.0	156.0
763.0	177.0
764.0	151.0
765.0	177.0
766.0	144.0
767.0	133.0
768.0	167.0
769.0	148.0
770.0	155.0
771.0	134.0
772.0	176.0
773.0	178.0
774.0	140.0
775.0	167.0
776.0	165.0
777.0	160.0
778.0	145.0
779.0	177.0
780.0	153.0
781.0	178.0
782.0	173.0
783.0	159.0
784.0	140.0
785.0	143.0
786.0	158.0
787.0	142.0
788.0	176.0
789.0	151.0
790.0	153.0
791.0	173.0
792.0	156.0
793.0	159.0
794.0	181.0
795.0	180.0
796.0	148.0
797.0	168.0
798.0	171.0
799.0	184.0
800.0	149.0
801.0	145.0
802.0	162.0
803.0	141.0
804.0	152.0
805.0	154.0
806.0	144.0
807.0	126.0
808.0	115.0
809.0	129.0
810.0	139.0
811.0	131.0
812.0	127.0
813.0	135.0
814.0	138.0
815.0	139.0
816.0	121.0
817.0	126.0
818.0	141.0
819.0	152.0
820.0	124.0
821.0	133.0
822.0	118.0
823.0	137.0
824.0	143.0
825.0	138.0
826.0	112.0
827.0	141.0
828.0	131.0
829.0	122.0
830.0	100.0
831.0	106.0
832.0	132.0
833.0	115.0
834.0	131.0
835.0	115.0
836.0	119.0
837.0	123.0
838.0	112.0
839.0	112.0
840.0	116.0
841.0	99.0
842.0	150.0
843.0	118.0
844.0	134.0
845.0	124.0
846.0	99.0
847.0	107.0
848.0	135.0
849.0	124.0
850.0	112.0
851.0	137.0
852.0	106.0
853.0	97.0
854.0	106.0
855.0	120.0
856.0	105.0
857.0	127.0
858.0	113.0
859.0	103.0
860.0	101.0
861.0	97.0
862.0	119.0
863.0	118.0
864.0	109.0
865.0	87.0
866.0	105.0
867.0	99.0
868.0	84.0
869.0	102.0
870.0	96.0
871.0	104.0
872.0	106.0
873.0	116.0
874.0	94.0
875.0	112.0
876.0	112.0
877.0	109.0
878.0	106.0
879.0	116.0
880.0	126.0
881.0	92.0
882.0	109.0
883.0	114.0
884.0	115.0
885.0	114.0
886.0	116.0
887.0	105.0
888.0	93.0
889.0	116.0
890.0	101.0
891.0	124.0
892.0	111.0
893.0	119.0
894.0	116.0
895.0	99.0
896.0	143.0
897.0	92.0
898.0	123.0
899.0	97.0
900.0	108.0
901.0	111.0
902.0	104.0
903.0	97.0
904.0	84.0
905.0	106.0
906.0	89.0
907.0	102.0
908.0	91.0
909.0	100.0
910.0	88.0
911.0	95.0
912.0	76.0
913.0	101.0
914.0	97.0
915.0	106.0
916.0	90.0
917.0	91.0
918.0	83.0
919.0	92.0
920.0	89.0
921.0	96.0
922.0	84.0
923.0	82.0
924.0	98.0
925.0	84.0
926.0	73.0
927.0	89.0
928.0	95.0
929.0	93.0
930.0	100.0
931.0	87.0
932.0	89.0
933.0	82.0
934.0	88.0
935.0	89.0
936.0	77.0
937.0	89.0
938.0	96.0
939.0	70.0
940.0	94.0
941.0	102.0
942.0	77.0
943.0	81.0
944.0	92.0
945.0	93.0
946.0	94.0
947.0	94.0
948.0	89.0
949.0	95.0
950.0	94.0
951.0	107.0
952.0	89.0
953.0	102.0
954.0	84.0
955.0	104.0
956.0	90.0
957.0	78.0
958.0	103.0
959.0	96.0
960.0	92.0
961.0	91.0
962.0	88.0
963.0	82.0
964.0	96.0
965.0	102.0
966.0	97.0
967.0	95.0
968.0	83.0
969.0	82.0
970.0	78.0
971.0	97.0
972.0	85.0
973.0	75.0
974.0	84.0
975.0	90.0
976.0	75.0
977.0	83.0
978.0	84.0
979.0	87.0
980.0	84.0
981.0	99.0
982.0	87.0
983.0	100.0
984.0	94.0
985.0	80.0
986.0	86.0
987.0	93.0
988.0	82.0
989.0	94.0
990.0	87.0
991.0	78.0
992.0	88.0
993.0	75.0
994.0	83.0
995.0	96.0
996.0	81.0
997.0	65.0
998.0	84.0
999.0	87.0
1000.0	77.0
1001.0	63.0
1002.0	72.0
1003.0	94.0
1004.0	87.0
1005.0	88.0
1006.0	101.0
1007.0	87.0
1008.0	114.0
1009.0	107.0
1010.0	89.0
1011.0	93.0
1012.0	91.0
1013.0	89.0
1014.0	97.0
1015.0	69.0
1016.0	83.0
1017.0	81.0
1018.0	84.0
1019.0	83.0
1020.0	89.0
1021.0	90.0
1022.0	70.0
1023.0	79.0
1024.0	58.0
1025.0	78.0
1026.0	75.0
1027.0	75.0
1028.0	73.0
1029.0	70.0
1030.0	64.0
1031.0	82.0
1032.0	65.0
1033.0	76.0
1034.0	81.0
1035.0	73.0
1036.0	65.0
1037.0	69.0
1038.0	83.0
1039.0	64.0
1040.0	74.0
1041.0	73.0
1042.0	91.0
1043.0	97.0
1044.0	79.0
1045.0	71.0
1046.0	82.0
1047.0	76.0
1048.0	86.0
1049.0	76.0
1050.0	77.0
1051.0	67.0
1052.0	73.0
1053.0	75.0
1054.0	77.0
1055.0	75.0
1056.0	92.0
1057.0	72.0
1058.0	84.0
1059.0	88.0
1060.0	93.0
1061.0	77.0
1062.0	82.0
1063.0	93.0
1064.0	77.0
1065.0	93.0
1066.0	99.0
1067.0	94.0
1068.0	82.0
1069.0	79.0
1070.0	86.0
1071.0	69.0
1072.0	94.0
1073.0	80.0
1074.0	74.0
1075.0	76.0
1076.0	84.0
1077.0	94.0
1078.0	82.0
1079.0	66.0
1080.0	73.0
1081.0	85.0
1082.0	79.0
1083.0	60.0
1084.0	63.0
1085.0	68.0
1086.0	73.0
1087.0	76.0
1088.0	70.0
1089.0	71.0
1090.0	72.0
1091.0	69.0
1092.0	51.0
1093.0	73.0
1094.0	66.0
1095.0	71.0
1096.0	79.0
1097.0	60.0
1098.0	79.0
1099.0	60.0
1100.0	64.0
1101.0	68.0
1102.0	85.0
1103.0	57.0
1104.0	79.0
1105.0	58.0
1106.0	75.0
1107.0	72.0
1108.0	61.0
1109.0	78.0
1110.0	76.0
1111.0	62.0
1112.0	63.0
1113.0	63.0
1114.0	58.0
1115.0	61.0
1116.0	72.0
1117.0	80.0
1118.0	73.0
1119.0	67.0
1120.0	83.0
1121.0	83.0
1122.0	80.0
1123.0	69.0
1124.0	75.0
1125.0	67.0
1126.0	55.0
1127.0	82.0
1128.0	69.0
1129.0	60.0
1130.0	69.0
1131.0	78.0
1132.0	68.0
1133.0	66.0
1134.0	76.0
1135.0	70.0
1136.0	62.0
1137.0	82.0
1138.0	73.0
1139.0	54.0
1140.0	63.0
1141.0	60.0
1142.0	62.0
1143.0	67.0
1144.0	67.0
1145.0	71.0
1146.0	72.0
1147.0	84.0
1148.0	53.0
1149.0	64.0
1150.0	73.0
1151.0	88.0
1152.0	71.0
1153.0	96.0
1154.0	75.0
1155.0	76.0
1156.0	93.0
1157.0	71.0
1158.0	67.0
1159.0	76.0
1160.0	83.0
1161.0	77.0
1162.0	78.0
1163.0	70.0
1164.0	69.0
1165.0	59.0
1166.0	66.0
1167.0	76.0
1168.0	71.0
1169.0	50.0
1170.0	63.0
1171.0	60.0
1172.0	50.0
1173.0	79.0
1174.0	59.0
1175.0	69.0
1176.0	55.0
1177.0	70.0
1178.0	48.0
1179.0	60.0
1180.0	60.0
1181.0	69.0
1182.0	54.0
1183.0	69.0
1184.0	65.0
1185.0	64.0
1186.0	70.0
1187.0	54.0
1188.0	81.0
1189.0	73.0
1190.0	52.0
1191.0	66.0
1192.0	60.0
1193.0	65.0
1194.0	66.0
1195.0	57.0
1196.0	72.0
1197.0	55.0
1198.0	51.0
1199.0	53.0
1200.0	57.0
1201.0	65.0
1202.0	59.0
1203.0	67.0
1204.0	50.0
1205.0	53.0
1206.0	62.0
1207.0	53.0
1208.0	65.0
1209.0	64.0
1210.0	66.0
1211.0	59.0
1212.0	62.0
1213.0	67.0
1214.0	69.0
1215.0	58.0
1216.0	59.0
1217.0	53.0
1218.0	62.0
1219.0	64.0
1220.0	58.0
1221.0	68.0
1222.0	56.0
1223.0	73.0
1224.0	62.0
1225.0	60.0
1226.0	64.0
1227.0	61.0
1228.0	70.0
1229.0	64.0
1230.0	65.0
1231.0	52.0
1232.0	68.0
1233.0	55.0
1234.0	61.0
1235.0	64.0
1236.0	50.0
1237.0	70.0
1238.0	64.0
1239.0	50.0
1240.0	62.0
1241.0	64.0
1242.0	48.0
1243.0	68.0
1244.0	63.0
1245.0	54.0
1246.0	51.0
1247.0	51.0
1248.0	45.0
1249.0	63.0
1250.0	65.0
1251.0	70.0
1252.0	62.0
1253.0	67.0
1254.0	64.0
1255.0	57.0
1256.0	53.0
1257.0	60.0
1258.0	73.0
1259.0	43.0
1260.0	55.0
1261.0	45.0
1262.0	54.0
1263.0	51.0
1264.0	50.0
1265.0	51.0
1266.0	57.0
1267.0	49.0
1268.0	54.0
1269.0	63.0
1270.0	49.0
1271.0	56.0
1272.0	57.0
1273.0	53.0
1274.0	57.0
1275.0	33.0
1276.0	45.0
1277.0	56.0
1278.0	52.0
1279.0	47.0
1280.0	50.0
1281.0	51.0
1282.0	47.0
1283.0	53.0
1284.0	39.0
1285.0	50.0
1286.0	54.0
1287.0	46.0
1288.0	50.0
1289.0	63.0
1290.0	52.0
1291.0	46.0
1292.0	55.0
1293.0	37.0
1294.0	51.0
1295.0	61.0
1296.0	51.0
1297.0	61.0
1298.0	49.0
1299.0	58.0
1300.0	49.0
1301.0	48.0
1302.0	48.0
1303.0	49.0
1304.0	46.0
1305.0	60.0
1306.0	45.0
1307.0	57.0
1308.0	34.0
1309.0	51.0
1310.0	42.0
1311.0	45.0
1312.0	43.0
1313.0	46.0
1314.0	46.0
1315.0	49.0
1316.0	59.0
1317.0	47.0
1318.0	51.0
1319.0	45.0
1320.0	44.0
1321.0	47.0
1322.0	54.0
1323.0	62.0
1324.0	54.0
1325.0	59.0
1326.0	65.0
1327.0	48.0
1328.0	37.0
1329.0	45.0
1330.0	51.0
1331.0	56.0
1332.0	58.0
1333.0	56.0
1334.0	52.0
1335.0	41.0
1336.0	50.0
1337.0	40.0
1338.0	60.0
1339.0	42.0
1340.0	54.0
1341.0	39.0
1342.0	35.0
1343.0	55.0
1344.0	44.0
1345.0	49.0
1346.0	64.0
1347.0	38.0
1348.0	45.0
1349.0	44.0
1350.0	37.0
1351.0	42.0
1352.0	47.0
1353.0	37.0
1354.0	44.0
1355.0	55.0
1356.0	58.0
1357.0	59.0
1358.0	47.0
1359.0	55.0
1360.0	57.0
1361.0	44.0
1362.0	69.0
1363.0	46.0
1364.0	42.0
1365.0	57.0
1366.0	54.0
1367.0	48.0
1368.0	45.0
1369.0	48.0
1370.0	70.0
1371.0	46.0
1372.0	46.0
1373.0	52.0
1374.0	55.0
1375.0	39.0
1376.0	44.0
1377.0	46.0
1378.0	40.0
1379.0	50.0
1380.0	38.0
1381.0	46.0
1382.0	35.0
1383.0	48.0
1384.0	42.0
1385.0	46.0
1386.0	46.0
1387.0	39.0
1388.0	51.0
1389.0	32.0
1390.0	44.0
1391.0	45.0
1392.0	43.0
1393.0	48.0
1394.0	45.0
1395.0	51.0
1396.0	43.0
1397.0	35.0
1398.0	37.0
1399.0	44.0
1400.0	45.0
1401.0	42.0
1402.0	38.0
1403.0	45.0
1404.0	47.0
1405.0	43.0
1406.0	55.0
1407.0	65.0
1408.0	52.0
1409.0	45.0
1410.0	49.0
1411.0	58.0
1412.0	44.0
1413.0	53.0
1414.0	38.0
1415.0	43.0
1416.0	46.0
1417.0	52.0
1418.0	36.0
1419.0	31.0
1420.0	35.0
1421.0	42.0
1422.0	40.0
1423.0	42.0
1424.0	47.0
1425.0	39.0
1426.0	41.0
1427.0	49.0
1428.0	45.0
1429.0	39.0
1430.0	40.0
1431.0	38.0
1432.0	36.0
1433.0	47.0
1434.0	45.0
1435.0	43.0
1436.0	34.0
1437.0	53.0
1438.0	39.0
1439.0	46.0
1440.0	46.0
1441.0	39.0
1442.0	44.0
1443.0	40.0
1444.0	52.0
1445.0	42.0
1446.0	40.0
1447.0	52.0
1448.0	32.0
1449.0	51.0
1450.0	49.0
1451.0	35.0
1452.0	43.0
1453.0	34.0
1454.0	37.0
1455.0	34.0
1456.0	27.0
1457.0	38.0
1458.0	33.0
1459.0	48.0
1460.0	40.0
1461.0	50.0
1462.0	45.0
1463.0	47.0
1464.0	48.0
1465.0	40.0
1466.0	42.0
1467.0	61.0
1468.0	31.0
1469.0	42.0
1470.0	44.0
1471.0	68.0
1472.0	43.0
1473.0	39.0
1474.0	43.0
1475.0	48.0
1476.0	28.0
1477.0	38.0
1478.0	47.0
1479.0	32.0
1480.0	36.0
1481.0	27.0
1482.0	39.0
1483.0	31.0
1484.0	38.0
1485.0	27.0
1486.0	32.0
1487.0	19.0
1488.0	27.0
1489.0	28.0
1490.0	32.0
1491.0	33.0
1492.0	18.0
1493.0	25.0
1494.0	22.0
1495.0	34.0
1496.0	29.0
1497.0	38.0
1498.0	31.0
1499.0	38.0
1500.0	29.0
1501.0	25.0
1502.0	24.0
1503.0	42.0
1504.0	35.0
1505.0	46.0
1506.0	37.0
1507.0	47.0
1508.0	45.0
1509.0	33.0
1510.0	39.0
1511.0	31.0
1512.0	35.0
1513.0	39.0
1514.0	48.0
1515.0	41.0
1516.0	29.0
1517.0	25.0
1518.0	26.0
1519.0	39.0
1520.0	23.0
1521.0	29.0
1522.0	25.0
1523.0	27.0
1524.0	23.0
1525.0	21.0
1526.0	32.0
1527.0	31.0
1528.0	34.0
1529.0	35.0
1530.0	36.0
1531.0	25.0
1532.0	33.0
1533.0	33.0
1534.0	32.0
1535.0	24.0
1536.0	24.0
1537.0	24.0
1538.0	31.0
1539.0	28.0
1540.0	31.0
1541.0	34.0
1542.0	31.0
1543.0	26.0
1544.0	29.0
1545.0	30.0
1546.0	27.0
1547.0	23.0
1548.0	25.0
1549.0	31.0
1550.0	33.0
1551.0	27.0
1552.0	32.0
1553.0	28.0
1554.0	23.0
1555.0	36.0
1556.0	28.0
1557.0	30.0
1558.0	29.0
1559.0	26.0
1560.0	28.0
1561.0	29.0
1562.0	19.0
1563.0	31.0
1564.0	27.0
1565.0	27.0
1566.0	24.0
1567.0	24.0
1568.0	24.0
1569.0	27.0
1570.0	26.0
1571.0	21.0
1572.0	28.0
1573.0	23.0
1574.0	25.0
1575.0	26.0
1576.0	26.0
1577.0	24.0
1578.0	29.0
1579.0	26.0
1580.0	29.0
1581.0	15.0
1582.0	27.0
1583.0	20.0
1584.0	26.0
1585.0	31.0
1586.0	25.0
1587.0	29.0
1588.0	22.0
1589.0	28.0
1590.0	19.0
1591.0	23.0
1592.0	24.0
1593.0	22.0
1594.0	28.0
1595.0	13.0
1596.0	23.0
1597.0	27.0
1598.0	23.0
1599.0	20.0
1600.0	21.0
1601.0	29.0
1602.0	24.0
1603.0	21.0
1604.0	22.0
1605.0	25.0
1606.0	22.0
1607.0	27.0
1608.0	30.0
1609.0	22.0
1610.0	31.0
1611.0	23.0
1612.0	26.0
1613.0	26.0
1614.0	21.0
1615.0	29.0
1616.0	22.0
1617.0	21.0
1618.0	32.0
1619.0	26.0
1620.0	31.0
1621.0	26.0
1622.0	22.0
1623.0	30.0
1624.0	25.0
1625.0	32.0
1626.0	29.0
1627.0	28.0
1628.0	26.0
1629.0	29.0
1630.0	18.0
1631.0	30.0
1632.0	20.0
1633.0	22.0
1634.0	30.0
1635.0	26.0
1636.0	24.0
1637.0	18.0
1638.0	14.0
1639.0	21.0
1640.0	26.0
1641.0	18.0
1642.0	31.0
1643.0	21.0
1644.0	27.0
1645.0	25.0
1646.0	26.0
1647.0	22.0
1648.0	30.0
1649.0	24.0
1650.0	26.0
1651.0	27.0
1652.0	21.0
1653.0	30.0
1654.0	32.0
1655.0	35.0
1656.0	26.0
1657.0	31.0
1658.0	30.0
1659.0	27.0
1660.0	28.0
1661.0	35.0
1662.0	20.0
1663.0	18.0
1664.0	22.0
1665.0	23.0
1666.0	24.0
1667.0	25.0
1668.0	22.0
1669.0	24.0
1670.0	29.0
1671.0	35.0
1672.0	37.0
1673.0	33.0
1674.0	32.0
1675.0	30.0
1676.0	33.0
1677.0	41.0
1678.0	33.0
1679.0	37.0
1680.0	25.0
1681.0	31.0
1682.0	26.0
1683.0	35.0
1684.0	33.0
1685.0	28.0
1686.0	22.0
1687.0	32.0
1688.0	36.0
1689.0	30.0
1690.0	33.0
1691.0	21.0
1692.0	27.0
1693.0	28.0
1694.0	21.0
1695.0	29.0
1696.0	26.0
1697.0	24.0
1698.0	18.0
1699.0	28.0
1700.0	29.0
1701.0	22.0
1702.0	21.0
1703.0	20.0
1704.0	25.0
1705.0	25.0
1706.0	35.0
1707.0	32.0
1708.0	22.0
1709.0	12.0
1710.0	28.0
1711.0	26.0
1712.0	26.0
1713.0	16.0
1714.0	27.0
1715.0	18.0
1716.0	25.0
1717.0	27.0
1718.0	22.0
1719.0	23.0
1720.0	22.0
1721.0	24.0
1722.0	35.0
1723.0	30.0
1724.0	14.0
1725.0	18.0
1726.0	24.0
1727.0	21.0
1728.0	22.0
1729.0	13.0
1730.0	25.0
1731.0	15.0
1732.0	26.0
1733.0	26.0
1734.0	23.0
1735.0	25.0
1736.0	14.0
1737.0	21.0
1738.0	24.0
1739.0	24.0
1740.0	18.0
1741.0	16.0
1742.0	15.0
1743.0	24.0
1744.0	26.0
1745.0	16.0
1746.0	12.0
1747.0	23.0
1748.0	17.0
1749.0	16.0
1750.0	12.0
1751.0	10.0
1752.0	20.0
1753.0	17.0
1754.0	21.0
1755.0	24.0
1756.0	21.0
1757.0	19.0
1758.0	22.0
1759.0	20.0
1760.0	28.0
1761.0	18.0
1762.0	21.0
1763.0	21.0
1764.0	23.0
1765.0	32.0
1766.0	24.0
1767.0	30.0
1768.0	21.0
1769.0	16.0
1770.0	20.0
1771.0	24.0
1772.0	27.0
1773.0	30.0
1774.0	20.0
1775.0	16.0
1776.0	20.0
1777.0	27.0
1778.0	23.0
1779.0	30.0
1780.0	21.0
1781.0	27.0
1782.0	20.0
1783.0	32.0
1784.0	24.0
1785.0	23.0
1786.0	25.0
1787.0	21.0
1788.0	21.0
1789.0	19.0
1790.0	21.0
1791.0	18.0
1792.0	28.0
1793.0	22.0
1794.0	25.0
1795.0	13.0
1796.0	26.0
1797.0	14.0
1798.0	27.0
1799.0	20.0
1800.0	20.0
1801.0	24.0
1802.0	17.0
1803.0	22.0
1804.0	26.0
1805.0	17.0
1806.0	20.0
1807.0	17.0
1808.0	30.0
1809.0	27.0
1810.0	13.0
1811.0	18.0
1812.0	20.0
1813.0	21.0
1814.0	21.0
1815.0	20.0
1816.0	17.0
1817.0	18.0
1818.0	24.0
1819.0	21.0
1820.0	15.0
1821.0	19.0
1822.0	21.0
1823.0	23.0
1824.0	21.0
1825.0	16.0
1826.0	25.0
1827.0	20.0
1828.0	25.0
1829.0	29.0
1830.0	22.0
1831.0	25.0
1832.0	22.0
1833.0	24.0
1834.0	20.0
1835.0	25.0
1836.0	25.0
1837.0	24.0
1838.0	20.0
1839.0	19.0
1840.0	32.0
1841.0	22.0
1842.0	26.0
1843.0	25.0
1844.0	24.0
1845.0	19.0
1846.0	34.0
1847.0	15.0
1848.0	32.0
1849.0	22.0
1850.0	20.0
1851.0	20.0
1852.0	20.0
1853.0	17.0
1854.0	23.0
1855.0	22.0
1856.0	23.0
1857.0	29.0
1858.0	25.0
1859.0	17.0
1860.0	22.0
1861.0	21.0
1862.0	12.0
1863.0	23.0
1864.0	19.0
1865.0	15.0
1866.0	13.0
1867.0	21.0
1868.0	19.0
1869.0	15.0
1870.0	24.0
1871.0	15.0
1872.0	22.0
1873.0	21.0
1874.0	22.0
1875.0	27.0
1876.0	22.0
1877.0	15.0
1878.0	22.0
1879.0	26.0
1880.0	6.0
1881.0	22.0
1882.0	29.0
1883.0	16.0
1884.0	17.0
1885.0	20.0
1886.0	14.0
1887.0	26.0
1888.0	21.0
1889.0	23.0
1890.0	24.0
1891.0	23.0
1892.0	24.0
1893.0	25.0
1894.0	18.0
1895.0	15.0
1896.0	20.0
1897.0	16.0
1898.0	21.0
1899.0	22.0
1900.0	15.0
1901.0	18.0
1902.0	10.0
1903.0	25.0
1904.0	21.0
1905.0	20.0
1906.0	15.0
1907.0	22.0
1908.0	17.0
1909.0	18.0
1910.0	22.0
1911.0	12.0
1912.0	13.0
1913.0	17.0
1914.0	25.0
1915.0	15.0
1916.0	20.0
1917.0	18.0
1918.0	24.0
1919.0	12.0
1920.0	18.0
1921.0	20.0
1922.0	22.0
1923.0	18.0
1924.0	13.0
1925.0	7.0
1926.0	18.0
1927.0	13.0
1928.0	19.0
1929.0	18.0
1930.0	18.0
1931.0	14.0
1932.0	17.0
1933.0	19.0
1934.0	16.0
1935.0	19.0
1936.0	17.0
1937.0	5.0
1938.0	16.0
1939.0	14.0
1940.0	20.0
1941.0	12.0
1942.0	9.0
1943.0	22.0
1944.0	14.0
1945.0	20.0
1946.0	15.0
1947.0	17.0
1948.0	15.0
1949.0	23.0
1950.0	22.0
1951.0	18.0
1952.0	13.0
1953.0	14.0
1954.0	20.0
1955.0	24.0
1956.0	19.0
1957.0	17.0
1958.0	16.0
1959.0	13.0
1960.0	27.0
1961.0	20.0
1962.0	27.0
1963.0	25.0
1964.0	19.0
1965.0	21.0
1966.0	22.0
1967.0	29.0
1968.0	21.0
1969.0	26.0
1970.0	41.0
1971.0	26.0
1972.0	15.0
1973.0	13.0
1974.0	27.0
1975.0	18.0
1976.0	17.0
1977.0	23.0
1978.0	23.0
1979.0	18.0
1980.0	17.0
1981.0	16.0
1982.0	18.0
1983.0	13.0
1984.0	19.0
1985.0	25.0
1986.0	24.0
1987.0	21.0
1988.0	20.0
1989.0	14.0
1990.0	16.0
1991.0	27.0
1992.0	25.0
1993.0	9.0
1994.0	16.0
1995.0	16.0
1996.0	15.0
1997.0	26.0
1998.0	14.0
1999.0	21.0
2000.0	16.0
2001.0	26.0
2002.0	19.0
2003.0	15.0
2004.0	18.0
2005.0	19.0
2006.0	18.0
2007.0	13.0
2008.0	9.0
2009.0	20.0
2010.0	19.0
2011.0	18.0
2012.0	7.0
2013.0	22.0
2014.0	12.0
2015.0	13.0
2016.0	12.0
2017.0	15.0
2018.0	17.0
2019.0	13.0
2020.0	16.0
2021.0	10.0
2022.0	20.0
2023.0	14.0
2024.0	11.0
2025.0	22.0
2026.0	16.0
2027.0	12.0
2028.0	10.0
2029.0	17.0
2030.0	16.0
2031.0	24.0
2032.0	14.0
2033.0	15.0
2034.0	13.0
2035.0	19.0
2036.0	14.0
2037.0	8.0
2038.0	13.0
2039.0	16.0
2040.0	13.0
2041.0	12.0
2042.0	16.0
2043.0	13.0
2044.0	14.0
2045.0	11.0
2046.0	16.0
2047.0	15.0
2048.0	12.0
2049.0	15.0
2050.0	11.0
2051.0	11.0
2052.0	18.0
2053.0	11.0
2054.0	14.0
2055.0	4.0
2056.0	13.0
2057.0	11.0
2058.0	11.0
2059.0	10.0
2060.0	19.0
2061.0	16.0
2062.0	13.0
2063.0	19.0
2064.0	18.0
2065.0	24.0
2066.0	12.0
2067.0	14.0
2068.0	14.0
2069.0	18.0
2070.0	17.0
2071.0	18.0
2072.0	9.0
2073.0	18.0
2074.0	12.0
2075.0	11.0
2076.0	17.0
2077.0	14.0
2078.0	7.0
2079.0	21.0
2080.0	10.0
2081.0	16.0
2082.0	11.0
2083.0	14.0
2084.0	10.0
2085.0	7.0
2086.0	10.0
2087.0	12.0
2088.0	8.0
2089.0	7.0
2090.0	14.0
2091.0	8.0
2092.0	10.0
2093.0	15.0
2094.0	18.0
2095.0	16.0
2096.0	17.0
2097.0	16.0
2098.0	10.0
2099.0	10.0
2100.0	10.0
2101.0	16.0
2102.0	5.0
2103.0	13.0
2104.0	14.0
2105.0	10.0
2106.0	17.0
2107.0	5.0
2108.0	10.0
2109.0	12.0
2110.0	13.0
2111.0	10.0
2112.0	7.0
2113.0	5.0
2114.0	7.0
2115.0	13.0
2116.0	15.0
2117.0	14.0
2118.0	10.0
2119.0	13.0
2120.0	8.0
2121.0	12.0
2122.0	12.0
2123.0	7.0
2124.0	8.0
2125.0	8.0
2126.0	7.0
2127.0	8.0
2128.0	10.0
2129.0	10.0
2130.0	15.0
2131.0	12.0
2132.0	10.0
2133.0	5.0
2134.0	11.0
2135.0	6.0
2136.0	9.0
2137.0	13.0
2138.0	8.0
2139.0	9.0
2140.0	6.0
2141.0	5.0
2142.0	11.0
2143.0	11.0
2144.0	8.0
2145.0	8.0
2146.0	6.0
2147.0	7.0
2148.0	8.0
2149.0	9.0
2150.0	9.0
2151.0	6.0
2152.0	10.0
2153.0	8.0
2154.0	5.0
2155.0	5.0
2156.0	8.0
2157.0	6.0
2158.0	9.0
2159.0	5.0
2160.0	8.0
2161.0	8.0
2162.0	5.0
2163.0	8.0
2164.0	16.0
2165.0	7.0
2166.0	2.0
2167.0	15.0
2168.0	6.0
2169.0	6.0
2170.0	6.0
2171.0	10.0
2172.0	7.0
2173.0	10.0
2174.0	6.0
2175.0	6.0
2176.0	7.0
2177.0	6.0
2178.0	8.0
2179.0	10.0
2180.0	6.0
2181.0	13.0
2182.0	7.0
2183.0	14.0
2184.0	7.0
2185.0	14.0
2186.0	11.0
2187.0	11.0
2188.0	9.0
2189.0	9.0
2190.0	11.0
2191.0	12.0
2192.0	12.0
2193.0	10.0
2194.0	12.0
2195.0	11.0
2196.0	10.0
2197.0	11.0
2198.0	8.0
2199.0	5.0
2200.0	11.0
2201.0	12.0
2202.0	9.0
2203.0	7.0
2204.0	9.0
2205.0	16.0
2206.0	10.0
2207.0	5.0
2208.0	11.0
2209.0	4.0
2210.0	10.0
2211.0	9.0
2212.0	9.0
2213.0	5.0
2214.0	5.0
2215.0	13.0
2216.0	9.0
2217.0	9.0
2218.0	10.0
2219.0	11.0
2220.0	7.0
2221.0	10.0
2222.0	8.0
2223.0	9.0
2224.0	20.0
2225.0	7.0
2226.0	10.0
2227.0	9.0
2228.0	9.0
2229.0	7.0
2230.0	9.0
2231.0	13.0
2232.0	8.0
2233.0	9.0
2234.0	12.0
2235.0	13.0
2236.0	20.0
2237.0	9.0
2238.0	8.0
2239.0	6.0
2240.0	10.0
2241.0	13.0
2242.0	7.0
2243.0	7.0
2244.0	7.0
2245.0	12.0
2246.0	12.0
2247.0	12.0
2248.0	10.0
2249.0	8.0
2250.0	8.0
2251.0	10.0
2252.0	10.0
2253.0	10.0
2254.0	14.0
2255.0	8.0
2256.0	8.0
2257.0	5.0
2258.0	9.0
2259.0	6.0
2260.0	10.0
2261.0	1.0
2262.0	10.0
2263.0	8.0
2264.0	10.0
2265.0	11.0
2266.0	8.0
2267.0	12.0
2268.0	4.0
2269.0	10.0
2270.0	6.0
2271.0	10.0
2272.0	13.0
2273.0	7.0
2274.0	17.0
2275.0	11.0
2276.0	5.0
2277.0	7.0
2278.0	15.0
2279.0	13.0
2280.0	9.0
2281.0	1.0
2282.0	13.0
2283.0	8.0
2284.0	8.0
2285.0	11.0
2286.0	8.0
2287.0	7.0
2288.0	9.0
2289.0	9.0
2290.0	7.0
2291.0	7.0
2292.0	7.0
2293.0	6.0
2294.0	10.0
2295.0	9.0
2296.0	10.0
2297.0	5.0
2298.0	11.0
2299.0	8.0
2300.0	11.0
2301.0	8.0
2302.0	9.0
2303.0	9.0
2304.0	6.0
2305.0	7.0
2306.0	8.0
2307.0	8.0
2308.0	11.0
2309.0	10.0
2310.0	6.0
2311.0	5.0
2312.0	12.0
2313.0	8.0
2314.0	8.0
2315.0	15.0
2316.0	7.0
2317.0	10.0
2318.0	8.0
2319.0	6.0
2320.0	11.0
2321.0	6.0
2322.0	8.0
2323.0	11.0
2324.0	8.0
2325.0	4.0
2326.0	10.0
2327.0	10.0
2328.0	11.0
2329.0	10.0
2330.0	13.0
2331.0	19.0
2332.0	11.0
2333.0	10.0
2334.0	12.0
2335.0	12.0
2336.0	16.0
2337.0	5.0
2338.0	6.0
2339.0	15.0
2340.0	15.0
2341.0	14.0
2342.0	14.0
2343.0	12.0
2344.0	8.0
2345.0	11.0
2346.0	15.0
2347.0	17.0
2348.0	12.0
2349.0	16.0
2350.0	11.0
2351.0	11.0
2352.0	9.0
2353.0	16.0
2354.0	12.0
2355.0	10.0
2356.0	5.0
2357.0	17.0
2358.0	10.0
2359.0	8.0
2360.0	11.0
2361.0	11.0
2362.0	10.0
2363.0	16.0
2364.0	7.0
2365.0	12.0
2366.0	16.0
2367.0	16.0
2368.0	17.0
2369.0	16.0
2370.0	15.0
2371.0	16.0
2372.0	15.0
2373.0	8.0
2374.0	11.0
2375.0	16.0
2376.0	13.0
2377.0	13.0
2378.0	11.0
2379.0	9.0
2380.0	14.0
2381.0	10.0
2382.0	17.0
2383.0	9.0
2384.0	14.0
2385.0	14.0
2386.0	15.0
2387.0	12.0
2388.0	6.0
2389.0	7.0
2390.0	3.0
2391.0	16.0
2392.0	8.0
2393.0	8.0
2394.0	14.0
2395.0	14.0
2396.0	18.0
2397.0	17.0
2398.0	12.0
2399.0	9.0
2400.0	9.0
2401.0	15.0
2402.0	12.0
2403.0	8.0
2404.0	10.0
2405.0	13.0
2406.0	14.0
2407.0	12.0
2408.0	9.0
2409.0	17.0
2410.0	5.0
2411.0	13.0
2412.0	9.0
2413.0	8.0
2414.0	13.0
2415.0	12.0
2416.0	11.0
2417.0	11.0
2418.0	16.0
2419.0	12.0
2420.0	11.0
2421.0	13.0
2422.0	14.0
2423.0	6.0
2424.0	9.0
2425.0	14.0
2426.0	11.0
2427.0	13.0
2428.0	14.0
2429.0	12.0
2430.0	16.0
2431.0	16.0
2432.0	11.0
2433.0	9.0
2434.0	11.0
2435.0	9.0
2436.0	23.0
2437.0	11.0
2438.0	9.0
2439.0	6.0
2440.0	15.0
2441.0	15.0
2442.0	12.0
2443.0	14.0
2444.0	14.0
2445.0	7.0
2446.0	10.0
2447.0	13.0
2448.0	10.0
2449.0	20.0
2450.0	8.0
2451.0	12.0
2452.0	10.0
2453.0	8.0
2454.0	7.0
2455.0	6.0
2456.0	9.0
2457.0	7.0
2458.0	8.0
2459.0	10.0
2460.0	10.0
2461.0	10.0
2462.0	16.0
2463.0	11.0
2464.0	10.0
2465.0	8.0
2466.0	11.0
2467.0	9.0
2468.0	13.0
2469.0	9.0
2470.0	6.0
2471.0	16.0
2472.0	17.0
2473.0	7.0
2474.0	11.0
2475.0	13.0
2476.0	3.0
2477.0	9.0
2478.0	10.0
2479.0	9.0
2480.0	14.0
2481.0	14.0
2482.0	8.0
2483.0	13.0
2484.0	6.0
2485.0	9.0
2486.0	12.0
2487.0	5.0
2488.0	7.0
2489.0	6.0
2490.0	9.0
2491.0	4.0
2492.0	10.0
2493.0	9.0
2494.0	8.0
2495.0	11.0
2496.0	11.0
2497.0	13.0
2498.0	10.0
2499.0	5.0
2500.0	5.0
2501.0	19.0
2502.0	7.0
2503.0	10.0
2504.0	11.0
2505.0	16.0
2506.0	12.0
2507.0	10.0
2508.0	7.0
2509.0	11.0
2510.0	13.0
2511.0	10.0
2512.0	13.0
2513.0	4.0
2514.0	7.0
2515.0	8.0
2516.0	17.0
2517.0	10.0
2518.0	10.0
2519.0	11.0
2520.0	16.0
2521.0	10.0
2522.0	16.0
2523.0	9.0
2524.0	13.0
2525.0	11.0
2526.0	11.0
2527.0	12.0
2528.0	6.0
2529.0	17.0
2530.0	13.0
2531.0	13.0
2532.0	17.0
2533.0	13.0
2534.0	13.0
2535.0	9.0
2536.0	9.0
2537.0	16.0
2538.0	8.0
2539.0	10.0
2540.0	18.0
2541.0	9.0
2542.0	9.0
2543.0	10.0
2544.0	10.0
2545.0	12.0
2546.0	9.0
2547.0	7.0
2548.0	14.0
2549.0	11.0
2550.0	11.0
2551.0	15.0
2552.0	10.0
2553.0	9.0
2554.0	5.0
2555.0	11.0
2556.0	14.0
2557.0	19.0
2558.0	14.0
2559.0	5.0
2560.0	17.0
2561.0	7.0
2562.0	14.0
2563.0	17.0
2564.0	9.0
2565.0	15.0
2566.0	16.0
2567.0	20.0
2568.0	12.0
2569.0	9.0
2570.0	13.0
2571.0	10.0
2572.0	14.0
2573.0	8.0
2574.0	10.0
2575.0	12.0
2576.0	10.0
2577.0	7.0
2578.0	15.0
2579.0	10.0
2580.0	14.0
2581.0	7.0
2582.0	18.0
2583.0	26.0
2584.0	14.0
2585.0	12.0
2586.0	7.0
2587.0	22.0
2588.0	8.0
2589.0	16.0
2590.0	11.0
2591.0	15.0
2592.0	18.0
2593.0	12.0
2594.0	11.0
2595.0	18.0
2596.0	19.0
2597.0	8.0
2598.0	15.0
2599.0	16.0
2600.0	9.0
2601.0	8.0
2602.0	18.0
2603.0	19.0
2604.0	18.0
2605.0	11.0
2606.0	14.0
2607.0	16.0
2608.0	15.0
2609.0	17.0
2610.0	17.0
2611.0	17.0
2612.0	14.0
2613.0	15.0
2614.0	18.0
2615.0	19.0
2616.0	12.0
2617.0	14.0
2618.0	17.0
2619.0	15.0
2620.0	19.0
2621.0	11.0
2622.0	16.0
2623.0	15.0
2624.0	13.0
2625.0	20.0
2626.0	14.0
2627.0	20.0
2628.0	6.0
2629.0	22.0
2630.0	12.0
2631.0	5.0
2632.0	17.0
2633.0	12.0
2634.0	12.0
2635.0	8.0
2636.0	15.0
2637.0	10.0
2638.0	12.0
2639.0	10.0
2640.0	8.0
2641.0	12.0
2642.0	8.0
2643.0	6.0
2644.0	13.0
2645.0	12.0
2646.0	9.0
2647.0	5.0
2648.0	10.0
2649.0	13.0
2650.0	12.0
2651.0	12.0
2652.0	12.0
2653.0	15.0
2654.0	12.0
2655.0	11.0
2656.0	5.0
2657.0	8.0
2658.0	12.0
2659.0	12.0
2660.0	9.0
2661.0	10.0
2662.0	11.0
2663.0	14.0
2664.0	8.0
2665.0	10.0
2666.0	11.0
2667.0	8.0
2668.0	13.0
2669.0	9.0
2670.0	13.0
2671.0	15.0
2672.0	8.0
2673.0	10.0
2674.0	9.0
2675.0	8.0
2676.0	13.0
2677.0	9.0
2678.0	13.0
2679.0	10.0
2680.0	10.0
2681.0	13.0
2682.0	9.0
2683.0	12.0
2684.0	9.0
2685.0	11.0
2686.0	7.0
2687.0	15.0
2688.0	10.0
2689.0	11.0
2690.0	13.0
2691.0	4.0
2692.0	7.0
2693.0	8.0
2694.0	16.0
2695.0	15.0
2696.0	9.0
2697.0	6.0
2698.0	4.0
2699.0	5.0
2700.0	13.0
2701.0	10.0
2702.0	11.0
2703.0	5.0
2704.0	5.0
2705.0	8.0
2706.0	14.0
2707.0	6.0
2708.0	8.0
2709.0	9.0
2710.0	7.0
2711.0	15.0
2712.0	11.0
2713.0	10.0
2714.0	6.0
2715.0	8.0
2716.0	5.0
2717.0	12.0
2718.0	11.0
2719.0	8.0
2720.0	3.0
2721.0	5.0
2722.0	14.0
2723.0	6.0
2724.0	13.0
2725.0	8.0
2726.0	8.0
2727.0	9.0
2728.0	15.0
2729.0	10.0
2730.0	10.0
2731.0	6.0
2732.0	2.0
2733.0	7.0
2734.0	10.0
2735.0	5.0
2736.0	5.0
2737.0	8.0
2738.0	8.0
2739.0	10.0
2740.0	1.0
2741.0	7.0
2742.0	11.0
2743.0	9.0
2744.0	12.0
2745.0	15.0
2746.0	7.0
2747.0	6.0
2748.0	6.0
2749.0	10.0
2750.0	8.0
2751.0	9.0
2752.0	11.0
2753.0	8.0
2754.0	6.0
2755.0	9.0
2756.0	13.0
2757.0	6.0
2758.0	8.0
2759.0	10.0
2760.0	6.0
2761.0	9.0
2762.0	14.0
2763.0	13.0
2764.0	6.0
2765.0	12.0
2766.0	9.0
2767.0	10.0
2768.0	7.0
2769.0	9.0
2770.0	13.0
2771.0	9.0
2772.0	11.0
2773.0	10.0
2774.0	7.0
2775.0	2.0
2776.0	14.0
2777.0	12.0
2778.0	11.0
2779.0	6.0
2780.0	11.0
2781.0	11.0
2782.0	6.0
2783.0	7.0
2784.0	10.0
2785.0	8.0
2786.0	1.0
2787.0	10.0
2788.0	12.0
2789.0	4.0
2790.0	11.0
2791.0	7.0
2792.0	7.0
2793.0	5.0
2794.0	12.0
2795.0	9.0
2796.0	14.0
2797.0	5.0
2798.0	9.0
2799.0	11.0
2800.0	9.0
2801.0	13.0
2802.0	11.0
2803.0	4.0
2804.0	6.0
2805.0	13.0
2806.0	12.0
2807.0	17.0
2808.0	18.0
2809.0	9.0
2810.0	11.0
2811.0	12.0
2812.0	18.0
2813.0	9.0
2814.0	15.0
2815.0	10.0
2816.0	6.0
2817.0	6.0
2818.0	7.0
2819.0	12.0
2820.0	11.0
2821.0	8.0
2822.0	6.0
2823.0	10.0
2824.0	12.0
2825.0	5.0
2826.0	8.0
2827.0	6.0
2828.0	12.0
2829.0	7.0
2830.0	5.0
2831.0	16.0
2832.0	10.0
2833.0	6.0
2834.0	5.0
2835.0	6.0
2836.0	10.0
2837.0	10.0
2838.0	8.0
2839.0	10.0
2840.0	9.0
2841.0	12.0
2842.0	6.0
2843.0	13.0
2844.0	10.0
2845.0	11.0
2846.0	6.0
2847.0	10.0
2848.0	11.0
2849.0	5.0
2850.0	3.0
2851.0	6.0
2852.0	10.0
2853.0	6.0
2854.0	7.0
2855.0	5.0
2856.0	9.0
2857.0	8.0
2858.0	5.0
2859.0	9.0
2860.0	4.0
2861.0	17.0
2862.0	11.0
2863.0	8.0
2864.0	5.0
2865.0	8.0
2866.0	8.0
2867.0	8.0
2868.0	6.0
2869.0	9.0
2870.0	5.0
2871.0	10.0
2872.0	5.0
2873.0	9.0
2874.0	6.0
2875.0	10.0
2876.0	8.0
2877.0	12.0
2878.0	9.0
2879.0	4.0
2880.0	7.0
2881.0	8.0
2882.0	10.0
2883.0	6.0
2884.0	5.0
2885.0	4.0
2886.0	5.0
2887.0	4.0
2888.0	3.0
2889.0	10.0
2890.0	6.0
2891.0	7.0
2892.0	13.0
2893.0	7.0
2894.0	7.0
2895.0	9.0
2896.0	8.0
2897.0	7.0
2898.0	6.0
2899.0	5.0
2900.0	6.0
2901.0	5.0
2902.0	11.0
2903.0	6.0
2904.0	4.0
2905.0	9.0
2906.0	9.0
2907.0	4.0
2908.0	5.0
2909.0	5.0
2910.0	7.0
2911.0	9.0
2912.0	5.0
2913.0	14.0
2914.0	7.0
2915.0	3.0
2916.0	5.0
2917.0	6.0
2918.0	3.0
2919.0	4.0
2920.0	5.0
2921.0	7.0
2922.0	1.0
2923.0	5.0
2924.0	10.0
2925.0	5.0
2926.0	11.0
2927.0	6.0
2928.0	11.0
2929.0	4.0
2930.0	6.0
2931.0	5.0
2932.0	7.0
2933.0	5.0
2934.0	3.0
2935.0	3.0
2936.0	2.0
2937.0	7.0
2938.0	3.0
2939.0	2.0
2940.0	2.0
2941.0	6.0
2942.0	2.0
2943.0	8.0
2944.0	4.0
2945.0	10.0
2946.0	4.0
2948.0	1.0
2949.0	4.0
2950.0	3.0
2951.0	8.0
2952.0	4.0
2953.0	11.0
2954.0	6.0
2955.0	7.0
2956.0	5.0
2957.0	4.0
2958.0	7.0
2959.0	7.0
2960.0	2.0
2961.0	6.0
2962.0	8.0
2963.0	6.0
2964.0	5.0
2965.0	8.0
2966.0	7.0
2967.0	5.0
2968.0	4.0
2969.0	5.0
2970.0	9.0
2971.0	8.0
2972.0	7.0
2973.0	2.0
2974.0	5.0
2975.0	8.0
2976.0	2.0
2977.0	8.0
2978.0	6.0
2979.0	9.0
2980.0	8.0
2981.0	3.0
2982.0	12.0
2983.0	8.0
2984.0	11.0
2985.0	11.0
2986.0	5.0
2987.0	4.0
2988.0	7.0
2989.0	4.0
2990.0	6.0
2991.0	14.0
2992.0	9.0
2993.0	6.0
2994.0	5.0
2995.0	5.0
2996.0	4.0
2997.0	9.0
2998.0	7.0
2999.0	7.0
3000.0	7.0
3001.0	8.0
3002.0	12.0
3003.0	2.0
3004.0	8.0
3005.0	6.0
3006.0	7.0
3007.0	3.0
3008.0	6.0
3009.0	12.0
3010.0	10.0
3011.0	5.0
3012.0	9.0
3013.0	9.0
3014.0	3.0
3015.0	13.0
3016.0	4.0
3017.0	12.0
3018.0	4.0
3019.0	11.0
3020.0	6.0
3021.0	7.0
3022.0	7.0
3023.0	7.0
3024.0	6.0
3025.0	9.0
3026.0	3.0
3027.0	2.0
3028.0	8.0
3029.0	5.0
3030.0	5.0
3031.0	4.0
3032.0	1.0
3033.0	5.0
3034.0	7.0
3035.0	8.0
3036.0	6.0
3037.0	8.0
3038.0	3.0
3039.0	5.0
3040.0	4.0
3041.0	8.0
3042.0	6.0
3043.0	11.0
3044.0	10.0
3045.0	6.0
3046.0	12.0
3047.0	10.0
3048.0	13.0
3049.0	14.0
3050.0	9.0
3051.0	10.0
3052.0	10.0
3053.0	11.0
3054.0	9.0
3055.0	4.0
3056.0	9.0
3057.0	6.0
3058.0	4.0
3059.0	11.0
3060.0	4.0
3061.0	7.0
3062.0	11.0
3063.0	9.0
3064.0	6.0
3065.0	12.0
3066.0	6.0
3067.0	12.0
3068.0	2.0
3069.0	2.0
3070.0	10.0
3071.0	7.0
3072.0	11.0
3073.0	4.0
3074.0	12.0
3075.0	9.0
3076.0	9.0
3077.0	11.0
3078.0	11.0
3079.0	5.0
3080.0	12.0
3081.0	10.0
3082.0	6.0
3083.0	9.0
3084.0	7.0
3085.0	5.0
3086.0	6.0
3087.0	9.0
3088.0	8.0
3089.0	4.0
3090.0	7.0
3091.0	9.0
3092.0	5.0
3093.0	4.0
3094.0	7.0
3095.0	9.0
3096.0	8.0
3097.0	5.0
3098.0	4.0
3099.0	5.0
3100.0	4.0
3101.0	3.0
3102.0	7.0
3103.0	7.0
3104.0	8.0
3105.0	2.0
3106.0	5.0
3107.0	5.0
3108.0	3.0
3109.0	5.0
3110.0	6.0
3111.0	5.0
3112.0	5.0
3113.0	4.0
3114.0	7.0
3115.0	4.0
3116.0	8.0
3117.0	4.0
3118.0	6.0
3119.0	7.0
3120.0	7.0
3121.0	5.0
3122.0	6.0
3123.0	4.0
3124.0	5.0
3125.0	3.0
3126.0	5.0
3127.0	7.0
3128.0	3.0
3129.0	4.0
3130.0	5.0
3131.0	9.0
3132.0	5.0
3133.0	5.0
3134.0	7.0
3135.0	4.0
3136.0	5.0
3137.0	6.0
3138.0	6.0
3139.0	9.0
3140.0	10.0
3141.0	3.0
3142.0	9.0
3143.0	7.0
3144.0	7.0
3145.0	5.0
3146.0	6.0
3147.0	8.0
3148.0	5.0
3149.0	11.0
3150.0	3.0
3151.0	5.0
3152.0	6.0
3153.0	3.0
3154.0	2.0
3155.0	4.0
3156.0	4.0
3157.0	9.0
3158.0	7.0
3159.0	2.0
3160.0	5.0
3161.0	6.0
3162.0	6.0
3163.0	7.0
3164.0	3.0
3165.0	4.0
3166.0	8.0
3167.0	4.0
3168.0	2.0
3169.0	5.0
3170.0	3.0
3171.0	5.0
3172.0	1.0
3173.0	2.0
3174.0	8.0
3175.0	4.0
3176.0	7.0
3177.0	1.0
3178.0	2.0
3179.0	2.0
3180.0	6.0
3181.0	6.0
3182.0	3.0
3183.0	4.0
3184.0	3.0
3185.0	3.0
3186.0	6.0
3187.0	5.0
3188.0	4.0
3189.0	3.0
3190.0	5.0
3191.0	5.0
3192.0	5.0
3193.0	1.0
3194.0	3.0
3195.0	4.0
3196.0	2.0
3197.0	9.0
3198.0	2.0
3199.0	6.0
3200.0	1.0
3201.0	4.0
3202.0	6.0
3203.0	7.0
3204.0	11.0
3205.0	7.0
3206.0	7.0
3207.0	5.0
3208.0	4.0
3209.0	6.0
3210.0	7.0
3211.0	8.0
3212.0	4.0
3213.0	5.0
3214.0	6.0
3215.0	6.0
3216.0	5.0
3217.0	7.0
3218.0	2.0
3219.0	3.0
3220.0	7.0
3221.0	4.0
3222.0	1.0
3223.0	4.0
3224.0	9.0
3225.0	5.0
3226.0	4.0
3227.0	3.0
3228.0	3.0
3229.0	5.0
3230.0	4.0
3231.0	5.0
3233.0	2.0
3234.0	3.0
3235.0	4.0
3236.0	6.0
3237.0	2.0
3238.0	1.0
3239.0	2.0
3240.0	2.0
3241.0	2.0
3242.0	2.0
3243.0	5.0
3244.0	2.0
3245.0	2.0
3246.0	3.0
3247.0	1.0
3248.0	1.0
3249.0	5.0
3250.0	5.0
3251.0	1.0
3252.0	4.0
3253.0	2.0
3254.0	4.0
3255.0	3.0
3256.0	8.0
3257.0	2.0
3258.0	4.0
3259.0	5.0
3260.0	5.0
3261.0	2.0
3263.0	3.0
3264.0	2.0
3265.0	3.0
3266.0	3.0
3267.0	2.0
3268.0	3.0
3269.0	3.0
3270.0	1.0
3271.0	5.0
3272.0	2.0
3273.0	3.0
3274.0	4.0
3276.0	4.0
3277.0	3.0
3278.0	1.0
3279.0	3.0
3280.0	4.0
3281.0	1.0
3282.0	4.0
3283.0	2.0
3284.0	4.0
3285.0	2.0
3286.0	4.0
3287.0	1.0
3288.0	1.0
3289.0	3.0
3290.0	1.0
3291.0	2.0
3292.0	1.0
3293.0	2.0
3294.0	1.0
3295.0	3.0
3296.0	4.0
3297.0	2.0
3298.0	1.0
3299.0	2.0
3301.0	3.0
3302.0	3.0
3303.0	3.0
3304.0	1.0
3305.0	2.0
3306.0	3.0
3307.0	1.0
3308.0	1.0
3309.0	2.0
3310.0	6.0
3311.0	1.0
3312.0	2.0
3313.0	4.0
3314.0	3.0
3315.0	1.0
3316.0	5.0
3317.0	3.0
3318.0	6.0
3319.0	5.0
3321.0	3.0
3322.0	3.0
3323.0	4.0
3324.0	1.0
3325.0	2.0
3326.0	4.0
3327.0	4.0
3328.0	2.0
3329.0	1.0
3331.0	2.0
3332.0	2.0
3333.0	2.0
3334.0	3.0
3335.0	3.0
3336.0	5.0
3337.0	3.0
3338.0	1.0
3339.0	1.0
3340.0	2.0
3341.0	1.0
3342.0	2.0
3343.0	3.0
3344.0	1.0
3346.0	3.0
3347.0	3.0
3348.0	5.0
3349.0	3.0
3350.0	3.0
3351.0	2.0
3352.0	2.0
3353.0	1.0
3354.0	5.0
3355.0	1.0
3356.0	2.0
3357.0	2.0
3358.0	1.0
3359.0	1.0
3360.0	1.0
3361.0	5.0
3362.0	3.0
3363.0	2.0
3364.0	1.0
3365.0	6.0
3366.0	4.0
3367.0	4.0
3368.0	4.0
3369.0	1.0
3370.0	2.0
3371.0	3.0
3372.0	2.0
3373.0	1.0
3374.0	1.0
3376.0	2.0
3377.0	5.0
3379.0	8.0
3380.0	2.0
3381.0	6.0
3382.0	3.0
3383.0	4.0
3384.0	2.0
3385.0	3.0
3386.0	9.0
3387.0	2.0
3388.0	3.0
3389.0	5.0
3390.0	5.0
3391.0	2.0
3392.0	4.0
3393.0	3.0
3394.0	3.0
3395.0	3.0
3396.0	3.0
3397.0	4.0
3398.0	2.0
3399.0	5.0
3400.0	5.0
3401.0	4.0
3402.0	5.0
3403.0	5.0
3404.0	1.0
3405.0	2.0
3406.0	3.0
3407.0	7.0
3408.0	4.0
3409.0	3.0
3410.0	1.0
3411.0	1.0
3412.0	4.0
3413.0	1.0
3414.0	4.0
3415.0	6.0
3416.0	1.0
3418.0	2.0
3419.0	3.0
3420.0	3.0
3421.0	5.0
3422.0	4.0
3423.0	3.0
3424.0	3.0
3425.0	3.0
3426.0	3.0
3427.0	1.0
3428.0	1.0
3429.0	6.0
3430.0	3.0
3431.0	3.0
3432.0	1.0
3433.0	2.0
3434.0	2.0
3435.0	1.0
3436.0	1.0
3437.0	2.0
3438.0	3.0
3439.0	3.0
3440.0	1.0
3442.0	2.0
3443.0	6.0
3444.0	3.0
3445.0	1.0
3446.0	5.0
3447.0	2.0
3448.0	6.0
3449.0	8.0
3450.0	5.0
3451.0	4.0
3452.0	4.0
3453.0	5.0
3455.0	2.0
3456.0	2.0
3457.0	2.0
3458.0	2.0
3459.0	3.0
3460.0	2.0
3461.0	1.0
3462.0	3.0
3463.0	4.0
3464.0	3.0
3465.0	6.0
3467.0	5.0
3468.0	5.0
3469.0	3.0
3470.0	2.0
3471.0	1.0
3472.0	3.0
3473.0	3.0
3474.0	4.0
3475.0	4.0
3476.0	6.0
3477.0	2.0
3478.0	4.0
3479.0	5.0
3480.0	2.0
3481.0	4.0
3482.0	5.0
3483.0	5.0
3484.0	7.0
3485.0	3.0
3486.0	3.0
3487.0	2.0
3488.0	7.0
3489.0	1.0
3490.0	3.0
3491.0	4.0
3492.0	3.0
3493.0	2.0
3494.0	1.0
3495.0	4.0
3496.0	5.0
3497.0	2.0
3498.0	4.0
3499.0	5.0
3500.0	3.0
3501.0	6.0
3502.0	3.0
3503.0	1.0
3504.0	2.0
3505.0	3.0
3506.0	1.0
3507.0	5.0
3508.0	2.0
3509.0	5.0
3510.0	1.0
3511.0	3.0
3512.0	4.0
3513.0	2.0
3514.0	1.0
3515.0	3.0
3516.0	2.0
3517.0	2.0
3518.0	3.0
3519.0	4.0
3521.0	5.0
3522.0	2.0
3523.0	2.0
3524.0	2.0
3525.0	1.0
3527.0	7.0
3528.0	2.0
3529.0	1.0
3530.0	1.0
3531.0	1.0
3532.0	4.0
3533.0	1.0
3534.0	5.0
3535.0	1.0
3536.0	3.0
3537.0	3.0
3538.0	1.0
3539.0	2.0
3540.0	3.0
3541.0	1.0
3542.0	4.0
3543.0	2.0
3544.0	3.0
3545.0	5.0
3546.0	2.0
3547.0	1.0
3548.0	1.0
3549.0	4.0
3550.0	2.0
3551.0	1.0
3552.0	5.0
3553.0	2.0
3554.0	1.0
3555.0	2.0
3556.0	3.0
3557.0	3.0
3558.0	2.0
3559.0	1.0
3560.0	2.0
3561.0	3.0
3562.0	2.0
3563.0	1.0
3564.0	3.0
3565.0	2.0
3566.0	1.0
3567.0	2.0
3568.0	1.0
3569.0	6.0
3570.0	5.0
3571.0	1.0
3572.0	3.0
3573.0	2.0
3574.0	1.0
3575.0	5.0
3577.0	1.0
3578.0	1.0
3579.0	5.0
3580.0	4.0
3581.0	1.0
3582.0	1.0
3583.0	1.0
3584.0	3.0
3585.0	2.0
3587.0	1.0
3588.0	2.0
3589.0	2.0
3590.0	2.0
3591.0	3.0
3592.0	2.0
3594.0	2.0
3595.0	3.0
3596.0	2.0
3597.0	2.0
3598.0	6.0
3599.0	3.0
3600.0	4.0
3601.0	2.0
3602.0	2.0
3603.0	3.0
3605.0	1.0
3606.0	4.0
3607.0	1.0
3608.0	6.0
3609.0	3.0
3612.0	4.0
3613.0	3.0
3615.0	3.0
3616.0	1.0
3617.0	1.0
3619.0	1.0
3621.0	5.0
3622.0	3.0
3623.0	3.0
3624.0	2.0
3626.0	4.0
3627.0	6.0
3628.0	3.0
3629.0	2.0
3630.0	2.0
3631.0	2.0
3633.0	2.0
3634.0	2.0
3635.0	2.0
3636.0	2.0
3638.0	1.0
3639.0	2.0
3640.0	2.0
3641.0	5.0
3642.0	4.0
3643.0	1.0
3644.0	5.0
3645.0	1.0
3646.0	3.0
3647.0	2.0
3648.0	2.0
3649.0	4.0
3651.0	1.0
3652.0	2.0
3653.0	1.0
3654.0	3.0
3655.0	5.0
3656.0	4.0
3657.0	5.0
3658.0	3.0
3659.0	1.0
3661.0	1.0
3662.0	3.0
3663.0	2.0
3664.0	5.0
3665.0	3.0
3666.0	1.0
3667.0	1.0
3668.0	1.0
3669.0	2.0
3670.0	3.0
3671.0	1.0
3672.0	2.0
3673.0	2.0
3674.0	5.0
3675.0	3.0
3676.0	1.0
3677.0	5.0
3678.0	6.0
3679.0	2.0
3680.0	4.0
3681.0	2.0
3682.0	3.0
3683.0	2.0
3684.0	3.0
3685.0	2.0
3687.0	5.0
3688.0	2.0
3689.0	2.0
3690.0	1.0
3691.0	2.0
3692.0	4.0
3694.0	1.0
3695.0	2.0
3697.0	3.0
3698.0	2.0
3699.0	2.0
3700.0	1.0
3701.0	2.0
3702.0	2.0
3703.0	2.0
3705.0	4.0
3707.0	1.0
3709.0	1.0
3710.0	1.0
3711.0	1.0
3712.0	1.0
3713.0	1.0
3715.0	1.0
3717.0	2.0
3718.0	1.0
3719.0	1.0
3720.0	1.0
3721.0	2.0
3723.0	3.0
3724.0	1.0
3726.0	1.0
3728.0	2.0
3729.0	2.0
3730.0	1.0
3731.0	1.0
3733.0	1.0
3735.0	3.0
3736.0	1.0
3738.0	3.0
3740.0	1.0
3741.0	3.0
3742.0	1.0
3743.0	1.0
3744.0	3.0
3746.0	1.0
3747.0	2.0
3749.0	1.0
3750.0	4.0
3751.0	2.0
3753.0	3.0
3755.0	2.0
3757.0	1.0
3758.0	1.0
3760.0	6.0
3762.0	3.0
3764.0	1.0
3765.0	3.0
3766.0	1.0
3767.0	2.0
3768.0	2.0
3769.0	1.0
3770.0	1.0
3772.0	4.0
3773.0	2.0
3774.0	2.0
3775.0	2.0
3776.0	1.0
3777.0	2.0
3778.0	1.0
3780.0	2.0
3781.0	2.0
3782.0	2.0
3783.0	1.0
3784.0	2.0
3785.0	1.0
3786.0	3.0
3787.0	1.0
3789.0	2.0
3791.0	1.0
3792.0	4.0
3793.0	3.0
3794.0	4.0
3795.0	1.0
3796.0	1.0
3797.0	1.0
3798.0	1.0
3800.0	1.0
3802.0	2.0
3803.0	1.0
3804.0	1.0
3806.0	2.0
3807.0	2.0
3809.0	2.0
3810.0	1.0
3812.0	1.0
3813.0	4.0
3814.0	2.0
3817.0	1.0
3820.0	2.0
3822.0	3.0
3823.0	4.0
3824.0	1.0
3826.0	1.0
3827.0	1.0
3828.0	1.0
3829.0	3.0
3830.0	1.0
3833.0	3.0
3834.0	3.0
3836.0	2.0
3838.0	1.0
3840.0	2.0
3843.0	1.0
3844.0	4.0
3845.0	2.0
3847.0	4.0
3848.0	1.0
3849.0	2.0
3851.0	6.0
3852.0	1.0
3853.0	2.0
3854.0	1.0
3855.0	2.0
3856.0	2.0
3857.0	2.0
3858.0	1.0
3859.0	2.0
3860.0	1.0
3861.0	2.0
3862.0	2.0
3864.0	6.0
3865.0	1.0
3866.0	3.0
3867.0	1.0
3868.0	2.0
3869.0	1.0
3870.0	3.0
3871.0	1.0
3872.0	3.0
3873.0	4.0
3875.0	4.0
3876.0	1.0
3877.0	3.0
3878.0	1.0
3879.0	6.0
3880.0	1.0
3881.0	2.0
3882.0	2.0
3883.0	3.0
3884.0	3.0
3885.0	2.0
3886.0	1.0
3887.0	2.0
3888.0	2.0
3889.0	5.0
3890.0	5.0
3891.0	7.0
3892.0	1.0
3893.0	2.0
3894.0	1.0
3895.0	3.0
3896.0	2.0
3897.0	5.0
3898.0	4.0
3899.0	6.0
3900.0	3.0
3901.0	3.0
3902.0	3.0
3903.0	1.0
3904.0	4.0
3905.0	2.0
3906.0	4.0
3908.0	2.0
3909.0	1.0
3910.0	3.0
3911.0	4.0
3912.0	3.0
3913.0	2.0
3914.0	1.0
3916.0	1.0
3918.0	2.0
3919.0	2.0
3920.0	1.0
3921.0	1.0
3922.0	1.0
3923.0	3.0
3924.0	1.0
3926.0	2.0
3927.0	1.0
3928.0	2.0
3929.0	4.0
3930.0	1.0
3931.0	1.0
3933.0	2.0
3934.0	4.0
3935.0	2.0
3936.0	3.0
3937.0	1.0
3938.0	1.0
3939.0	1.0
3940.0	3.0
3941.0	3.0
3942.0	2.0
3943.0	5.0
3944.0	1.0
3945.0	2.0
3946.0	5.0
3947.0	4.0
3948.0	5.0
3949.0	1.0
3951.0	4.0
3952.0	1.0
3953.0	4.0
3954.0	1.0
3955.0	3.0
3956.0	3.0
3957.0	4.0
3958.0	4.0
3959.0	3.0
3961.0	1.0
3963.0	5.0
3964.0	3.0
3965.0	1.0
3966.0	1.0
3968.0	4.0
3969.0	7.0
3970.0	3.0
3971.0	4.0
3972.0	1.0
3974.0	3.0
3975.0	2.0
3976.0	1.0
3977.0	3.0
3978.0	1.0
3979.0	3.0
3981.0	1.0
3982.0	2.0
3984.0	3.0
3985.0	3.0
3986.0	5.0
3987.0	3.0
3988.0	4.0
3989.0	5.0
3990.0	4.0
3991.0	1.0
3992.0	1.0
3993.0	2.0
3994.0	3.0
3995.0	5.0
3996.0	3.0
3997.0	7.0
3998.0	2.0
3999.0	4.0
4000.0	2.0
4001.0	3.0
4002.0	4.0
4003.0	2.0
4004.0	2.0
4005.0	3.0
4006.0	3.0
4007.0	3.0
4008.0	5.0
4009.0	1.0
4010.0	2.0
4011.0	5.0
4012.0	2.0
4013.0	5.0
4014.0	4.0
4015.0	1.0
4016.0	1.0
4017.0	4.0
4018.0	4.0
4019.0	2.0
4020.0	1.0
4021.0	2.0
4022.0	2.0
4023.0	3.0
4024.0	3.0
4025.0	2.0
4026.0	4.0
4027.0	4.0
4028.0	1.0
4029.0	3.0
4030.0	4.0
4031.0	2.0
4032.0	4.0
4033.0	3.0
4034.0	5.0
4035.0	4.0
4036.0	2.0
4037.0	4.0
4038.0	4.0
4039.0	4.0
4040.0	2.0
4041.0	1.0
4042.0	1.0
4044.0	1.0
4045.0	1.0
4046.0	1.0
4047.0	3.0
4048.0	2.0
4049.0	1.0
4050.0	1.0
4051.0	3.0
4052.0	3.0
4053.0	3.0
4054.0	2.0
4055.0	2.0
4058.0	1.0
4059.0	1.0
4060.0	1.0
4061.0	1.0
4062.0	1.0
4063.0	1.0
4064.0	2.0
4066.0	4.0
4067.0	4.0
4068.0	2.0
4069.0	2.0
4070.0	1.0
4072.0	4.0
4073.0	3.0
4074.0	4.0
4075.0	5.0
4076.0	6.0
4077.0	2.0
4078.0	1.0
4079.0	5.0
4080.0	5.0
4081.0	5.0
4082.0	3.0
4084.0	6.0
4085.0	4.0
4086.0	3.0
4087.0	5.0
4088.0	4.0
4089.0	2.0
4090.0	5.0
4091.0	5.0
4092.0	6.0
4093.0	3.0
4094.0	5.0
4096.0	3.0
4097.0	2.0
4098.0	2.0
4099.0	4.0
4100.0	3.0
4101.0	1.0
4102.0	8.0
4103.0	2.0
4104.0	3.0
4105.0	2.0
4106.0	3.0
4107.0	4.0
4108.0	1.0
4109.0	5.0
4110.0	6.0
4111.0	1.0
4112.0	5.0
4113.0	3.0
4114.0	5.0
4115.0	4.0
4116.0	3.0
4117.0	6.0
4118.0	7.0
4119.0	1.0
4120.0	4.0
4121.0	4.0
4122.0	5.0
4123.0	4.0
4124.0	4.0
4125.0	2.0
4126.0	5.0
4127.0	4.0
4128.0	4.0
4129.0	3.0
4130.0	3.0
4131.0	4.0
4132.0	4.0
4133.0	3.0
4135.0	2.0
4136.0	5.0
4137.0	3.0
4138.0	2.0
4140.0	4.0
4141.0	3.0
4143.0	2.0
4144.0	2.0
4145.0	4.0
4146.0	5.0
4147.0	1.0
4148.0	3.0
4149.0	3.0
4150.0	6.0
4151.0	3.0
4152.0	4.0
4153.0	2.0
4154.0	1.0
4155.0	2.0
4157.0	1.0
4158.0	1.0
4159.0	7.0
4160.0	1.0
4161.0	5.0
4162.0	3.0
4163.0	4.0
4164.0	9.0
4165.0	4.0
4166.0	1.0
4167.0	4.0
4168.0	1.0
4169.0	2.0
4170.0	3.0
4171.0	1.0
4172.0	5.0
4173.0	2.0
4174.0	1.0
4175.0	1.0
4176.0	4.0
4177.0	2.0
4178.0	3.0
4179.0	4.0
4180.0	3.0
4181.0	1.0
4183.0	3.0
4184.0	2.0
4185.0	4.0
4186.0	1.0
4187.0	2.0
4188.0	5.0
4189.0	2.0
4190.0	1.0
4191.0	3.0
4192.0	1.0
4193.0	3.0
4194.0	1.0
4195.0	4.0
4196.0	3.0
4197.0	3.0
4198.0	4.0
4199.0	3.0
4200.0	3.0
4201.0	4.0
4202.0	3.0
4203.0	5.0
4204.0	1.0
4205.0	4.0
4206.0	3.0
4207.0	4.0
4208.0	3.0
4209.0	3.0
4210.0	3.0
4211.0	4.0
4213.0	7.0
4214.0	1.0
4215.0	6.0
4216.0	2.0
4217.0	4.0
4218.0	4.0
4219.0	5.0
4220.0	2.0
4221.0	2.0
4222.0	1.0
4223.0	3.0
4224.0	4.0
4225.0	3.0
4226.0	2.0
4227.0	1.0
4228.0	2.0
4229.0	4.0
4230.0	1.0
4231.0	1.0
4232.0	2.0
4233.0	1.0
4234.0	1.0
4235.0	3.0
4236.0	1.0
4237.0	3.0
4238.0	5.0
4239.0	5.0
4240.0	3.0
4241.0	6.0
4242.0	8.0
4243.0	2.0
4244.0	4.0
4245.0	5.0
4246.0	6.0
4247.0	5.0
4248.0	3.0
4249.0	6.0
4250.0	3.0
4251.0	2.0
4252.0	2.0
4253.0	4.0
4254.0	6.0
4255.0	5.0
4257.0	6.0
4258.0	5.0
4259.0	3.0
4260.0	3.0
4261.0	5.0
4262.0	5.0
4263.0	3.0
4264.0	1.0
4265.0	7.0
4266.0	2.0
4267.0	9.0
4268.0	4.0
4269.0	2.0
4270.0	5.0
4271.0	2.0
4272.0	2.0
4273.0	1.0
4274.0	1.0
4275.0	4.0
4276.0	5.0
4277.0	6.0
4278.0	5.0
4279.0	3.0
4280.0	2.0
4281.0	4.0
4282.0	4.0
4283.0	5.0
4284.0	1.0
4285.0	2.0
4286.0	5.0
4287.0	2.0
4288.0	4.0
4289.0	2.0
4290.0	2.0
4291.0	1.0
4293.0	2.0
4295.0	5.0
4296.0	1.0
4297.0	2.0
4298.0	1.0
4299.0	5.0
4300.0	1.0
4301.0	3.0
4302.0	3.0
4303.0	2.0
4304.0	2.0
4305.0	2.0
4306.0	5.0
4307.0	2.0
4308.0	1.0
4309.0	2.0
4310.0	4.0
4311.0	8.0
4312.0	2.0
4313.0	4.0
4314.0	3.0
4315.0	5.0
4316.0	3.0
4317.0	5.0
4318.0	2.0
4319.0	3.0
4320.0	2.0
4321.0	2.0
4322.0	4.0
4323.0	1.0
4324.0	3.0
4326.0	4.0
4328.0	2.0
4329.0	3.0
4330.0	2.0
4331.0	2.0
4332.0	2.0
4333.0	4.0
4334.0	1.0
4335.0	3.0
4336.0	1.0
4337.0	3.0
4338.0	4.0
4339.0	4.0
4340.0	2.0
4342.0	2.0
4343.0	3.0
4345.0	7.0
4346.0	4.0
4347.0	1.0
4348.0	4.0
4349.0	3.0
4350.0	5.0
4351.0	3.0
4352.0	8.0
4353.0	1.0
4354.0	4.0
4355.0	2.0
4356.0	3.0
4357.0	1.0
4358.0	4.0
4359.0	3.0
4360.0	1.0
4361.0	3.0
4362.0	1.0
4364.0	2.0
4365.0	5.0
4366.0	4.0
4367.0	1.0
4368.0	2.0
4369.0	1.0
4370.0	3.0
4371.0	4.0
4372.0	5.0
4374.0	3.0
4375.0	3.0
4376.0	6.0
4377.0	3.0
4378.0	2.0
4379.0	1.0
4380.0	2.0
4382.0	2.0
4383.0	1.0
4384.0	5.0
4385.0	1.0
4386.0	5.0
4388.0	1.0
4389.0	2.0
4390.0	2.0
4391.0	2.0
4392.0	3.0
4393.0	2.0
4394.0	9.0
4395.0	3.0
4396.0	3.0
4398.0	2.0
4399.0	2.0
4400.0	4.0
4401.0	7.0
4402.0	5.0
4403.0	2.0
4404.0	6.0
4405.0	3.0
4406.0	2.0
4407.0	4.0
4408.0	3.0
4409.0	4.0
4410.0	2.0
4411.0	1.0
4412.0	2.0
4413.0	5.0
4414.0	3.0
4416.0	2.0
4417.0	3.0
4418.0	3.0
4419.0	4.0
4420.0	3.0
4421.0	5.0
4422.0	5.0
4423.0	1.0
4424.0	5.0
4425.0	2.0
4426.0	2.0
4427.0	2.0
4428.0	3.0
4429.0	2.0
4431.0	1.0
4432.0	3.0
4433.0	2.0
4434.0	3.0
4435.0	1.0
4436.0	2.0
4437.0	3.0
4438.0	3.0
4443.0	2.0
4444.0	2.0
4445.0	2.0
4446.0	2.0
4447.0	4.0
4448.0	5.0
4450.0	4.0
4451.0	1.0
4452.0	3.0
4453.0	1.0
4454.0	1.0
4455.0	3.0
4456.0	3.0
4457.0	2.0
4458.0	2.0
4459.0	1.0
4460.0	3.0
4461.0	3.0
4462.0	3.0
4463.0	1.0
4464.0	2.0
4465.0	2.0
4466.0	1.0
4467.0	4.0
4468.0	1.0
4469.0	1.0
4470.0	2.0
4471.0	6.0
4472.0	2.0
4473.0	2.0
4474.0	4.0
4475.0	4.0
4476.0	3.0
4477.0	3.0
4478.0	2.0
4479.0	1.0
4480.0	2.0
4481.0	4.0
4483.0	4.0
4485.0	2.0
4486.0	1.0
4487.0	2.0
4488.0	3.0
4489.0	3.0
4490.0	1.0
4491.0	5.0
4492.0	3.0
4493.0	2.0
4494.0	2.0
4495.0	4.0
4496.0	6.0
4497.0	4.0
4498.0	1.0
4499.0	1.0
4500.0	3.0
4501.0	4.0
4502.0	2.0
4503.0	1.0
4504.0	5.0
4505.0	2.0
4506.0	2.0
4507.0	2.0
4508.0	3.0
4509.0	4.0
4510.0	4.0
4511.0	4.0
4512.0	2.0
4513.0	2.0
4514.0	2.0
4515.0	3.0
4516.0	2.0
4517.0	3.0
4518.0	2.0
4519.0	6.0
4520.0	4.0
4521.0	6.0
4522.0	2.0
4523.0	3.0
4524.0	2.0
4525.0	2.0
4526.0	1.0
4527.0	6.0
4528.0	6.0
4529.0	3.0
4530.0	4.0
4531.0	3.0
4532.0	5.0
4533.0	1.0
4534.0	1.0
4535.0	3.0
4536.0	3.0
4537.0	5.0
4538.0	2.0
4539.0	3.0
4540.0	3.0
4541.0	4.0
4542.0	4.0
4543.0	1.0
4544.0	4.0
4547.0	5.0
4548.0	4.0
4549.0	3.0
4550.0	2.0
4551.0	2.0
4552.0	3.0
4553.0	3.0
4554.0	1.0
4555.0	4.0
4556.0	4.0
4557.0	3.0
4558.0	5.0
4559.0	4.0
4560.0	3.0
4561.0	5.0
4562.0	1.0
4563.0	3.0
4564.0	8.0
4565.0	2.0
4566.0	6.0
4567.0	3.0
4568.0	1.0
4569.0	3.0
4570.0	1.0
4571.0	5.0
4572.0	7.0
4573.0	4.0
4574.0	3.0
4575.0	4.0
4576.0	3.0
4577.0	3.0
4578.0	6.0
4579.0	4.0
4580.0	1.0
4581.0	6.0
4582.0	8.0
4583.0	3.0
4585.0	3.0
4586.0	4.0
4587.0	7.0
4588.0	4.0
4589.0	2.0
4590.0	1.0
4591.0	6.0
4592.0	6.0
4593.0	5.0
4594.0	3.0
4595.0	6.0
4596.0	11.0
4597.0	5.0
4598.0	1.0
4599.0	1.0
4600.0	7.0
4601.0	2.0
4602.0	8.0
4603.0	1.0
4604.0	2.0
4605.0	4.0
4606.0	6.0
4607.0	2.0
4608.0	2.0
4609.0	6.0
4610.0	1.0
4611.0	2.0
4612.0	3.0
4613.0	3.0
4614.0	3.0
4616.0	6.0
4617.0	10.0
4618.0	3.0
4619.0	1.0
4620.0	9.0
4621.0	2.0
4622.0	6.0
4623.0	1.0
4624.0	2.0
4625.0	4.0
4626.0	1.0
4627.0	2.0
4628.0	6.0
4629.0	6.0
4630.0	3.0
4631.0	2.0
4632.0	5.0
4633.0	5.0
4634.0	7.0
4635.0	6.0
4636.0	5.0
4637.0	4.0
4638.0	7.0
4639.0	8.0
4640.0	2.0
4641.0	9.0
4642.0	5.0
4643.0	3.0
4644.0	9.0
4645.0	4.0
4646.0	3.0
4647.0	7.0
4648.0	1.0
4649.0	4.0
4650.0	3.0
4651.0	6.0
4652.0	3.0
4653.0	3.0
4654.0	4.0
4655.0	6.0
4656.0	3.0
4657.0	3.0
4658.0	5.0
4659.0	6.0
4661.0	3.0
4662.0	5.0
4663.0	5.0
4664.0	3.0
4665.0	3.0
4666.0	3.0
4667.0	10.0
4668.0	5.0
4669.0	4.0
4670.0	4.0
4671.0	2.0
4672.0	2.0
4673.0	2.0
4674.0	2.0
4675.0	1.0
4676.0	1.0
4677.0	2.0
4678.0	1.0
4679.0	5.0
4680.0	2.0
4681.0	4.0
4682.0	2.0
4683.0	2.0
4684.0	6.0
4685.0	4.0
4686.0	1.0
4687.0	6.0
4688.0	1.0
4689.0	4.0
4690.0	5.0
4691.0	1.0
4692.0	3.0
4693.0	1.0
4694.0	1.0
4695.0	2.0
4696.0	5.0
4697.0	3.0
4698.0	3.0
4699.0	3.0
4700.0	4.0
4701.0	5.0
4702.0	2.0
4703.0	3.0
4704.0	3.0
4705.0	1.0
4706.0	1.0
4707.0	6.0
4708.0	2.0
4710.0	3.0
4711.0	3.0
4712.0	4.0
4713.0	4.0
4714.0	4.0
4715.0	4.0
4716.0	1.0
4717.0	4.0
4718.0	2.0
4719.0	5.0
4720.0	3.0
4721.0	8.0
4722.0	3.0
4723.0	1.0
4724.0	4.0
4725.0	4.0
4726.0	5.0
4727.0	6.0
4728.0	4.0
4729.0	5.0
4730.0	8.0
4731.0	1.0
4732.0	3.0
4733.0	3.0
4734.0	2.0
4735.0	7.0
4736.0	2.0
4737.0	4.0
4738.0	5.0
4739.0	7.0
4740.0	2.0
4741.0	4.0
4742.0	5.0
4743.0	2.0
4745.0	2.0
4746.0	8.0
4747.0	3.0
4748.0	4.0
4749.0	3.0
4750.0	3.0
4751.0	5.0
4752.0	4.0
4753.0	3.0
4754.0	1.0
4755.0	3.0
4756.0	1.0
4757.0	3.0
4758.0	4.0
4759.0	1.0
4760.0	4.0
4761.0	4.0
4762.0	3.0
4763.0	2.0
4764.0	3.0
4765.0	4.0
4766.0	4.0
4767.0	1.0
4768.0	5.0
4769.0	2.0
4770.0	4.0
4771.0	1.0
4772.0	3.0
4773.0	4.0
4774.0	2.0
4775.0	1.0
4776.0	3.0
4777.0	3.0
4780.0	4.0
4781.0	1.0
4782.0	5.0
4783.0	1.0
4784.0	2.0
4785.0	2.0
4786.0	1.0
4787.0	5.0
4788.0	4.0
4789.0	3.0
4790.0	4.0
4791.0	1.0
4792.0	4.0
4793.0	3.0
4794.0	3.0
4796.0	2.0
4797.0	5.0
4798.0	1.0
4799.0	1.0
4800.0	1.0
4802.0	5.0
4803.0	2.0
4804.0	1.0
4805.0	2.0
4806.0	5.0
4807.0	2.0
4808.0	3.0
4809.0	3.0
4810.0	4.0
4811.0	4.0
4812.0	1.0
4813.0	1.0
4814.0	1.0
4815.0	1.0
4816.0	6.0
4817.0	2.0
4818.0	1.0
4819.0	2.0
4820.0	2.0
4821.0	2.0
4822.0	2.0
4823.0	4.0
4824.0	4.0
4826.0	3.0
4827.0	1.0
4828.0	3.0
4829.0	3.0
4830.0	1.0
4831.0	1.0
4832.0	3.0
4833.0	2.0
4834.0	1.0
4835.0	1.0
4836.0	2.0
4837.0	2.0
4838.0	2.0
4840.0	1.0
4842.0	5.0
4843.0	3.0
4844.0	2.0
4845.0	2.0
4846.0	1.0
4847.0	3.0
4848.0	2.0
4849.0	6.0
4850.0	2.0
4852.0	2.0
4853.0	1.0
4854.0	5.0
4855.0	2.0
4856.0	3.0
4857.0	3.0
4858.0	2.0
4859.0	1.0
4860.0	6.0
4861.0	5.0
4862.0	2.0
4863.0	2.0
4864.0	4.0
4865.0	3.0
4866.0	1.0
4867.0	4.0
4868.0	3.0
4869.0	3.0
4870.0	7.0
4871.0	2.0
4872.0	5.0
4873.0	4.0
4874.0	4.0
4875.0	1.0
4876.0	3.0
4877.0	2.0
4878.0	3.0
4879.0	3.0
4880.0	4.0
4881.0	2.0
4882.0	2.0
4883.0	3.0
4884.0	1.0
4885.0	1.0
4886.0	2.0
4887.0	2.0
4888.0	2.0
4889.0	5.0
4890.0	3.0
4891.0	3.0
4892.0	3.0
4893.0	4.0
4894.0	4.0
4895.0	1.0
4896.0	1.0
4897.0	3.0
4898.0	2.0
4899.0	2.0
4900.0	2.0
4901.0	3.0
4902.0	2.0
4903.0	5.0
4904.0	4.0
4905.0	3.0
4906.0	4.0
4907.0	1.0
4908.0	2.0
4909.0	1.0
4910.0	1.0
4911.0	2.0
4912.0	2.0
4913.0	3.0
4914.0	4.0
4915.0	1.0
4916.0	5.0
4917.0	4.0
4918.0	4.0
4919.0	4.0
4920.0	4.0
4921.0	4.0
4922.0	3.0
4923.0	4.0
4924.0	2.0
4925.0	2.0
4926.0	1.0
4927.0	4.0
4928.0	1.0
4929.0	1.0
4930.0	5.0
4931.0	3.0
4932.0	3.0
4933.0	2.0
4934.0	2.0
4935.0	2.0
4936.0	6.0
4937.0	3.0
4938.0	8.0
4939.0	2.0
4940.0	1.0
4941.0	3.0
4942.0	6.0
4943.0	3.0
4944.0	3.0
4945.0	1.0
4946.0	2.0
4948.0	4.0
4949.0	2.0
4950.0	3.0
4951.0	3.0
4952.0	3.0
4953.0	4.0
4954.0	3.0
4956.0	1.0
4957.0	2.0
4958.0	1.0
4959.0	3.0
4960.0	3.0
4961.0	3.0
4962.0	4.0
4964.0	2.0
4965.0	2.0
4966.0	3.0
4967.0	1.0
4969.0	1.0
4970.0	2.0
4971.0	2.0
4972.0	1.0
4974.0	3.0
4975.0	2.0
4976.0	2.0
4977.0	3.0
4978.0	2.0
4979.0	3.0
4980.0	1.0
4981.0	3.0
4982.0	2.0
4983.0	2.0
4984.0	1.0
4985.0	1.0
4986.0	2.0
4987.0	1.0
4988.0	1.0
4989.0	3.0
4990.0	2.0
4994.0	2.0
4997.0	1.0
4998.0	4.0
4999.0	1.0
5000.0	2.0
5001.0	2.0
5003.0	1.0
5004.0	3.0
5005.0	2.0
5007.0	2.0
5008.0	1.0
5009.0	1.0
5010.0	3.0
5012.0	1.0
5013.0	2.0
5015.0	1.0
5016.0	2.0
5017.0	3.0
5018.0	1.0
5020.0	3.0
5021.0	4.0
5022.0	2.0
5023.0	3.0
5024.0	1.0
5025.0	5.0
5026.0	1.0
5028.0	3.0
5029.0	1.0
5030.0	1.0
5031.0	2.0
5032.0	2.0
5033.0	1.0
5035.0	1.0
5036.0	2.0
5037.0	1.0
5038.0	1.0
5040.0	1.0
5041.0	2.0
5042.0	4.0
5044.0	2.0
5045.0	3.0
5046.0	2.0
5048.0	1.0
5049.0	2.0
5050.0	3.0
5051.0	4.0
5052.0	3.0
5053.0	1.0
5054.0	1.0
5055.0	3.0
5056.0	3.0
5057.0	5.0
5060.0	2.0
5061.0	1.0
5062.0	1.0
5063.0	4.0
5064.0	2.0
5066.0	1.0
5067.0	3.0
5071.0	3.0
5072.0	5.0
5074.0	2.0
5075.0	3.0
5076.0	2.0
5077.0	3.0
5078.0	2.0
5079.0	2.0
5080.0	3.0
5081.0	2.0
5082.0	2.0
5083.0	3.0
5085.0	5.0
5086.0	4.0
5087.0	3.0
5088.0	2.0
5089.0	1.0
5091.0	3.0
5092.0	1.0
5093.0	1.0
5094.0	3.0
5095.0	2.0
5098.0	5.0
5099.0	3.0
5100.0	3.0
5101.0	2.0
5102.0	4.0
5103.0	3.0
5104.0	2.0
5105.0	4.0
5106.0	1.0
5107.0	4.0
5108.0	3.0
5109.0	1.0
5110.0	2.0
5111.0	2.0
5112.0	4.0
5113.0	4.0
5114.0	2.0
5115.0	1.0
5116.0	4.0
5117.0	3.0
5118.0	2.0
5119.0	5.0
5120.0	2.0
5121.0	1.0
5122.0	2.0
5123.0	2.0
5124.0	3.0
5125.0	1.0
5127.0	7.0
5128.0	4.0
5129.0	2.0
5130.0	4.0
5131.0	3.0
5132.0	5.0
5133.0	8.0
5134.0	1.0
5135.0	3.0
5136.0	4.0
5137.0	5.0
5138.0	2.0
5139.0	6.0
5140.0	4.0
5141.0	1.0
5142.0	1.0
5143.0	1.0
5144.0	4.0
5145.0	3.0
5146.0	2.0
5147.0	3.0
5149.0	2.0
5150.0	2.0
5151.0	3.0
5152.0	3.0
5153.0	2.0
5154.0	4.0
5155.0	5.0
5156.0	2.0
5157.0	1.0
5158.0	3.0
5159.0	3.0
5161.0	1.0
5162.0	2.0
5163.0	3.0
5164.0	3.0
5165.0	1.0
5166.0	3.0
5168.0	2.0
5169.0	2.0
5170.0	2.0
5171.0	1.0
5172.0	3.0
5173.0	3.0
5174.0	3.0
5176.0	2.0
5177.0	1.0
5178.0	2.0
5179.0	3.0
5180.0	5.0
5182.0	4.0
5184.0	1.0
5185.0	5.0
5186.0	1.0
5190.0	1.0
5191.0	1.0
5192.0	2.0
5195.0	1.0
5196.0	2.0
5198.0	1.0
5200.0	1.0
5203.0	2.0
5207.0	2.0
5208.0	3.0
5209.0	1.0
5210.0	1.0
5211.0	2.0
5212.0	2.0
5213.0	1.0
5215.0	1.0
5217.0	1.0
5219.0	1.0
5220.0	1.0
5221.0	1.0
5222.0	2.0
5223.0	1.0
5224.0	1.0
5226.0	1.0
5227.0	1.0
5228.0	1.0
5229.0	1.0
5230.0	1.0
5231.0	4.0
5232.0	2.0
5233.0	1.0
5234.0	1.0
5236.0	1.0
5237.0	1.0
5240.0	2.0
5241.0	1.0
5242.0	1.0
5243.0	1.0
5245.0	2.0
5247.0	1.0
5248.0	1.0
5250.0	1.0
5253.0	1.0
5254.0	1.0
5257.0	2.0
5258.0	1.0
5259.0	2.0
5260.0	1.0
5263.0	1.0
5264.0	1.0
5266.0	1.0
5267.0	1.0
5268.0	3.0
5269.0	2.0
5270.0	1.0
5271.0	1.0
5272.0	1.0
5273.0	1.0
5274.0	1.0
5275.0	2.0
5278.0	1.0
5280.0	1.0
5281.0	3.0
5283.0	1.0
5284.0	2.0
5289.0	1.0
5290.0	1.0
5291.0	2.0
5293.0	1.0
5294.0	1.0
5297.0	1.0
5299.0	1.0
5301.0	2.0
5302.0	1.0
5305.0	1.0
5308.0	1.0
5309.0	3.0
5311.0	1.0
5313.0	1.0
5314.0	2.0
5316.0	1.0
5317.0	2.0
5318.0	2.0
5323.0	2.0
5330.0	1.0
5333.0	1.0
5334.0	2.0
5335.0	2.0
5337.0	1.0
5339.0	1.0
5340.0	1.0
5341.0	1.0
5342.0	1.0
5343.0	1.0
5344.0	1.0
5345.0	2.0
5346.0	3.0
5347.0	2.0
5348.0	1.0
5349.0	1.0
5350.0	1.0
5353.0	3.0
5354.0	1.0
5355.0	1.0
5356.0	1.0
5358.0	1.0
5359.0	1.0
5360.0	2.0
5361.0	1.0
5364.0	1.0
5366.0	1.0
5367.0	2.0
5369.0	2.0
5371.0	1.0
5373.0	3.0
5374.0	4.0
5376.0	1.0
5378.0	2.0
5379.0	1.0
5381.0	1.0
5382.0	1.0
5384.0	2.0
5385.0	1.0
5386.0	1.0
5389.0	2.0
5390.0	1.0
5391.0	1.0
5393.0	1.0
5394.0	3.0
5395.0	3.0
5396.0	3.0
5399.0	1.0
5401.0	5.0
5404.0	1.0
5405.0	1.0
5406.0	2.0
5407.0	1.0
5408.0	3.0
5409.0	1.0
5410.0	3.0
5411.0	3.0
5412.0	2.0
5415.0	2.0
5416.0	1.0
5418.0	1.0
5419.0	2.0
5425.0	1.0
5426.0	2.0
5427.0	1.0
5428.0	1.0
5429.0	3.0
5430.0	1.0
5431.0	2.0
5432.0	2.0
5434.0	1.0
5436.0	2.0
5439.0	2.0
5440.0	1.0
5441.0	3.0
5443.0	4.0
5444.0	1.0
5445.0	3.0
5446.0	3.0
5447.0	3.0
5449.0	1.0
5450.0	6.0
5451.0	3.0
5452.0	1.0
5453.0	2.0
5454.0	3.0
5456.0	2.0
5457.0	3.0
5458.0	4.0
5459.0	4.0
5460.0	2.0
5461.0	1.0
5462.0	1.0
5463.0	2.0
5464.0	2.0
5465.0	5.0
5466.0	2.0
5467.0	1.0
5469.0	2.0
5470.0	2.0
5471.0	1.0
5472.0	2.0
5473.0	3.0
5474.0	3.0
5476.0	1.0
5478.0	2.0
5479.0	5.0
5481.0	3.0
5483.0	2.0
5485.0	1.0
5486.0	2.0
5487.0	1.0
5489.0	1.0
5490.0	1.0
5491.0	5.0
5494.0	2.0
5495.0	2.0
5496.0	1.0
5497.0	1.0
5498.0	2.0
5499.0	3.0
5500.0	1.0
5501.0	1.0
5502.0	1.0
5503.0	1.0
5504.0	1.0
5505.0	1.0
5506.0	2.0
5507.0	2.0
5508.0	2.0
5510.0	1.0
5511.0	3.0
5512.0	4.0
5513.0	2.0
5514.0	2.0
5515.0	2.0
5516.0	1.0
5517.0	1.0
5518.0	1.0
5519.0	1.0
5520.0	2.0
5521.0	1.0
5522.0	1.0
5523.0	2.0
5524.0	1.0
5526.0	2.0
5527.0	3.0
5529.0	2.0
5530.0	1.0
5531.0	2.0
5532.0	2.0
5533.0	2.0
5534.0	2.0
5535.0	1.0
5536.0	2.0
5537.0	2.0
5538.0	1.0
5540.0	2.0
5541.0	3.0
5543.0	3.0
5545.0	1.0
5548.0	1.0
5549.0	1.0
5550.0	1.0
5551.0	5.0
5552.0	1.0
5554.0	2.0
5557.0	3.0
5558.0	1.0
5559.0	1.0
5560.0	1.0
5561.0	3.0
5562.0	1.0
5563.0	1.0
5564.0	2.0
5565.0	3.0
5566.0	1.0
5567.0	3.0
5568.0	2.0
5569.0	1.0
5570.0	3.0
5571.0	4.0
5572.0	2.0
5575.0	1.0
5576.0	3.0
5577.0	1.0
5578.0	2.0
5580.0	1.0
5581.0	3.0
5584.0	2.0
5585.0	2.0
5586.0	3.0
5587.0	1.0
5588.0	2.0
5589.0	2.0
5590.0	5.0
5592.0	2.0
5593.0	3.0
5594.0	3.0
5595.0	4.0
5596.0	4.0
5597.0	6.0
5598.0	4.0
5599.0	3.0
5600.0	2.0
5601.0	2.0
5602.0	2.0
5603.0	2.0
5604.0	4.0
5605.0	3.0
5606.0	4.0
5607.0	3.0
5608.0	3.0
5609.0	3.0
5610.0	2.0
5611.0	4.0
5612.0	1.0
5613.0	3.0
5615.0	3.0
5616.0	5.0
5617.0	2.0
5619.0	1.0
5621.0	2.0
5622.0	2.0
5623.0	4.0
5624.0	3.0
5625.0	3.0
5626.0	2.0
5627.0	3.0
5628.0	3.0
5629.0	1.0
5630.0	1.0
5631.0	1.0
5633.0	1.0
5634.0	1.0
5636.0	2.0
5638.0	1.0
5639.0	1.0
5640.0	2.0
5641.0	2.0
5642.0	1.0
5644.0	1.0
5646.0	1.0
5647.0	1.0
5649.0	1.0
5650.0	1.0
5651.0	1.0
5652.0	2.0
5653.0	1.0
5656.0	2.0
5657.0	2.0
5658.0	1.0
5661.0	1.0
5663.0	2.0
5664.0	2.0
5665.0	1.0
5667.0	2.0
5668.0	2.0
5669.0	1.0
5670.0	1.0
5671.0	1.0
5676.0	1.0
5677.0	2.0
5678.0	5.0
5680.0	4.0
5681.0	2.0
5682.0	3.0
5683.0	1.0
5684.0	2.0
5685.0	2.0
5687.0	2.0
5688.0	1.0
5689.0	1.0
5690.0	1.0
5691.0	1.0
5692.0	2.0
5693.0	3.0
5694.0	3.0
5695.0	1.0
5696.0	1.0
5698.0	3.0
5699.0	3.0
5700.0	2.0
5701.0	1.0
5702.0	4.0
5704.0	2.0
5707.0	2.0
5709.0	2.0
5710.0	1.0
5711.0	3.0
5712.0	1.0
5713.0	3.0
5714.0	1.0
5716.0	2.0
5717.0	3.0
5718.0	1.0
5719.0	2.0
5721.0	1.0
5723.0	1.0
5724.0	2.0
5727.0	1.0
5731.0	1.0
5732.0	1.0
5733.0	3.0
5734.0	3.0
5737.0	2.0
5738.0	2.0
5740.0	1.0
5741.0	1.0
5742.0	1.0
5743.0	1.0
5744.0	1.0
5745.0	3.0
5747.0	4.0
5748.0	2.0
5749.0	1.0
5750.0	2.0
5751.0	2.0
5753.0	1.0
5756.0	3.0
5757.0	2.0
5758.0	1.0
5759.0	1.0
5760.0	2.0
5761.0	3.0
5762.0	1.0
5763.0	3.0
5764.0	2.0
5768.0	1.0
5769.0	3.0
5770.0	2.0
5773.0	1.0
5774.0	3.0
5775.0	1.0
5776.0	1.0
5777.0	1.0
5778.0	2.0
5779.0	2.0
5780.0	3.0
5781.0	1.0
5782.0	2.0
5783.0	2.0
5784.0	2.0
5786.0	2.0
5787.0	1.0
5788.0	1.0
5789.0	1.0
5790.0	1.0
5791.0	1.0
5793.0	1.0
5794.0	1.0
5795.0	1.0
5797.0	4.0
5799.0	1.0
5803.0	1.0
5806.0	1.0
5807.0	2.0
5808.0	1.0
5809.0	1.0
5817.0	1.0
5822.0	1.0
5826.0	1.0
5831.0	1.0
5834.0	1.0
5839.0	2.0
5843.0	1.0
5844.0	2.0
5846.0	1.0
5847.0	1.0
5856.0	1.0
5857.0	1.0
5864.0	1.0
5865.0	1.0
5867.0	1.0
5869.0	2.0
5870.0	1.0
5871.0	1.0
5874.0	2.0
5875.0	1.0
5876.0	1.0
5877.0	1.0
5878.0	1.0
5879.0	2.0
5880.0	2.0
5881.0	1.0
5884.0	1.0
5885.0	1.0
5891.0	1.0
5892.0	4.0
5893.0	5.0
5894.0	1.0
5897.0	1.0
5898.0	1.0
5900.0	1.0
5904.0	2.0
5905.0	1.0
5906.0	1.0
5908.0	1.0
5909.0	1.0
5911.0	1.0
5915.0	1.0
5916.0	1.0
5917.0	2.0
5921.0	1.0
5929.0	1.0
5930.0	1.0
5932.0	1.0
5938.0	1.0
5939.0	1.0
5945.0	1.0
5948.0	1.0
5952.0	2.0
5953.0	1.0
5958.0	1.0
5959.0	2.0
5960.0	2.0
5962.0	2.0
5964.0	1.0
5965.0	1.0
5966.0	1.0
5968.0	1.0
5970.0	2.0
5975.0	1.0
5978.0	1.0
5980.0	1.0
5984.0	1.0
5986.0	2.0
5987.0	1.0
5989.0	1.0
5991.0	2.0
5993.0	1.0
5997.0	1.0
5999.0	1.0
6001.0	2.0
6002.0	1.0
6005.0	2.0
6006.0	1.0
6007.0	1.0
6009.0	2.0
6015.0	1.0
6017.0	2.0
6019.0	1.0
6020.0	1.0
6022.0	1.0
6029.0	3.0
6030.0	1.0
6031.0	1.0
6032.0	2.0
6033.0	1.0
6038.0	1.0
6041.0	1.0
6044.0	1.0
6049.0	1.0
6054.0	2.0
6056.0	2.0
6058.0	1.0
6060.0	1.0
6063.0	2.0
6064.0	1.0
6066.0	1.0
6067.0	1.0
6070.0	2.0
6074.0	1.0
6076.0	1.0
6080.0	2.0
6087.0	2.0
6090.0	1.0
6095.0	1.0
6096.0	1.0
6098.0	1.0
6100.0	1.0
6110.0	1.0
6112.0	1.0
6120.0	1.0
6134.0	1.0
6136.0	1.0
6137.0	1.0
6152.0	1.0
6156.0	1.0
6165.0	1.0
6166.0	3.0
6167.0	1.0
6172.0	1.0
6176.0	1.0
6179.0	1.0
6180.0	1.0
6197.0	1.0
6202.0	1.0
6206.0	1.0
6213.0	1.0
6216.0	1.0
6219.0	1.0
6221.0	2.0
6227.0	1.0
6235.0	1.0
6236.0	1.0
6238.0	1.0
6242.0	1.0
6250.0	1.0
6259.0	1.0
6266.0	2.0
6268.0	1.0
6273.0	1.0
6281.0	1.0
6282.0	1.0
6287.0	2.0
6289.0	1.0
6290.0	1.0
6295.0	1.0
6296.0	1.0
6298.0	1.0
6301.0	2.0
6302.0	1.0
6348.0	1.0
6354.0	1.0
6358.0	1.0
6373.0	1.0
6390.0	3.0
6399.0	1.0
6416.0	1.0
6418.0	1.0
6419.0	1.0
6429.0	1.0
6462.0	1.0
6465.0	1.0
6533.0	1.0
6545.0	1.0
6546.0	1.0
6561.0	1.0
6574.0	1.0
6590.0	1.0
6594.0	1.0
6614.0	1.0
6633.0	1.0
6634.0	1.0
6645.0	1.0
6650.0	1.0
6664.0	1.0
6668.0	1.0
6677.0	1.0
6690.0	1.0
6717.0	1.0
6739.0	1.0
6745.0	1.0
6746.0	1.0
6775.0	1.0
6777.0	1.0
6781.0	1.0
6790.0	1.0
6797.0	1.0
6833.0	2.0
6835.0	1.0
6857.0	1.0
6890.0	1.0
6901.0	1.0
6904.0	1.0
6909.0	1.0
6937.0	1.0
6983.0	1.0
6986.0	1.0
6991.0	1.0
6995.0	1.0
6996.0	1.0
6997.0	1.0
6999.0	1.0
7015.0	1.0
7028.0	1.0
7037.0	1.0
7057.0	1.0
7066.0	1.0
7068.0	1.0
7073.0	1.0
7105.0	1.0
7121.0	1.0
7141.0	2.0
7153.0	1.0
7165.0	1.0
7174.0	1.0
7175.0	1.0
7185.0	2.0
7194.0	1.0
7198.0	1.0
7211.0	1.0
7228.0	2.0
7245.0	1.0
7253.0	1.0
7276.0	1.0
7280.0	1.0
7288.0	1.0
7302.0	1.0
7303.0	1.0
7315.0	1.0
7322.0	1.0
7325.0	2.0
7348.0	1.0
7361.0	1.0
7364.0	1.0
7366.0	1.0
7367.0	1.0
7372.0	1.0
7382.0	1.0
7393.0	1.0
7403.0	1.0
7405.0	1.0
7411.0	1.0
7419.0	1.0
7421.0	1.0
7424.0	1.0
7429.0	1.0
7467.0	1.0
7472.0	1.0
7473.0	1.0
7476.0	1.0
7490.0	1.0
7498.0	1.0
7500.0	1.0
7505.0	1.0
7508.0	1.0
7511.0	1.0
7515.0	1.0
7517.0	1.0
7520.0	1.0
7528.0	1.0
7533.0	1.0
7535.0	2.0
7537.0	1.0
7539.0	2.0
7542.0	2.0
7545.0	1.0
7546.0	3.0
7547.0	1.0
7580.0	1.0
7584.0	1.0
7593.0	1.0
7630.0	1.0
7652.0	1.0
7653.0	1.0
7663.0	1.0
7666.0	1.0
7704.0	1.0
7710.0	1.0
7715.0	1.0
7742.0	1.0
7743.0	1.0
7754.0	1.0
7755.0	1.0
7771.0	1.0
7779.0	1.0
7781.0	1.0
7783.0	1.0
7793.0	1.0
7796.0	1.0
7805.0	1.0
7806.0	1.0
7837.0	1.0
7843.0	1.0
7861.0	1.0
7881.0	1.0
7883.0	1.0
7911.0	1.0
7918.0	2.0
7920.0	1.0
7925.0	1.0
7938.0	2.0
7945.0	1.0
7954.0	1.0
7962.0	1.0
7968.0	1.0
7972.0	1.0
7978.0	1.0
8006.0	1.0
8035.0	1.0
8039.0	1.0
8042.0	1.0
8050.0	1.0
8057.0	1.0
8063.0	2.0
8069.0	1.0
8073.0	1.0
8082.0	1.0
8088.0	1.0
8110.0	1.0
8138.0	1.0
8139.0	1.0
8150.0	1.0
8155.0	1.0
8163.0	1.0
8172.0	1.0
8179.0	1.0
8181.0	1.0
8188.0	1.0
8206.0	1.0
8207.0	2.0
8217.0	1.0
8225.0	1.0
8230.0	1.0
8237.0	1.0
8240.0	1.0
8244.0	1.0
8250.0	1.0
8252.0	1.0
8257.0	1.0
8262.0	1.0
8272.0	1.0
8273.0	1.0
8274.0	1.0
8285.0	1.0
8290.0	1.0
8294.0	1.0
8295.0	1.0
8300.0	1.0
8313.0	1.0
8316.0	1.0
8328.0	1.0
8333.0	1.0
8335.0	1.0
8344.0	2.0
8347.0	1.0
8353.0	1.0
8354.0	1.0
8358.0	1.0
8360.0	1.0
8364.0	2.0
8365.0	1.0
8366.0	3.0
8367.0	1.0
8368.0	1.0
8389.0	1.0
8400.0	1.0
8422.0	1.0
8435.0	1.0
8443.0	1.0
8444.0	1.0
8486.0	1.0
8494.0	1.0
8502.0	1.0
8510.0	1.0
8525.0	1.0
8526.0	1.0
8534.0	2.0
8547.0	1.0
8551.0	1.0
8608.0	1.0
8617.0	1.0
8622.0	1.0
8630.0	1.0
8643.0	1.0
8647.0	1.0
8670.0	1.0
8671.0	1.0
8691.0	1.0
8695.0	1.0
8699.0	1.0
8726.0	1.0
8727.0	1.0
8730.0	1.0
8733.0	1.0
8747.0	1.0
8750.0	1.0
8765.0	1.0
8766.0	1.0
8767.0	1.0
8784.0	1.0
8796.0	1.0
8820.0	1.0
8823.0	1.0
8833.0	1.0
8848.0	1.0
8850.0	1.0
8852.0	1.0
8873.0	1.0
8880.0	1.0
8883.0	1.0
8886.0	1.0
8887.0	1.0
8899.0	2.0
8909.0	1.0
8911.0	1.0
8917.0	1.0
8918.0	1.0
8931.0	1.0
8936.0	1.0
8940.0	1.0
8947.0	1.0
8948.0	1.0
8956.0	1.0
8964.0	1.0
8990.0	1.0
8996.0	1.0
8999.0	1.0
9000.0	1.0
9003.0	1.0
9012.0	1.0
9018.0	1.0
9025.0	1.0
9030.0	1.0
9049.0	1.0
9054.0	1.0
9062.0	1.0
9074.0	2.0
9083.0	1.0
9094.0	1.0
9095.0	1.0
9100.0	1.0
9108.0	1.0
9113.0	1.0
9114.0	1.0
9117.0	1.0
9124.0	1.0
9130.0	2.0
9132.0	1.0
9139.0	1.0
9144.0	1.0
9149.0	1.0
9150.0	1.0
9154.0	1.0
9157.0	1.0
9158.0	3.0
9161.0	1.0
9190.0	1.0
9199.0	1.0
9215.0	1.0
9220.0	1.0
9270.0	1.0
9272.0	1.0
9295.0	1.0
9307.0	1.0
9337.0	1.0
9351.0	1.0
9358.0	1.0
9422.0	1.0
9459.0	1.0
9467.0	1.0
9470.0	2.0
9487.0	1.0
9493.0	1.0
9532.0	1.0
9583.0	1.0
9589.0	1.0
9592.0	1.0
9600.0	1.0
9618.0	1.0
9624.0	1.0
9626.0	1.0
9650.0	1.0
9686.0	2.0
9688.0	1.0
9734.0	1.0
9735.0	1.0
9744.0	1.0
9749.0	1.0
9757.0	1.0
9764.0	1.0
9768.0	1.0
9775.0	1.0
9783.0	1.0
9788.0	1.0
9798.0	2.0
9809.0	1.0
9815.0	1.0
9821.0	1.0
9825.0	1.0
9827.0	1.0
9828.0	1.0
9829.0	1.0
9830.0	3.0
9832.0	3.0
9835.0	1.0
9865.0	1.0
9868.0	1.0
9876.0	1.0
9897.0	1.0
9986.0	1.0
10016.0	1.0
10032.0	1.0
10052.0	1.0
10081.0	1.0
10098.0	1.0
10145.0	1.0
10200.0	1.0
10223.0	1.0
10258.0	1.0
10272.0	1.0
10292.0	1.0
10313.0	1.0
10335.0	1.0
10390.0	1.0
10399.0	1.0
10424.0	1.0
10514.0	1.0
10525.0	1.0
10539.0	1.0
10568.0	1.0
10619.0	1.0
10620.0	1.0
10626.0	1.0
10632.0	1.0
10668.0	1.0
10674.0	1.0
10700.0	2.0
10718.0	1.0
10756.0	1.0
10767.0	1.0
10785.0	1.0
10804.0	1.0
10815.0	1.0
10843.0	1.0
10853.0	1.0
10899.0	1.0
10929.0	1.0
10938.0	1.0
10950.0	1.0
10993.0	1.0
10994.0	1.0
11022.0	1.0
11024.0	1.0
11026.0	1.0
11027.0	1.0
11032.0	1.0
11051.0	1.0
11100.0	1.0
11102.0	1.0
11106.0	1.0
11122.0	1.0
11128.0	1.0
11146.0	2.0
11159.0	1.0
11171.0	1.0
11188.0	1.0
11196.0	1.0
11203.0	1.0
11224.0	1.0
11259.0	1.0
11296.0	1.0
11318.0	1.0
11332.0	1.0
11414.0	1.0
11458.0	1.0
11554.0	1.0
11615.0	1.0
11635.0	1.0
11667.0	1.0
11749.0	1.0
11795.0	1.0
11908.0	1.0
11913.0	1.0
11917.0	1.0
11965.0	1.0
12001.0	1.0
12004.0	1.0
12014.0	1.0
12015.0	1.0
12071.0	1.0
12098.0	1.0
12101.0	1.0
12156.0	1.0
12178.0	1.0
12193.0	1.0
12210.0	1.0
12257.0	1.0
12288.0	1.0
12311.0	1.0
12355.0	1.0
12365.0	1.0
12371.0	1.0
12385.0	1.0
12445.0	1.0
12486.0	1.0
12506.0	1.0
12513.0	1.0
12552.0	1.0
12553.0	1.0
12589.0	1.0
12622.0	1.0
12632.0	1.0
12671.0	1.0
12716.0	1.0
12725.0	1.0
12738.0	1.0
12766.0	1.0
12771.0	1.0
12802.0	1.0
12810.0	1.0
12857.0	1.0
12896.0	1.0
12988.0	1.0
13004.0	1.0
13034.0	1.0
13107.0	1.0
13123.0	1.0
13216.0	1.0
13224.0	1.0
13257.0	1.0
13305.0	1.0
13338.0	1.0
13349.0	1.0
13376.0	1.0
13405.0	1.0
13411.0	1.0
13412.0	1.0
13462.0	1.0
13476.0	1.0
13517.0	1.0
13524.0	1.0
13539.0	1.0
13556.0	1.0
13585.0	1.0
13601.0	3.0
13608.0	1.0
13617.0	1.0
13625.0	1.0
13630.0	1.0
13658.0	1.0
13668.0	1.0
13676.0	1.0
13712.0	1.0
13728.0	1.0
13740.0	1.0
13785.0	1.0
13810.0	1.0
13817.0	1.0
13840.0	1.0
13856.0	1.0
13871.0	1.0
13911.0	1.0
13943.0	1.0
13965.0	1.0
13982.0	1.0
13997.0	1.0
14056.0	1.0
14098.0	1.0
14182.0	1.0
14237.0	1.0
14262.0	1.0
14317.0	1.0
14366.0	1.0
14370.0	1.0
14393.0	1.0
14429.0	1.0
14475.0	1.0
14478.0	1.0
14522.0	1.0
14551.0	1.0
14572.0	1.0
14593.0	1.0
14634.0	1.0
14681.0	1.0
14724.0	1.0
14733.0	1.0
14746.0	1.0
14786.0	1.0
14802.0	1.0
14813.0	1.0
14837.0	1.0
14867.0	1.0
14899.0	1.0
15394.0	1.0
16219.0	1.0
16971.0	1.0
17099.0	1.0
18056.0	1.0
19162.0	1.0
20349.0	1.0
21101.0	1.0
22867.0	1.0
23581.0	1.0
24564.0	1.0
25622.0	1.0
26367.0	1.0
26532.0	1.0
27280.0	1.0
28081.0	1.0
29736.0	1.0
29800.0	1.0
32050.0	1.0
32275.0	1.0
32995.0	1.0
33735.0	1.0
35042.0	1.0
36101.0	1.0
36607.0	1.0
37525.0	1.0
37571.0	1.0
38736.0	1.0
40283.0	1.0
41173.0	1.0
41277.0	1.0
42256.0	1.0
43508.0	1.0
44091.0	1.0
44891.0	1.0
45365.0	1.0
46638.0	1.0
46848.0	1.0
48918.0	1.0
49697.0	1.0
49827.0	1.0
50530.0	1.0
51964.0	1.0
52765.0	1.0
53948.0	1.0
54036.0	1.0
54526.0	1.0
55510.0	1.0
56432.0	1.0
56816.0	1.0
57279.0	1.0
58202.0	1.0
58671.0	1.0
59252.0	1.0
60070.0	1.0
60628.0	1.0
60980.0	1.0
61500.0	1.0
62558.0	1.0
64411.0	1.0
64418.0	1.0
65263.0	1.0
65972.0	1.0
66536.0	1.0
67020.0	1.0
67266.0	1.0
67643.0	1.0
68733.0	1.0
70603.0	1.0
71275.0	1.0
71303.0	1.0
71684.0	1.0
72074.0	1.0
72546.0	1.0
72908.0	1.0
73356.0	1.0
73415.0	1.0
74502.0	1.0
74946.0	1.0
75138.0	1.0
75515.0	1.0
75777.0	1.0
76106.0	1.0
76409.0	1.0
76462.0	1.0
77282.0	1.0
77370.0	1.0
77689.0	1.0
77723.0	1.0
77783.0	1.0
77841.0	1.0
77970.0	1.0
78109.0	1.0
78209.0	1.0
78306.0	1.0
78330.0	1.0
78374.0	1.0
78385.0	1.0
78414.0	1.0
78467.0	1.0
78482.0	1.0
78591.0	1.0
78749.0	1.0
79136.0	1.0
79468.0	1.0
79634.0	1.0
79880.0	1.0
80166.0	1.0
80700.0	1.0
81606.0	1.0
81898.0	1.0
82300.0	1.0
83078.0	1.0
83366.0	1.0
84029.0	1.0
84256.0	1.0
85080.0	1.0
85170.0	1.0
86070.0	1.0
86137.0	1.0
87132.0	1.0
88443.0	1.0
88473.0	1.0
89109.0	1.0
90137.0	1.0
90446.0	1.0
90870.0	1.0
91173.0	1.0
91314.0	1.0
91528.0	1.0
91769.0	1.0
92110.0	1.0
92656.0	1.0
92988.0	1.0
93050.0	1.0
93305.0	1.0
93382.0	1.0
93546.0	1.0
93550.0	1.0
93656.0	1.0
93707.0	1.0
93882.0	1.0
94036.0	1.0
94171.0	1.0
94319.0	1.0
94322.0	1.0
94332.0	1.0
94340.0	1.0
94373.0	1.0
94404.0	1.0
94408.0	1.0
94456.0	1.0
94476.0	1.0
94541.0	1.0
94700.0	1.0
