#Insert size (bp)	insert size
1.0	932.0
2.0	815.0
3.0	838.0
4.0	806.0
5.0	911.0
6.0	892.0
7.0	916.0
8.0	875.0
9.0	844.0
10.0	848.0
11.0	814.0
12.0	812.0
13.0	797.0
14.0	862.0
15.0	780.0
16.0	754.0
17.0	753.0
18.0	766.0
19.0	703.0
20.0	686.0
21.0	701.0
22.0	695.0
23.0	685.0
24.0	653.0
25.0	647.0
26.0	656.0
27.0	635.0
28.0	618.0
29.0	643.0
30.0	635.0
31.0	488.0
32.0	461.0
33.0	432.0
34.0	351.0
35.0	430.0
36.0	431.0
37.0	439.0
38.0	413.0
39.0	434.0
40.0	6441.0
41.0	6682.0
42.0	6779.0
43.0	6700.0
44.0	6964.0
45.0	6859.0
46.0	6963.0
47.0	7130.0
48.0	7255.0
49.0	7396.0
50.0	7597.0
51.0	7577.0
52.0	7592.0
53.0	7824.0
54.0	7638.0
55.0	8007.0
56.0	7987.0
57.0	8012.0
58.0	8042.0
59.0	8048.0
60.0	8160.0
61.0	8205.0
62.0	7982.0
63.0	7940.0
64.0	7755.0
65.0	7888.0
66.0	8104.0
67.0	8069.0
68.0	8170.0
69.0	7966.0
70.0	8061.0
71.0	8159.0
72.0	8108.0
73.0	8127.0
74.0	8210.0
75.0	8149.0
76.0	8101.0
77.0	8272.0
78.0	8375.0
79.0	8137.0
80.0	8166.0
81.0	8134.0
82.0	8321.0
83.0	8362.0
84.0	8134.0
85.0	8078.0
86.0	8234.0
87.0	8109.0
88.0	8224.0
89.0	8168.0
90.0	8468.0
91.0	8290.0
92.0	8435.0
93.0	8298.0
94.0	8462.0
95.0	8540.0
96.0	8332.0
97.0	8416.0
98.0	8647.0
99.0	8442.0
100.0	8420.0
101.0	8566.0
102.0	8497.0
103.0	8649.0
104.0	8255.0
105.0	8310.0
106.0	8233.0
107.0	8179.0
108.0	8369.0
109.0	8382.0
110.0	8271.0
111.0	8336.0
112.0	8514.0
113.0	8324.0
114.0	8418.0
115.0	8183.0
116.0	8270.0
117.0	8415.0
118.0	8321.0
119.0	8672.0
120.0	8527.0
121.0	8675.0
122.0	8378.0
123.0	8419.0
124.0	8733.0
125.0	8469.0
126.0	8726.0
127.0	8533.0
128.0	8808.0
129.0	8625.0
130.0	8788.0
131.0	8952.0
132.0	8696.0
133.0	9315.0
134.0	9386.0
135.0	9398.0
136.0	9623.0
137.0	9211.0
138.0	9611.0
139.0	9305.0
140.0	9510.0
141.0	9569.0
142.0	9800.0
143.0	9918.0
144.0	9870.0
145.0	10123.0
146.0	9862.0
147.0	9931.0
148.0	10196.0
149.0	10427.0
150.0	10552.0
151.0	11839.0
152.0	12356.0
153.0	11997.0
154.0	12044.0
155.0	12068.0
156.0	12243.0
157.0	12367.0
158.0	12612.0
159.0	12451.0
160.0	12379.0
161.0	12507.0
162.0	12550.0
163.0	12599.0
164.0	12519.0
165.0	12742.0
166.0	12670.0
167.0	12696.0
168.0	13039.0
169.0	12741.0
170.0	12975.0
171.0	12950.0
172.0	12965.0
173.0	13286.0
174.0	13576.0
175.0	13734.0
176.0	13717.0
177.0	13870.0
178.0	13948.0
179.0	14163.0
180.0	13939.0
181.0	14159.0
182.0	14096.0
183.0	14534.0
184.0	14899.0
185.0	14786.0
186.0	14969.0
187.0	14772.0
188.0	14739.0
189.0	14913.0
190.0	15013.0
191.0	15426.0
192.0	15453.0
193.0	15649.0
194.0	15868.0
195.0	15965.0
196.0	15714.0
197.0	15763.0
198.0	16316.0
199.0	16378.0
200.0	16432.0
201.0	16262.0
202.0	16840.0
203.0	16550.0
204.0	16768.0
205.0	16951.0
206.0	17103.0
207.0	17371.0
208.0	17191.0
209.0	17520.0
210.0	17679.0
211.0	16931.0
212.0	16986.0
213.0	17048.0
214.0	17535.0
215.0	17479.0
216.0	17788.0
217.0	17970.0
218.0	18265.0
219.0	18635.0
220.0	20103.0
221.0	20239.0
222.0	20304.0
223.0	20633.0
224.0	20998.0
225.0	21034.0
226.0	21775.0
227.0	22180.0
228.0	23009.0
229.0	22863.0
230.0	23033.0
231.0	23677.0
232.0	24258.0
233.0	24779.0
234.0	25392.0
235.0	25804.0
236.0	26056.0
237.0	27120.0
238.0	28131.0
239.0	28792.0
240.0	29471.0
241.0	30036.0
242.0	30989.0
243.0	31856.0
244.0	32415.0
245.0	33325.0
246.0	33932.0
247.0	34394.0
248.0	35278.0
249.0	36153.0
250.0	37404.0
251.0	38727.0
252.0	39647.0
253.0	40047.0
254.0	41114.0
255.0	42150.0
256.0	43076.0
257.0	44453.0
258.0	45638.0
259.0	46439.0
260.0	47882.0
261.0	49081.0
262.0	50030.0
263.0	50981.0
264.0	52250.0
265.0	53373.0
266.0	54485.0
267.0	56238.0
268.0	57592.0
269.0	58688.0
270.0	60172.0
271.0	61705.0
272.0	63333.0
273.0	64672.0
274.0	66187.0
275.0	67816.0
276.0	68726.0
277.0	70295.0
278.0	72402.0
279.0	73752.0
280.0	76184.0
281.0	77476.0
282.0	79041.0
283.0	80945.0
284.0	82750.0
285.0	84554.0
286.0	85524.0
287.0	88016.0
288.0	89472.0
289.0	91559.0
290.0	93474.0
291.0	95617.0
292.0	97656.0
293.0	100747.0
294.0	101777.0
295.0	103726.0
296.0	106162.0
297.0	107823.0
298.0	109709.0
299.0	111956.0
300.0	114725.0
301.0	116587.0
302.0	119166.0
303.0	121423.0
304.0	123987.0
305.0	125157.0
306.0	128031.0
307.0	129601.0
308.0	131564.0
309.0	134421.0
310.0	137073.0
311.0	139766.0
312.0	141980.0
313.0	143691.0
314.0	147406.0
315.0	149974.0
316.0	151573.0
317.0	153527.0
318.0	155230.0
319.0	157890.0
320.0	160112.0
321.0	163433.0
322.0	165620.0
323.0	168551.0
324.0	171080.0
325.0	173292.0
326.0	175111.0
327.0	176804.0
328.0	179672.0
329.0	181727.0
330.0	183713.0
331.0	186375.0
332.0	189800.0
333.0	191923.0
334.0	194520.0
335.0	196362.0
336.0	198582.0
337.0	200179.0
338.0	201941.0
339.0	203936.0
340.0	206320.0
341.0	208263.0
342.0	211005.0
343.0	213196.0
344.0	215112.0
345.0	218821.0
346.0	219821.0
347.0	220502.0
348.0	223256.0
349.0	224186.0
350.0	224180.0
351.0	227363.0
352.0	230101.0
353.0	233092.0
354.0	233216.0
355.0	236671.0
356.0	237736.0
357.0	238127.0
358.0	240623.0
359.0	241589.0
360.0	242175.0
361.0	243766.0
362.0	245230.0
363.0	246833.0
364.0	249187.0
365.0	250547.0
366.0	251811.0
367.0	252549.0
368.0	254314.0
369.0	254558.0
370.0	256200.0
371.0	254984.0
372.0	257524.0
373.0	258088.0
374.0	258943.0
375.0	259999.0
376.0	262118.0
377.0	262400.0
378.0	262950.0
379.0	262760.0
380.0	262666.0
381.0	263484.0
382.0	263454.0
383.0	264724.0
384.0	263970.0
385.0	265761.0
386.0	267179.0
387.0	266417.0
388.0	266549.0
389.0	266651.0
390.0	265951.0
391.0	266010.0
392.0	266023.0
393.0	266120.0
394.0	265656.0
395.0	265311.0
396.0	266079.0
397.0	266563.0
398.0	265474.0
399.0	265546.0
400.0	263895.0
401.0	263435.0
402.0	263365.0
403.0	261448.0
404.0	260360.0
405.0	261164.0
406.0	262105.0
407.0	261724.0
408.0	261392.0
409.0	260597.0
410.0	258593.0
411.0	256758.0
412.0	256687.0
413.0	255457.0
414.0	255155.0
415.0	253840.0
416.0	253402.0
417.0	252440.0
418.0	252500.0
419.0	250660.0
420.0	250249.0
421.0	248448.0
422.0	247614.0
423.0	245626.0
424.0	243838.0
425.0	243163.0
426.0	243208.0
427.0	241956.0
428.0	241690.0
429.0	239485.0
430.0	238008.0
431.0	237734.0
432.0	235960.0
433.0	233807.0
434.0	232532.0
435.0	230997.0
436.0	230026.0
437.0	228783.0
438.0	227925.0
439.0	227525.0
440.0	225744.0
441.0	224269.0
442.0	221922.0
443.0	220630.0
444.0	219570.0
445.0	217689.0
446.0	216442.0
447.0	214557.0
448.0	212652.0
449.0	212220.0
450.0	210127.0
451.0	209320.0
452.0	207210.0
453.0	205621.0
454.0	204046.0
455.0	202001.0
456.0	201257.0
457.0	199725.0
458.0	199463.0
459.0	197938.0
460.0	196535.0
461.0	194957.0
462.0	194171.0
463.0	190873.0
464.0	189614.0
465.0	187347.0
466.0	186154.0
467.0	185268.0
468.0	183912.0
469.0	181948.0
470.0	181234.0
471.0	179414.0
472.0	178058.0
473.0	176979.0
474.0	174537.0
475.0	172658.0
476.0	171703.0
477.0	170553.0
478.0	169799.0
479.0	166930.0
480.0	166048.0
481.0	165189.0
482.0	163468.0
483.0	161978.0
484.0	161222.0
485.0	158716.0
486.0	156949.0
487.0	155683.0
488.0	154488.0
489.0	152925.0
490.0	152270.0
491.0	150802.0
492.0	149961.0
493.0	149024.0
494.0	146202.0
495.0	144601.0
496.0	143193.0
497.0	141953.0
498.0	141535.0
499.0	140763.0
500.0	139792.0
501.0	132165.0
502.0	131510.0
503.0	129904.0
504.0	129289.0
505.0	127615.0
506.0	124826.0
507.0	123986.0
508.0	123605.0
509.0	121649.0
510.0	120804.0
511.0	120011.0
512.0	119236.0
513.0	118229.0
514.0	118214.0
515.0	120157.0
516.0	113789.0
517.0	112626.0
518.0	111481.0
519.0	110578.0
520.0	109631.0
521.0	109258.0
522.0	108521.0
523.0	107747.0
524.0	107829.0
525.0	118676.0
526.0	172623.0
527.0	319097.0
528.0	613755.0
529.0	50371.0
530.0	50154.0
531.0	49908.0
532.0	49250.0
533.0	48849.0
534.0	48362.0
535.0	47906.0
536.0	46928.0
537.0	47266.0
538.0	46886.0
539.0	46164.0
540.0	46143.0
541.0	46086.0
542.0	45697.0
543.0	45595.0
544.0	46096.0
545.0	46066.0
546.0	46367.0
547.0	47862.0
548.0	50020.0
549.0	54025.0
550.0	57180.0
551.0	63102.0
552.0	68157.0
553.0	69902.0
554.0	70207.0
555.0	70120.0
556.0	69359.0
557.0	68468.0
558.0	67885.0
559.0	66997.0
560.0	65312.0
561.0	65133.0
562.0	64688.0
563.0	63160.0
564.0	62826.0
565.0	61938.0
566.0	60983.0
567.0	59703.0
568.0	58934.0
569.0	58065.0
570.0	57517.0
571.0	56247.0
572.0	55340.0
573.0	55123.0
574.0	54106.0
575.0	53238.0
576.0	52700.0
577.0	51779.0
578.0	50830.0
579.0	49895.0
580.0	49592.0
581.0	48935.0
582.0	48051.0
583.0	47863.0
584.0	47048.0
585.0	45856.0
586.0	45763.0
587.0	44956.0
588.0	44053.0
589.0	43480.0
590.0	42931.0
591.0	41961.0
592.0	41294.0
593.0	40911.0
594.0	40124.0
595.0	39566.0
596.0	39157.0
597.0	38481.0
598.0	38008.0
599.0	37207.0
600.0	36119.0
601.0	36396.0
602.0	35293.0
603.0	34657.0
604.0	34375.0
605.0	33846.0
606.0	33236.0
607.0	33048.0
608.0	32246.0
609.0	31413.0
610.0	31201.0
611.0	30495.0
612.0	30050.0
613.0	29521.0
614.0	28862.0
615.0	28506.0
616.0	28037.0
617.0	27637.0
618.0	27524.0
619.0	26698.0
620.0	26058.0
621.0	25713.0
622.0	25402.0
623.0	25063.0
624.0	24327.0
625.0	23857.0
626.0	23740.0
627.0	23170.0
628.0	22808.0
629.0	22922.0
630.0	21938.0
631.0	21455.0
632.0	21367.0
633.0	20883.0
634.0	20307.0
635.0	20278.0
636.0	20049.0
637.0	19318.0
638.0	19080.0
639.0	18821.0
640.0	18269.0
641.0	18168.0
642.0	17532.0
643.0	17181.0
644.0	17501.0
645.0	16882.0
646.0	16670.0
647.0	16177.0
648.0	15939.0
649.0	15652.0
650.0	15204.0
651.0	15345.0
652.0	14810.0
653.0	14360.0
654.0	14231.0
655.0	13946.0
656.0	13798.0
657.0	13693.0
658.0	13498.0
659.0	12977.0
660.0	12807.0
661.0	12391.0
662.0	12248.0
663.0	12223.0
664.0	11706.0
665.0	11620.0
666.0	11384.0
667.0	11146.0
668.0	10841.0
669.0	10685.0
670.0	10406.0
671.0	10313.0
672.0	10140.0
673.0	9684.0
674.0	9549.0
675.0	9703.0
676.0	9484.0
677.0	9197.0
678.0	8911.0
679.0	8865.0
680.0	8854.0
681.0	8711.0
682.0	8211.0
683.0	8105.0
684.0	8028.0
685.0	7818.0
686.0	7689.0
687.0	7560.0
688.0	7358.0
689.0	7160.0
690.0	7139.0
691.0	6845.0
692.0	6803.0
693.0	6775.0
694.0	6550.0
695.0	6594.0
696.0	6351.0
697.0	6208.0
698.0	6179.0
699.0	5794.0
700.0	5944.0
701.0	5627.0
702.0	5525.0
703.0	5459.0
704.0	5368.0
705.0	5293.0
706.0	5234.0
707.0	5109.0
708.0	4918.0
709.0	4873.0
710.0	4747.0
711.0	4694.0
712.0	4488.0
713.0	4544.0
714.0	4427.0
715.0	4349.0
716.0	4200.0
717.0	4095.0
718.0	4062.0
719.0	3913.0
720.0	3832.0
721.0	3700.0
722.0	3671.0
723.0	3705.0
724.0	3489.0
725.0	3484.0
726.0	3423.0
727.0	3367.0
728.0	3449.0
729.0	3292.0
730.0	3125.0
731.0	3093.0
732.0	3185.0
733.0	2987.0
734.0	2973.0
735.0	2926.0
736.0	2805.0
737.0	2620.0
738.0	2704.0
739.0	2802.0
740.0	2547.0
741.0	2562.0
742.0	2595.0
743.0	2471.0
744.0	2350.0
745.0	2266.0
746.0	2327.0
747.0	2231.0
748.0	2173.0
749.0	2161.0
750.0	2079.0
751.0	2084.0
752.0	2020.0
753.0	1995.0
754.0	1972.0
755.0	1926.0
756.0	1786.0
757.0	1834.0
758.0	1769.0
759.0	1718.0
760.0	1670.0
761.0	1665.0
762.0	1704.0
763.0	1605.0
764.0	1497.0
765.0	1600.0
766.0	1452.0
767.0	1441.0
768.0	1528.0
769.0	1399.0
770.0	1381.0
771.0	1439.0
772.0	1313.0
773.0	1313.0
774.0	1309.0
775.0	1298.0
776.0	1273.0
777.0	1292.0
778.0	1152.0
779.0	1085.0
780.0	1110.0
781.0	1097.0
782.0	1071.0
783.0	1087.0
784.0	1048.0
785.0	1055.0
786.0	1036.0
787.0	1068.0
788.0	983.0
789.0	996.0
790.0	963.0
791.0	832.0
792.0	911.0
793.0	872.0
794.0	874.0
795.0	883.0
796.0	829.0
797.0	821.0
798.0	804.0
799.0	731.0
800.0	749.0
801.0	757.0
802.0	736.0
803.0	698.0
804.0	683.0
805.0	735.0
806.0	640.0
807.0	714.0
808.0	642.0
809.0	659.0
810.0	673.0
811.0	665.0
812.0	670.0
813.0	609.0
814.0	658.0
815.0	583.0
816.0	591.0
817.0	589.0
818.0	537.0
819.0	538.0
820.0	538.0
821.0	541.0
822.0	497.0
823.0	512.0
824.0	461.0
825.0	501.0
826.0	464.0
827.0	462.0
828.0	449.0
829.0	499.0
830.0	453.0
831.0	430.0
832.0	462.0
833.0	419.0
834.0	421.0
835.0	437.0
836.0	389.0
837.0	404.0
838.0	415.0
839.0	414.0
840.0	397.0
841.0	403.0
842.0	364.0
843.0	365.0
844.0	372.0
845.0	356.0
846.0	334.0
847.0	341.0
848.0	326.0
849.0	325.0
850.0	349.0
851.0	314.0
852.0	289.0
853.0	320.0
854.0	339.0
855.0	290.0
856.0	302.0
857.0	295.0
858.0	291.0
859.0	289.0
860.0	281.0
861.0	294.0
862.0	278.0
863.0	278.0
864.0	260.0
865.0	264.0
866.0	263.0
867.0	243.0
868.0	254.0
869.0	231.0
870.0	247.0
871.0	251.0
872.0	266.0
873.0	213.0
874.0	230.0
875.0	195.0
876.0	207.0
877.0	218.0
878.0	214.0
879.0	244.0
880.0	228.0
881.0	210.0
882.0	215.0
883.0	188.0
884.0	170.0
885.0	186.0
886.0	212.0
887.0	174.0
888.0	191.0
889.0	162.0
890.0	189.0
891.0	186.0
892.0	171.0
893.0	156.0
894.0	203.0
895.0	183.0
896.0	155.0
897.0	177.0
898.0	199.0
899.0	148.0
900.0	171.0
901.0	166.0
902.0	139.0
903.0	181.0
904.0	148.0
905.0	144.0
906.0	172.0
907.0	138.0
908.0	147.0
909.0	180.0
910.0	134.0
911.0	143.0
912.0	146.0
913.0	148.0
914.0	145.0
915.0	129.0
916.0	140.0
917.0	125.0
918.0	134.0
919.0	134.0
920.0	151.0
921.0	143.0
922.0	123.0
923.0	135.0
924.0	129.0
925.0	152.0
926.0	123.0
927.0	134.0
928.0	147.0
929.0	126.0
930.0	113.0
931.0	127.0
932.0	115.0
933.0	132.0
934.0	141.0
935.0	143.0
936.0	114.0
937.0	138.0
938.0	128.0
939.0	95.0
940.0	126.0
941.0	110.0
942.0	105.0
