# This file was produced by samtools stats (1.14+htslib-1.14) and can be plotted using plot-bamstats
# This file contains statistics for all reads.
# The command line was:  stats merged/Alca_torda.PAJAbowtie.marked.bam
# CHK, Checksum	[2]Read Names	[3]Sequences	[4]Qualities
# CHK, CRC32 of reads which passed filtering followed by addition (32bit overflow)
CHK	3eac2942	54b9c2ca	cd37863d
# Summary Numbers. Use `grep ^SN | cut -f 2-` to extract this part.
SN	raw total sequences:	180857390	# excluding supplementary and secondary reads
SN	filtered sequences:	0
SN	sequences:	180857390
SN	is sorted:	1
SN	1st fragments:	180857390
SN	last fragments:	0
SN	reads mapped:	180857390
SN	reads mapped and paired:	0	# paired-end technology bit set + both mates mapped
SN	reads unmapped:	0
SN	reads properly paired:	0	# proper-pair bit set
SN	reads paired:	0	# paired-end technology bit set
SN	reads duplicated:	24073842	# PCR or optical duplicate bit set
SN	reads MQ0:	13133324	# mapped and MQ=0
SN	reads QC failed:	0
SN	non-primary alignments:	0
SN	supplementary alignments:	0
SN	total length:	17440043851	# ignores clipping
SN	total first fragment length:	17440043851	# ignores clipping
SN	total last fragment length:	0	# ignores clipping
SN	bases mapped:	17440043851	# ignores clipping
SN	bases mapped (cigar):	17440043851	# more accurate
SN	bases trimmed:	0
SN	bases duplicated:	2237290680
SN	mismatches:	970285545	# from NM fields
SN	error rate:	5.563550e-02	# mismatches / bases mapped (cigar)
SN	average length:	96
SN	average first fragment length:	96
SN	average last fragment length:	0
SN	maximum length:	100
SN	maximum first fragment length:	100
SN	maximum last fragment length:	0
SN	average quality:	36.7
SN	insert size average:	0.0
SN	insert size standard deviation:	0.0
SN	inward oriented pairs:	0
SN	outward oriented pairs:	0
SN	pairs with other orientation:	0
SN	pairs on different chromosomes:	0
SN	percentage of properly paired reads (%):	0.0
# First Fragment Qualities. Use `grep ^FFQ | cut -f 2-` to extract this part.
# Columns correspond to qualities and rows to cycles. First column is the cycle number.
FFQ	1	0	0	0	0	0	0	0	0	0	0	0	0	0	0	0	0	0	0	0	0	5	5	116447	700914	1	709727	2016603	2919110	1690641	309	9362664	67694320	27269	18898293	76721003	79	0	0	0	0	0	0	0
FFQ	2	0	0	9	0	0	0	0	0	128	0	286771	374	0	1	0	119	485894	1621	304	8382	1	4	198083	554899	4	489420	1781856	3215661	1236386	50	7625804	58187436	26968	10215688	96485480	52603	204	3145	53	31	3	8	0
FFQ	3	0	0	5519	0	0	0	0	0	182	0	267014	749	0	0	0	195	551460	2951	678	30598	3	46	235256	515903	5	647172	1670650	3259827	1462756	673	7326932	54381750	87178	9560752	100517389	303216	580	24300	363	3277	8	8	0
FFQ	4	0	0	513	0	0	0	0	0	370	2	231031	1592	1	0	0	349	260759	5973	1950	259528	0	133	192083	2094	10	535617	823420	58111	1230736	5280	2258365	62141	3254813	5330566	1611	38057857	2060	128271856	530	7621	392	26	0
FFQ	5	0	0	2482	0	0	0	0	0	1329	0	271501	5574	1	0	3	1298	286674	19573	7177	246767	0	635	207771	9418	13	581809	889705	67845	1295088	15356	2407220	74176	3430368	5598181	2551	38896621	13550	126512706	1053	9482	992	471	0
FFQ	6	0	0	282	0	0	0	36	1	28976	1	207068	75501	1	0	36	22671	50971	239495	129859	139037	0	21901	17174	236949	159	619345	829978	124515	746192	548926	2304187	298927	3777900	5237704	6121	35402598	4196581	125578641	1740	10899	1519	1499	0
FFQ	7	0	0	37	0	0	15	170	0	30696	0	218177	78997	41	0	213	24222	52653	255002	134465	137428	55	24283	18100	241286	431	626490	838171	152335	744324	556498	2322560	302353	3822644	5279704	15258	35630454	4245564	125070215	3810	24043	2690	4006	0
FFQ	8	0	0	9	0	0	60	106	7	28512	3	203197	75588	160	0	186	24135	52476	250003	131353	137266	574	27189	19502	241008	850	626066	823213	217135	703343	556388	2331166	304096	3846220	5273477	60654	35660109	4287724	124864925	9287	93232	3189	4982	0
FFQ	9	0	0	0	0	0	63	94	36	28224	5	202255	75956	212	20	146	23279	52207	242863	134449	139663	1066	27396	20679	243041	1464	635743	282864	847629	609554	569359	2353518	229053	3363064	3700022	2238518	11823880	4202	22348466	13271198	117377782	3757	5663	0
FFQ	10	0	0	0	0	0	110	77	73	27073	16	189646	70582	300	16	147	23184	51447	228689	132202	134943	1411	27472	21186	242581	2390	623788	280338	979348	453731	571156	2348899	227998	3349509	3712022	2200127	11866205	5584	22350889	13518553	117205243	4333	6122	0
FFQ	11	0	0	1	0	0	129	84	103	27335	147	190677	69859	407	14	131	22557	53785	224325	137429	138476	1694	29133	22158	251318	3598	632413	287772	1167488	276111	583278	2388600	230282	3386628	3764711	2198247	11996498	9529	22462103	13759441	116528907	5398	6624	0
FFQ	12	0	0	85	0	0	160	88	158	28321	348	192930	69775	487	38	129	22869	54262	224324	137907	138566	1827	29777	22657	253754	5892	636270	289273	1323085	122651	589925	2406373	232218	3409937	3791422	2193631	12072879	23317	22554194	13995821	116007419	12664	11957	0
FFQ	13	0	0	483	0	0	186	136	190	30522	605	202749	73235	592	45	148	24526	55764	230736	141595	141487	1888	30888	22909	254940	13529	638496	293947	1365133	94158	598665	2411933	253813	3419336	3830755	2195310	12102699	94031	22615428	14228272	115416518	45505	26238	0
FFQ	14	0	0	1130	0	0	176	155	260	28609	930	195560	70559	606	65	164	4399	71151	235792	149114	147171	2020	32655	24273	64763	215828	652247	301549	1392252	95148	616676	1027142	1582457	2402479	3810094	2602121	2329581	7436337	6374639	19823593	13417021	37243391	78505283	0
FFQ	15	0	0	775	0	0	185	234	350	30289	1393	196274	69780	659	78	258	5004	71765	231151	148622	144916	2156	33421	24637	68277	219493	653304	305331	1385337	96877	620054	1042906	1594073	2412874	3845261	2628383	2376288	7487761	6416724	19947817	13458925	37485166	77850592	0
FFQ	16	0	0	336	0	0	240	276	413	29323	1848	189563	66348	739	164	401	5823	71736	227044	150859	146157	2337	34528	25281	71695	226471	652720	309071	1389711	97742	629672	1057867	1602537	2407983	3885884	2621180	2422226	7516957	6448601	20085990	13474179	37758299	77245189	0
FFQ	17	0	0	96	0	0	192	354	586	32898	2862	205476	71875	861	198	535	7105	75643	223286	160859	154434	2507	37247	26500	77941	245497	667515	317763	1407122	102418	647979	1089948	1636274	2429243	3954068	2639238	2490534	7569452	6483440	20245078	13497335	37968480	76384551	0
FFQ	18	0	0	145	0	0	213	434	700	33962	3882	205440	70753	979	240	682	8533	76746	218743	173411	155627	2728	38921	27372	84051	256736	668726	323630	1420104	104850	655467	1115958	1648755	2446470	3978314	2682235	2546225	7608618	6543879	20390729	13594442	38205895	75562795	0
FFQ	19	0	0	250	0	0	235	535	864	35923	5507	206738	70398	1074	308	763	10331	72133	17779	384425	157717	2853	41220	28509	91368	274112	663889	328809	1423733	107637	666840	1146955	1668603	2454565	2436318	4280976	2612885	6828861	6299476	16892271	16063894	39376527	76202109	0
FFQ	20	0	0	187	0	0	245	684	1053	38810	7734	208398	69679	1225	454	965	12509	76160	23344	383115	160916	3365	43747	29757	100073	293614	662228	334082	1428842	111534	677768	1185567	1690451	2453218	2473164	4318273	2687518	6887128	6386729	17094676	16400014	39463736	75146428	0
FFQ	21	0	0	1	0	0	263	771	1345	41646	10221	207917	67485	1262	569	1241	15039	80124	30653	372095	163295	3678	46625	31565	110806	318218	651846	340651	1426560	114436	689627	1225192	1705140	2452231	2504130	4363546	2763647	6937728	6487076	17278397	16812223	39509155	74090986	0
FFQ	22	0	0	0	0	0	329	955	1623	44848	13606	203415	64132	1568	766	1414	17819	85138	40321	357736	164393	4151	49943	32771	122578	347778	636505	344956	1421242	118896	697195	1274349	1722843	2438754	2544469	4397023	2856638	6997679	6581682	17506722	17241692	39525274	72996187	0
FFQ	23	0	0	0	0	0	329	1209	2117	52590	19467	219831	68046	1754	1024	1790	21847	93989	52542	355761	175035	4609	55168	35121	138239	396957	628810	359860	1437079	124719	721442	1348508	1762997	2434772	2604649	4464599	2969638	7069881	6688623	17790715	17664128	39460370	71629175	0
FFQ	24	0	0	4	0	0	338	1420	2465	55827	24580	207014	58969	1894	1207	2130	25421	98689	65665	333669	172719	5176	58986	36153	151237	437749	599129	361280	1419752	128231	728809	1414031	1778541	2415126	2639906	4506586	3079080	7109788	6813051	18164020	17056800	37258078	73643870	0
FFQ	25	0	0	2038	0	0	366	1731	3035	63580	33781	211635	56336	2276	1518	2682	30807	108719	82465	319881	182321	5795	65198	38712	168542	504886	579372	376826	1433524	135835	751456	1507445	1819740	2396193	2716300	4565301	3215422	7182862	6896292	18485855	17143956	37717617	72047090	0
FFQ	26	0	0	5042	0	0	411	2163	3986	72977	44646	210531	49104	2585	1878	3454	36880	117910	99074	297584	186483	6665	71179	41527	183552	570902	549063	385591	1415985	142100	767574	1605680	1851623	2366739	2779850	4618570	3362797	7250999	6995466	18812818	17156707	38384981	70402314	0
FFQ	27	0	0	1	0	0	466	2640	4606	78262	55924	197479	38546	2905	2383	3986	42688	129212	114029	273209	189323	7805	77606	43848	196691	639709	525740	398292	1390450	149231	778872	1727641	1882242	2318007	2847298	4655986	3528865	7299099	7079994	19151221	17104174	39089897	68829063	0
FFQ	28	0	0	34	0	0	520	3230	5475	89254	72667	194081	29557	3499	2729	4798	49341	139651	120673	252925	193819	8822	85901	47764	207905	712882	504667	410667	1362518	159059	797406	1851045	1915695	2249110	2926071	4695229	3716157	7355107	7177138	19583740	16985523	39841989	67100742	0
FFQ	29	0	0	6	0	0	534	3923	7322	107801	98241	193193	20644	4136	3622	6235	59896	161846	129255	242925	203289	10541	96453	52209	221354	790648	509174	428982	1343793	172043	822389	2016056	1969630	2178950	3024292	4746563	3930102	7405362	7266984	20047669	16779222	40442009	65360097	0
FFQ	30	0	0	0	0	0	632	4261	8110	106968	109053	154813	10037	4536	4142	7182	66624	173012	122519	225552	202850	12170	97123	56204	232781	837517	527994	441922	1301172	184236	837866	2174297	2006084	2085898	3118510	4790563	4168679	7423702	7391226	20553960	16589542	40992247	63833406	0
FFQ	31	0	0	0	0	0	631	5259	10329	122464	137994	139208	4903	5188	4801	8749	76486	185653	109984	224844	208557	13932	108748	61143	240593	881843	549556	459986	1258760	198544	857999	2335622	2058126	1980047	3237336	4803829	4438637	7429204	7485158	21106737	16290959	41316362	62499219	0
FFQ	32	0	0	0	0	0	759	6164	12169	132375	162617	111685	2119	6085	6058	10439	87707	203989	94777	224235	212154	16314	118274	66608	248111	912232	599395	477218	1218314	213383	878505	2493962	2106546	1875070	3353245	4812854	4727926	7418367	7581277	21675006	15945004	41513395	61333052	0
FFQ	33	0	0	0	0	0	768	7404	15029	141965	192998	84960	1254	6937	7104	12329	99156	216742	76617	230143	221235	18683	131052	73803	254767	938017	648960	497822	1184887	231319	906698	2666997	2167301	1782446	3495162	4838329	5039027	7390295	7693170	22275221	15557629	41584813	60166351	0
FFQ	34	0	0	0	0	0	776	7556	16258	135590	200965	52862	1218	7456	8468	13860	107798	217840	57853	220931	215238	21242	135131	78005	256426	923443	692856	501193	1103118	246566	878512	2798076	2154384	1650935	3546369	4726133	5312029	7095111	7785107	22267635	15509257	41339320	60571873	0
FFQ	35	0	0	0	0	0	880	8815	18632	138602	218456	31610	1298	8628	9270	16106	119341	214919	43623	226995	221087	24137	142676	84387	262548	943742	709507	523504	1078320	266445	901759	2879510	2199244	1582602	3694955	4678473	5635220	6965420	7857464	22631807	15007773	41365596	60144039	0
FFQ	36	0	0	0	0	0	891	10384	22095	143090	238298	16934	1497	9470	10856	19093	129452	214144	35793	233001	229702	26823	155225	91650	273458	970020	717959	547842	1076112	292188	933373	2951487	2255775	1554460	3858828	4656942	5991039	6849239	7939192	22958356	14649965	41396464	59396293	0
FFQ	37	0	0	1	0	0	946	10826	24682	142018	245129	7658	1565	10087	12697	21408	137441	207574	32056	232846	230094	30067	161926	98603	281449	977058	716027	563089	1051861	318672	934076	3008495	2276637	1526413	3995951	4590797	6355879	6624103	8072328	23057893	14782066	41262403	58854569	0
FFQ	38	0	0	36	0	0	980	12436	27841	143031	253371	3123	1865	10963	14502	24375	148957	197280	33439	240587	238723	33346	176831	107142	295259	1008845	696711	591339	1068507	347212	967215	3005058	2335251	1551845	4171210	4563867	6704931	6501755	8147691	23191049	14599926	41283548	58157343	0
FFQ	39	0	0	41	0	0	1008	13971	32314	146205	262894	1356	2028	12210	16452	28638	162223	186644	37660	244152	247772	38426	177749	116931	334126	1052240	676433	623726	1096170	383829	1001725	3036115	2401550	1591769	4382316	4542695	7069485	6383222	8275516	22382897	15377048	41194029	57323825	0
FFQ	40	0	0	22	0	0	973	14755	34412	138965	253917	958	2358	12995	19100	31334	169985	169269	41695	239631	244748	44667	189843	129518	358344	1068590	665689	651937	1086665	427146	999705	3066277	2425075	1613214	4558239	4457132	7405781	6157922	8432795	22233845	15646780	40846512	57016597	0
FFQ	41	0	0	12	0	0	1077	15807	39048	136411	247724	845	2534	13928	21142	35138	174569	151496	46095	239299	247775	48102	196022	137236	374725	1071752	617001	673227	1091050	463597	1017420	3002240	2458273	1647400	4718654	4403516	7668976	6079057	8495155	22221073	15501560	40728641	56574856	0
FFQ	42	0	0	0	0	0	1151	17893	43234	134693	242966	809	2941	15562	23585	40297	179162	133531	50497	239078	249684	52561	203646	148437	396036	1078264	574113	697868	1099448	503868	1040727	2945278	2500844	1694702	4879722	4372251	7898999	6086315	8549441	22253719	15370642	40613065	55928294	0
FFQ	43	0	0	13	0	0	1045	17157	44220	122676	224730	835	3080	15933	26790	42942	179651	113674	51779	224313	238121	58468	201123	156616	412575	1043534	536870	709150	1055012	551924	1012357	2912849	2482866	1696818	4988700	4250922	8093000	5952426	8619902	21886199	15598715	40272256	56169096	0
FFQ	44	0	0	1097	0	0	1036	18990	50016	127779	234036	872	3390	17527	29784	47905	185159	100038	56121	226095	242624	63255	206484	168092	435423	1049743	486026	734293	1059494	598266	1036556	2827181	2527870	1741462	5126692	4245349	8255783	6040792	8686828	21847251	15442274	40099082	55647623	0
FFQ	45	0	0	743	0	0	1112	20698	53797	124151	221739	922	3719	18027	33543	51293	182414	81588	61139	217468	246378	99961	174679	176686	474779	1057356	468648	769343	1066424	654594	1068319	2762011	2587213	1800800	5268972	4287661	8413773	6162962	8780302	21844066	14984732	40228972	54917076	0
FFQ	46	0	0	19	0	0	1287	21836	57498	124111	211943	1014	3941	19174	39112	54257	176271	68730	65135	215291	245966	107820	175642	187616	502666	1050051	418854	797108	1067958	715917	1092900	2686063	2644321	1854516	5388562	4367392	8578100	6314051	8922848	21818700	14993276	40030901	54039424	0
FFQ	47	0	0	0	0	0	1345	22942	61271	122189	202534	1122	4416	20768	41614	58685	172022	59973	69956	216672	247632	116841	175751	202640	534679	1049783	374486	836469	1068799	786050	1122188	2620640	2712782	1914604	5494838	4492693	8758521	6477856	9097869	21791534	15045491	39716147	53053691	0
FFQ	48	0	0	2	0	0	1365	25405	70463	135602	218570	1290	4972	22123	48877	63463	169589	55588	75577	221765	255931	130741	180853	221767	579619	1059006	338144	887208	1084345	881980	1163500	2569132	2800691	1994035	5593213	4682260	8940517	6677612	9270011	21753105	15136579	39313960	51772653	0
FFQ	49	0	0	0	0	0	1234	24594	70041	126250	186415	1268	5265	22740	52572	66912	159163	50586	78522	218765	252499	141512	181410	243487	569338	1084158	293372	931008	1118476	967359	1195168	2547785	2886461	2066418	5692502	4864887	8995280	7042803	9524164	19419672	17602824	38896193	50464078	0
FFQ	50	0	0	2	0	0	1104	21052	63762	113189	163862	1242	5285	22175	52342	66947	140581	45588	76420	209172	240510	149466	177035	255447	592151	1057521	257267	960170	1087823	1058590	1196110	2517995	2934396	2117939	5737613	5039800	9282326	7166896	9763213	19250305	17947187	38393327	49532178	0
FFQ	51	0	0	312	0	0	1298	22739	69853	121403	165573	2027	8232	32320	97544	101715	221454	39601	70574	194193	203680	237248	209544	406538	872394	1409095	389620	1282040	1104964	2014944	1223240	4637643	3773196	2588061	9314550	6372793	10963631	7757637	16585856	22347388	23502912	29327956	29675901	0
FFQ	52	0	0	2810	0	0	1557	24024	71600	120680	144877	1692	7337	28098	79768	86883	142968	39368	73995	195550	212712	192917	186891	329582	735018	1066509	229635	1142165	1048739	1524327	1184244	3071083	3463621	2548544	7173576	6249682	10377011	7751513	13384348	21988631	27326078	35344412	29491291	0
FFQ	53	0	0	2	0	0	1332	19965	61264	101875	109366	1544	6802	24896	67443	74003	105002	36975	70227	184281	192571	178936	169288	303462	664640	904120	175462	1061798	967528	1379437	1165808	2439137	3169856	2386077	6063881	5935159	10362013	7731446	11160817	19789675	22719080	40103495	36891449	0
FFQ	54	0	0	22	0	0	1602	21369	65713	106595	101189	1688	7241	25234	66705	72783	83383	36986	71295	188276	191517	179009	164107	298722	648911	823577	156544	1056934	946857	1347799	1203251	2141436	3108244	2374902	5589246	5988716	10687029	7911271	10559008	18703394	19937811	37375013	44269241	0
FFQ	55	0	0	92	0	0	1752	21814	67508	111972	92548	1836	7636	21541	71034	78550	72649	35785	73690	191013	189953	178754	174542	314200	655572	538834	387435	1080269	918173	1401186	1238070	1994614	3131367	2407086	5360108	6233763	11139769	8111209	10155991	18421578	18945474	35579140	46836523	0
FFQ	56	0	0	1	0	0	1785	21859	69146	115357	81091	1986	8131	21769	73808	78378	62125	35505	74337	195214	185808	189326	175780	330705	661723	492077	389510	1112071	903656	1468311	1272821	1906483	3190787	2473886	5277554	6519277	11625986	8382088	10288914	17994716	18657491	34480552	47147799	0
FFQ	57	0	0	0	0	0	1964	22030	71235	121657	70394	2191	8909	22252	78667	80532	53515	36654	77305	207593	187849	202471	179729	356821	684185	459274	404478	1171916	907300	1556329	1340553	1848838	3301904	2580800	5268650	6899792	12130935	8705587	10496436	17726972	18549867	33534867	46332785	0
FFQ	58	0	0	0	0	0	2316	23305	75055	131128	63421	2426	9661	22944	82770	80479	47017	36709	79266	215897	187582	216877	187942	379043	699716	425966	415869	1233692	903855	1647407	1401125	1812419	3423130	2693813	5279528	7295807	12707803	9017500	10759270	17504479	18620958	32676987	45026827	0
FFQ	59	0	0	0	0	0	2447	23657	79223	140666	54856	2772	10579	23957	90554	74853	43275	37394	79167	233540	186465	200705	181147	458798	638941	379497	410500	1426165	899654	1745731	1468932	1800941	3573434	2823537	5315786	7724480	13341909	9377915	11020359	17298775	18456098	31751139	43707385	0
FFQ	60	0	0	0	0	0	2491	22508	77272	140225	42668	3020	11669	24579	93646	72516	39283	36510	79381	238627	178040	216370	184252	488421	637948	353733	411512	1498527	874975	1843936	1507595	1811715	3680357	2938145	5344373	8097689	14027596	9657067	11395201	16774231	18938551	30504474	42528656	0
FFQ	61	0	0	0	0	0	2639	22075	79237	142565	34119	3268	12134	24445	94467	68356	34984	36611	81057	249166	177127	226909	188308	514495	629180	333885	428439	1568050	864800	1909786	1575971	1812596	3801290	3073461	5352414	8531730	14761340	10081610	11674534	16433684	19132415	29426779	41080859	0
FFQ	62	0	0	0	0	0	2911	22061	82614	148791	26601	3439	12672	24672	95897	65824	32142	37149	81912	259204	172033	236373	192991	541227	613046	316254	444181	1638257	856821	1955862	1644532	1819784	3925931	3208623	5371708	8980836	15568187	10503183	11962320	16095575	19380668	28387741	39428319	0
FFQ	63	0	0	0	0	0	3205	22011	85694	155012	19971	3784	13830	25276	99560	63166	31952	37446	84904	273684	170980	252978	199277	577338	598741	308747	462704	1721584	850629	2009357	1726799	1862006	4062345	3353000	5411473	9440943	16440210	10949732	12276570	15735287	19608038	27282497	37588342	0
FFQ	64	0	0	4	0	0	3512	22036	88974	157248	14364	4199	14534	25583	99939	60094	31288	37472	86643	285242	167391	267932	201994	608255	576891	302218	480842	1797273	841637	2037553	1807766	1914632	4200393	3497499	5470094	9924236	17385514	11423854	12652635	15319826	19870424	26123152	35667452	0
FFQ	65	0	0	0	0	0	3758	21454	93424	160365	9791	4546	15870	26398	102423	57616	26207	43401	88438	278950	184045	283015	208123	592170	605060	304477	501821	1862309	714516	2051496	2044858	1996157	4352433	3636866	5550547	10396286	18390785	11911296	13056578	14839576	20120580	24870288	33718823	0
FFQ	66	0	0	0	0	0	3893	20328	92312	154411	5734	5024	16881	25743	103055	54774	26465	42544	88144	281421	173344	297788	211164	617427	586147	302221	508560	1923210	687319	2075761	2106991	2092293	4457996	3770944	5609600	10796157	19516455	12366322	13486623	14034643	20694118	23195131	32347226	0
FFQ	67	0	0	2	0	0	4174	20613	97169	153000	3454	5604	18248	26336	101485	52309	26814	43180	90266	295209	170718	312964	216392	637933	560354	306311	535975	1991811	679051	2044198	2209271	2193749	4564878	3919418	5708073	11258648	20710703	12892343	13919803	13453579	20909990	21777833	30510328	0
FFQ	68	0	0	4	0	0	4648	20226	102926	154056	2068	5898	19226	26682	100122	49734	27657	44387	92209	309621	166700	325938	218529	659142	533650	311876	562920	2057374	679660	2000750	2310455	2303061	4654904	4065052	5832445	11751561	21972368	13451092	14380756	12812018	21153627	20376594	28520295	0
FFQ	69	0	0	21	0	0	4999	19370	104738	146352	1036	6367	19759	26682	98040	47486	29021	44313	93730	320701	160143	339636	224027	672241	514542	319881	589757	2118379	678575	1958399	2424871	2424384	4751543	4222208	5980915	12284816	23293272	14022962	14874703	12131428	21395082	18931643	26409608	0
FFQ	70	0	0	7	0	0	5323	19591	109563	146386	486	6924	20953	27855	98153	45887	31058	45469	96811	334512	156219	356332	228525	594261	434353	493590	615008	2186169	684673	1918920	2537730	2557557	4849200	4382628	6156143	12839230	24682378	14629452	15377050	11429421	21564042	17440105	24202407	0
FFQ	71	0	0	1	0	0	5592	18797	113328	140403	206	7598	22121	28087	96152	43593	32971	45575	98286	346628	150283	371843	230822	597848	418929	511324	643433	2249472	694871	1870483	2648749	2696580	4928131	4535914	6364010	13423914	26146638	15217491	15918937	10691029	21703926	15933001	21973222	0
FFQ	72	0	0	0	0	0	5952	18212	118879	136023	110	8405	23207	28711	92581	41614	35271	45944	100296	361819	144644	387750	233799	597832	403422	531378	680789	2300814	709806	1803131	2772708	2824531	5000549	4677156	6584638	14045688	27677017	15800004	16482858	9934666	21739983	14425300	19750556	0
FFQ	73	0	0	0	0	0	5948	16526	121533	130516	71	9128	24220	29020	89611	39094	37131	46364	102178	375196	140321	410680	235168	596875	394949	559188	711254	2364340	732914	1746806	2900419	2970408	5077929	4836297	6813943	14722227	29230343	16372973	17029474	9159621	21652639	12897253	17528763	0
FFQ	74	0	0	0	0	0	5881	15859	123994	124454	30	9671	24301	29666	85455	37075	38143	47434	102454	388251	135518	423934	233310	586511	389495	576585	746267	2413910	755714	1679324	3022669	3107310	5137523	4979567	7082447	15409909	30878358	16922224	17592367	8385814	21434814	11386715	15366584	0
FFQ	75	0	0	0	0	0	6017	14954	127417	119797	14	9983	24110	30691	82461	36352	39727	48441	105862	409605	132721	446405	237735	580499	389259	605316	787935	2224349	1052863	1621262	3178563	3245361	5239665	5140491	7346045	16165808	32503417	17436084	18068208	7610412	21038084	9900304	13211232	0
FFQ	76	0	0	0	0	0	6330	13991	126588	111515	18	15156	34171	34419	118158	30514	49775	40747	115174	381008	152364	676579	318333	765736	558048	878203	990052	3248692	1492463	2621369	4578491	5614016	8111754	8366859	9134745	21771517	27530742	18228585	13781754	6425562	19234871	6140153	7084700	0
FFQ	77	0	0	3	0	0	7101	14220	135337	107179	18	13027	29104	32929	88535	30129	46039	43296	107271	391878	127338	538108	258011	587064	438794	703312	846585	2571875	1266849	1762153	3910013	4353199	6601787	7128696	9478319	21919295	31174687	19277977	15337399	5825201	20865634	6301087	6030081	0
FFQ	78	0	0	2	0	0	7785	13036	133333	96120	12	13021	27668	32179	75425	28235	46919	43418	104545	393056	114720	502330	236262	509849	402250	654807	823764	2310600	1167729	1428764	3598738	3767682	5749272	6070178	8848151	20075810	36294760	19382613	17983577	5143414	19698863	6160741	5994915	0
FFQ	79	0	0	1	0	0	8376	12552	136527	87534	14	14047	28333	32341	68122	26788	48367	43890	104590	398123	109958	498829	228507	462288	392455	651952	835200	2203213	1164102	1258138	3514388	3559150	5437793	5663221	8507954	19393927	40222613	19531495	19355753	4476808	18401345	4863153	5776491	0
FFQ	80	0	0	2	0	0	8489	11750	139229	80123	21	15171	28571	33405	63836	25703	50471	44482	105857	401526	107782	507980	224560	424980	394901	664034	861527	2146116	1185649	1134919	3524450	3499132	5353227	5539446	8493595	19554432	43220447	19775417	19926439	3811015	17145145	3723386	4878628	0
FFQ	81	0	0	1	0	0	9059	11130	142890	71838	14	16175	28926	34786	59426	24839	53314	44807	108180	410796	108461	526259	224005	393491	407755	682595	900743	2133040	1230103	1050780	3599400	3505440	5387114	5554861	8615461	20080978	45720570	20020476	20030592	3204682	15683614	2805480	3801725	0
FFQ	82	0	0	1	0	0	9786	10988	154054	68662	15	17601	29769	36847	56637	24334	56574	45873	112392	427684	110765	547204	224439	365006	419553	707197	952045	2126446	1281059	975436	3701674	3528491	5476005	5627715	8773140	20804571	48007940	20207037	19809409	2654508	14035016	2052245	2809235	0
FFQ	83	0	0	0	0	0	9594	10125	155788	61452	17	19074	30260	37849	52434	23376	58796	46782	112924	433055	116787	567527	224026	336527	433674	728210	1005155	2121759	1328836	907796	3807748	3547961	5590638	5737690	8943528	21622302	50204670	20341751	19316125	2167827	12275734	1448311	1981072	0
FFQ	84	0	0	3	0	0	10349	9698	163238	55416	15	20140	30194	38707	48226	22536	61396	47822	115928	442706	120652	586031	220420	306304	449031	750185	1056143	2102717	1382770	843326	3912298	3572652	5721790	5847567	9109224	22478583	52346579	20390322	18575146	1744055	10454768	985559	1334593	0
FFQ	85	0	0	5	0	0	10639	9271	165225	48556	16	21051	30275	40509	43757	21597	63616	48403	117824	449209	125926	605886	216409	276160	464147	771760	1107994	2075318	1433608	778956	4010375	3574493	5841580	5964158	9250407	23323192	54454794	20393529	17606114	1371734	8677321	640376	860594	0
FFQ	86	0	0	4	0	0	11116	8796	173527	43399	21	22639	30347	41862	39614	20931	66566	49987	119051	459823	134361	624530	212297	248830	478317	796113	1174455	2036770	1491233	724236	4107830	3571773	5961815	6089509	9375165	24179253	56445985	20290679	16428852	1057212	6977546	396589	528888	0
FFQ	87	0	0	9	0	0	11253	8383	180594	38517	25	23996	31079	43388	36295	20028	68544	51700	122655	467229	141629	644291	205804	223520	497006	816592	1238882	1992300	1546414	674422	4208913	3573253	6087556	6209531	9484216	24978759	58383204	20084655	15053984	796187	5430247	234502	309094	0
FFQ	88	0	0	7	0	0	11885	7704	184451	33618	14	25757	31353	44567	32800	19217	72064	52358	125270	476325	150207	665648	199148	199448	515455	839647	1305987	1941161	1603044	630250	4299433	3566481	6192638	6332155	9579592	25759624	60261329	19750071	13536005	580916	4078160	131129	171904	0
FFQ	89	0	0	14	0	0	12147	7305	190223	29272	19	27611	31122	46968	29460	18474	75498	54639	129061	487308	160737	688797	192002	178548	539423	868593	1379819	1889578	1670576	592886	4403356	3580385	6290418	6467437	9659105	26504468	61969530	19263851	11917170	413370	2938286	70507	90654	0
FFQ	90	0	0	25	0	0	13038	8260	210993	27781	23	29937	33135	48867	27033	18348	78069	57011	133046	503290	172187	710394	183280	160245	558789	893868	1457623	1825811	1736393	558052	4481031	3596959	6383582	6595587	9739109	27182604	63536487	18668058	10262391	282615	2031302	36736	46791	0
FFQ	91	0	0	28	0	0	13003	6627	204767	21525	37	31018	32628	49865	23677	16999	80930	57130	136319	510638	186216	735034	173318	143486	580784	924249	1536245	1756946	1802640	527501	4571684	3608707	6464481	6723949	9797258	27821836	64989197	17947055	8643212	187537	1345385	19038	23891	0
FFQ	92	0	0	62	0	0	13510	6223	206715	17862	34	32357	32449	50371	19655	15846	83829	58469	138246	516169	196965	741423	157762	125959	592403	945010	1607728	1664493	1861184	495036	4634747	3625359	6527289	6844175	9864839	28399482	66367212	17130035	7118735	118947	851651	10236	12910	0
FFQ	93	0	0	102	0	0	13673	5818	210145	15062	30	34045	32194	51211	16523	15238	86437	59311	140514	524645	208755	751681	142762	112261	611035	971580	1683256	1567993	1923194	467078	4694117	3640999	6580103	6961963	9911743	28928645	67531184	16223340	5718850	72752	513720	6033	7487	0
FFQ	94	0	0	102	0	0	13806	5407	212189	12762	23	35299	32160	51342	13939	14080	88181	60786	143656	527969	222473	754672	126852	100120	624305	986511	1756288	1467308	1974828	435706	4734786	3659283	6629920	7062275	9950646	29393209	68580207	15249515	4495322	42574	294144	4028	5300	0
FFQ	95	0	0	143	0	0	14511	4994	215610	10749	27	36983	31659	13441	51521	12915	92159	62625	146039	541325	236733	762593	111188	92495	643771	1009427	1835011	1368690	2033136	405552	4784438	3680814	6681077	7150268	9977373	29759090	69378742	14241014	3461428	23781	161796	3202	4399	0
FFQ	96	0	0	329	0	0	15027	4580	215058	9352	24	38617	31102	12586	48861	12035	95318	64124	149777	549070	254129	756667	94926	84158	653563	1025230	1906177	1265195	2080973	376669	4817333	3703538	6722491	7232044	10010893	30093913	70001836	13206475	2627125	13139	85222	2678	3709	0
FFQ	97	0	0	1218	0	0	17822	4323	220157	8690	26	40621	29567	11464	46943	10700	103469	69254	157992	571211	274749	743572	78526	77689	660075	1033863	1960245	1153936	2112210	344384	4825156	3715567	6751030	7297035	10036892	30381067	70556218	12208121	1984797	7306	43775	2224	3324	0
FFQ	98	0	0	6244	0	0	17470	3792	197950	7339	32	37621	25462	9243	38895	8062	114255	71336	166572	576855	293029	729784	63799	73818	668119	1038840	2007777	1039363	2148999	310920	4811043	3725914	6774794	7333200	10070250	30596291	71007654	11267428	1506203	4122	22306	2006	3024	0
FFQ	99	0	0	892684	0	0	7344	1460	101409	3624	25	24409	15257	5127	20839	4247	124323	72883	173851	584852	308709	716994	50930	72099	676895	1050579	2060420	934805	2187210	281951	4821516	3754528	6811449	7380574	10095533	30736520	71211856	10355103	1159235	3326	12935	3292	5122	0
FFQ	100	0	0	1959581	0	0	3	0	73	52	0	21	10	4	2089	554	134248	77594	179310	605572	321366	695669	39693	71369	675737	1052106	2083169	823054	2199091	249568	4766156	3766352	6831724	7389357	10090646	30796491	71226726	9525799	917262	2994	8180	3837	6388	0
# Last Fragment Qualities. Use `grep ^LFQ | cut -f 2-` to extract this part.
# Columns correspond to qualities and rows to cycles. First column is the cycle number.
# GC Content of first fragments. Use `grep ^GCF | cut -f 2-` to extract this part.
GCF	0.25	406
GCF	0.75	402
GCF	1.26	373
GCF	1.76	337
GCF	2.26	360
GCF	2.76	355
GCF	3.27	358
GCF	3.77	390
GCF	4.27	477
GCF	4.77	777
GCF	5.28	786
GCF	5.78	815
GCF	6.28	914
GCF	6.78	1075
GCF	7.29	1486
GCF	7.79	1567
GCF	8.29	1705
GCF	8.79	1920
GCF	9.30	2352
GCF	9.80	3030
GCF	10.30	3279
GCF	10.80	3724
GCF	11.31	4274
GCF	11.81	5261
GCF	12.31	6408
GCF	12.81	7688
GCF	13.32	8446
GCF	13.82	10696
GCF	14.32	11804
GCF	14.82	15538
GCF	15.33	17223
GCF	15.83	22255
GCF	16.33	24200
GCF	16.83	33588
GCF	17.34	36982
GCF	17.84	49324
GCF	18.34	53040
GCF	18.84	75414
GCF	19.35	81120
GCF	19.85	117641
GCF	20.35	123149
GCF	20.85	174220
GCF	21.36	182316
GCF	21.86	260725
GCF	22.36	270718
GCF	22.86	383930
GCF	23.37	395991
GCF	23.87	557471
GCF	24.37	573115
GCF	24.87	795407
GCF	25.38	811556
GCF	25.88	1095942
GCF	26.38	1114482
GCF	26.88	1478929
GCF	27.39	1500803
GCF	27.89	1934823
GCF	28.39	1959643
GCF	28.89	2462113
GCF	29.40	2490168
GCF	29.90	3058241
GCF	30.40	3086872
GCF	30.90	3694619
GCF	31.41	3722454
GCF	31.91	4351449
GCF	32.41	4384124
GCF	32.91	4999150
GCF	33.42	5027429
GCF	33.92	5609276
GCF	34.42	5633319
GCF	34.92	6158931
GCF	35.43	6184721
GCF	35.93	6621854
GCF	36.43	6645945
GCF	36.93	6974968
GCF	37.44	6998343
GCF	37.94	7224792
GCF	38.44	7243029
GCF	38.94	7364941
GCF	39.45	7378700
GCF	39.95	7394450
GCF	40.45	7408778
GCF	40.95	7324272
GCF	41.46	7334038
GCF	41.96	7183667
GCF	42.46	7192007
GCF	42.96	6974041
GCF	43.47	6975621
GCF	43.97	6724550
GCF	44.47	6725693
GCF	44.97	6442285
GCF	45.48	6443520
GCF	45.98	6144013
GCF	46.48	6144112
GCF	46.98	5837590
GCF	47.49	5835266
GCF	47.99	5542600
GCF	48.49	5547361
GCF	48.99	5289138
GCF	49.50	5303524
GCF	50.00	5066468
GCF	50.50	5084261
GCF	51.01	4851771
GCF	51.51	4857643
GCF	52.01	4609857
GCF	52.51	4600375
GCF	53.02	4383547
GCF	53.52	4382150
GCF	54.02	4195317
GCF	54.52	4199227
GCF	55.03	4025148
GCF	55.53	4034926
GCF	56.03	3847492
GCF	56.53	3851548
GCF	57.04	3645955
GCF	57.54	3626311
GCF	58.04	3400948
GCF	58.54	3360649
GCF	59.05	3120317
GCF	59.55	3059457
GCF	60.05	2747910
GCF	60.55	2706731
GCF	61.06	2353455
GCF	61.56	2322283
GCF	62.06	2063584
GCF	62.56	2036721
GCF	63.07	1855374
GCF	63.57	1830281
GCF	64.07	1655957
GCF	64.57	1632343
GCF	65.08	1476387
GCF	65.58	1454922
GCF	66.08	1299597
GCF	66.58	1276194
GCF	67.09	1151536
GCF	67.59	1127860
GCF	68.09	997942
GCF	68.59	978210
GCF	69.10	858397
GCF	69.60	838692
GCF	70.10	725758
GCF	70.60	706611
GCF	71.11	609528
GCF	71.61	591509
GCF	72.11	501549
GCF	72.61	482854
GCF	73.12	406770
GCF	73.62	390944
GCF	74.12	329035
GCF	74.62	315995
GCF	75.13	261829
GCF	75.63	247694
GCF	76.13	205821
GCF	76.63	195072
GCF	77.14	161011
GCF	77.64	152217
GCF	78.14	123917
GCF	78.64	116165
GCF	79.15	95404
GCF	79.65	89898
GCF	80.15	72403
GCF	80.65	66834
GCF	81.16	53777
GCF	81.66	49840
GCF	82.16	39803
GCF	82.66	35925
GCF	83.17	27566
GCF	83.67	24811
GCF	84.17	19440
GCF	84.67	17214
GCF	85.18	13107
GCF	85.68	11346
GCF	86.18	8858
GCF	86.68	7690
GCF	87.19	6587
GCF	87.69	4979
GCF	88.19	3920
GCF	88.69	3201
GCF	89.20	2678
GCF	89.70	2310
GCF	90.20	1690
GCF	90.70	1224
GCF	91.21	1018
GCF	91.71	836
GCF	92.21	739
GCF	92.71	488
GCF	93.22	360
GCF	93.72	259
GCF	94.22	235
GCF	94.72	232
GCF	95.23	109
GCF	95.73	73
GCF	96.23	55
GCF	96.98	54
GCF	97.74	16
GCF	98.99	13
# GC Content of last fragments. Use `grep ^GCL | cut -f 2-` to extract this part.
# ACGT content per cycle. Use `grep ^GCC | cut -f 2-` to extract this part. The columns are: cycle; A,C,G,T base counts as a percentage of all A/C/G/T bases [%]; and N and O counts as a percentage of all A/C/G/T bases [%]
GCC	1	27.59	22.40	22.42	27.58	0.00	0.00
GCC	2	27.86	22.15	22.12	27.87	0.00	0.00
GCC	3	28.73	21.28	21.28	28.71	0.00	0.00
GCC	4	28.37	21.64	21.64	28.35	0.00	0.00
GCC	5	28.72	21.33	21.28	28.67	0.00	0.00
GCC	6	27.94	22.09	22.09	27.88	0.00	0.00
GCC	7	28.29	21.72	21.72	28.27	0.00	0.00
GCC	8	28.48	21.58	21.53	28.41	0.00	0.00
GCC	9	28.21	21.80	21.81	28.17	0.00	0.00
GCC	10	27.70	22.32	22.33	27.66	0.00	0.00
GCC	11	27.74	22.28	22.26	27.73	0.00	0.00
GCC	12	27.86	22.18	22.17	27.80	0.00	0.00
GCC	13	27.91	22.15	22.12	27.82	0.00	0.00
GCC	14	28.06	22.00	21.96	27.98	0.00	0.00
GCC	15	28.12	21.94	21.91	28.03	0.00	0.00
GCC	16	28.04	21.99	21.99	27.98	0.00	0.00
GCC	17	27.94	22.09	22.10	27.87	0.00	0.00
GCC	18	27.87	22.16	22.17	27.80	0.00	0.00
GCC	19	27.82	22.19	22.21	27.78	0.00	0.00
GCC	20	27.73	22.31	22.28	27.68	0.00	0.00
GCC	21	27.70	22.33	22.30	27.67	0.00	0.00
GCC	22	27.76	22.33	22.22	27.69	0.00	0.00
GCC	23	27.78	22.28	22.20	27.74	0.00	0.00
GCC	24	27.74	22.29	22.28	27.68	0.00	0.00
GCC	25	27.83	22.21	22.19	27.77	0.00	0.00
GCC	26	27.87	22.16	22.16	27.81	0.00	0.00
GCC	27	27.76	22.28	22.26	27.71	0.00	0.00
GCC	28	27.70	22.34	22.30	27.66	0.00	0.00
GCC	29	27.59	22.47	22.38	27.56	0.00	0.00
GCC	30	27.51	22.52	22.46	27.51	0.00	0.00
GCC	31	27.49	22.54	22.47	27.50	0.00	0.00
GCC	32	27.54	22.49	22.43	27.54	0.00	0.00
GCC	33	27.67	22.34	22.33	27.66	0.00	0.00
GCC	34	27.67	22.35	22.31	27.67	0.00	0.00
GCC	35	27.69	22.31	22.29	27.71	0.00	0.00
GCC	36	27.67	22.36	22.30	27.68	0.00	0.00
GCC	37	27.67	22.37	22.29	27.67	0.00	0.00
GCC	38	27.66	22.37	22.31	27.66	0.00	0.00
GCC	39	27.58	22.45	22.41	27.57	0.00	0.00
GCC	40	27.47	22.53	22.51	27.48	0.00	0.00
GCC	41	27.44	22.58	22.52	27.46	0.00	0.00
GCC	42	27.47	22.51	22.51	27.51	0.00	0.00
GCC	43	27.55	22.50	22.42	27.53	0.00	0.00
GCC	44	27.50	22.52	22.47	27.52	0.00	0.00
GCC	45	27.62	22.39	22.37	27.62	0.00	0.00
GCC	46	27.64	22.37	22.33	27.66	0.00	0.00
GCC	47	27.65	22.35	22.34	27.66	0.00	0.00
GCC	48	27.68	22.32	22.32	27.68	0.00	0.00
GCC	49	27.57	22.40	22.41	27.61	0.00	0.00
GCC	50	27.47	22.52	22.52	27.49	0.00	0.00
GCC	51	27.48	22.51	22.53	27.48	0.00	0.00
GCC	52	27.56	22.43	22.42	27.58	0.00	0.00
GCC	53	27.61	22.37	22.38	27.64	0.00	0.00
GCC	54	27.57	22.42	22.41	27.59	0.00	0.00
GCC	55	27.55	22.48	22.44	27.53	0.00	0.00
GCC	56	27.57	22.41	22.43	27.58	0.00	0.00
GCC	57	27.60	22.40	22.40	27.59	0.00	0.00
GCC	58	27.60	22.43	22.40	27.57	0.00	0.00
GCC	59	27.65	22.37	22.36	27.62	0.00	0.00
GCC	60	27.58	22.43	22.44	27.55	0.00	0.00
GCC	61	27.49	22.54	22.52	27.46	0.00	0.00
GCC	62	27.49	22.55	22.51	27.45	0.00	0.00
GCC	63	27.56	22.45	22.46	27.54	0.00	0.00
GCC	64	27.62	22.40	22.38	27.60	0.00	0.00
GCC	65	27.68	22.32	22.34	27.65	0.00	0.00
GCC	66	27.70	22.31	22.33	27.67	0.00	0.00
GCC	67	27.66	22.38	22.36	27.61	0.00	0.00
GCC	68	27.60	22.43	22.42	27.55	0.00	0.00
GCC	69	27.64	22.40	22.36	27.60	0.00	0.00
GCC	70	27.68	22.34	22.33	27.65	0.00	0.00
GCC	71	27.69	22.32	22.35	27.64	0.00	0.00
GCC	72	27.66	22.36	22.36	27.62	0.00	0.00
GCC	73	27.67	22.34	22.35	27.64	0.00	0.00
GCC	74	27.71	22.28	22.33	27.67	0.00	0.00
GCC	75	27.76	22.24	22.27	27.74	0.00	0.00
GCC	76	27.81	22.21	22.19	27.78	0.00	0.00
GCC	77	27.77	22.24	22.25	27.74	0.00	0.00
GCC	78	27.70	22.30	22.34	27.65	0.00	0.00
GCC	79	27.68	22.30	22.37	27.65	0.00	0.00
GCC	80	27.61	22.37	22.43	27.59	0.00	0.00
GCC	81	27.57	22.40	22.48	27.55	0.00	0.00
GCC	82	27.58	22.41	22.43	27.57	0.00	0.00
GCC	83	27.65	22.36	22.37	27.62	0.00	0.00
GCC	84	27.70	22.30	22.32	27.69	0.00	0.00
GCC	85	27.75	22.26	22.27	27.72	0.00	0.00
GCC	86	27.84	22.14	22.19	27.83	0.00	0.00
GCC	87	27.85	22.14	22.18	27.83	0.00	0.00
GCC	88	27.82	22.16	22.21	27.81	0.00	0.00
GCC	89	27.81	22.18	22.23	27.78	0.00	0.00
GCC	90	27.77	22.25	22.26	27.72	0.00	0.00
GCC	91	27.65	22.32	22.37	27.66	0.00	0.00
GCC	92	27.62	22.36	22.39	27.63	0.00	0.00
GCC	93	27.68	22.30	22.34	27.68	0.00	0.00
GCC	94	27.72	22.26	22.28	27.74	0.00	0.00
GCC	95	27.76	22.21	22.26	27.77	0.00	0.00
GCC	96	27.86	22.13	22.17	27.84	0.00	0.00
GCC	97	27.90	22.09	22.11	27.90	0.00	0.00
GCC	98	27.89	22.08	22.11	27.92	0.00	0.00
GCC	99	27.85	22.14	22.16	27.85	0.00	0.00
GCC	100	27.76	22.23	22.24	27.77	0.00	0.00
# ACGT content per cycle, read oriented. Use `grep ^GCT | cut -f 2-` to extract this part. The columns are: cycle; A,C,G,T base counts as a percentage of all A/C/G/T bases [%]
GCT	1	26.73	25.69	19.13	28.45
GCT	2	30.56	21.17	23.11	25.16
GCT	3	28.09	21.85	20.71	29.35
GCT	4	27.98	21.62	21.66	28.75
GCT	5	28.36	20.54	22.08	29.03
GCT	6	28.29	21.74	22.44	27.53
GCT	7	28.20	20.98	22.46	28.36
GCT	8	27.96	21.64	21.47	28.92
GCT	9	27.28	21.92	21.69	29.10
GCT	10	27.42	22.38	22.27	27.94
GCT	11	27.51	22.43	22.11	27.95
GCT	12	27.78	22.26	22.08	27.87
GCT	13	27.95	22.19	22.08	27.79
GCT	14	28.20	22.02	21.93	27.84
GCT	15	28.21	21.95	21.91	27.93
GCT	16	28.19	21.93	22.06	27.82
GCT	17	28.09	22.00	22.19	27.72
GCT	18	27.98	22.12	22.21	27.68
GCT	19	27.96	22.11	22.29	27.64
GCT	20	27.84	22.27	22.32	27.57
GCT	21	27.74	22.38	22.25	27.63
GCT	22	27.71	22.41	22.14	27.74
GCT	23	27.61	22.38	22.09	27.91
GCT	24	27.64	22.38	22.19	27.79
GCT	25	27.75	22.29	22.11	27.85
GCT	26	27.83	22.16	22.16	27.85
GCT	27	27.84	22.20	22.33	27.63
GCT	28	27.82	22.27	22.37	27.55
GCT	29	27.68	22.33	22.52	27.47
GCT	30	27.56	22.47	22.51	27.46
GCT	31	27.49	22.61	22.40	27.50
GCT	32	27.48	22.59	22.32	27.61
GCT	33	27.60	22.51	22.17	27.72
GCT	34	27.56	22.45	22.21	27.78
GCT	35	27.71	22.35	22.26	27.69
GCT	36	27.75	22.33	22.33	27.59
GCT	37	27.79	22.30	22.37	27.55
GCT	38	27.80	22.28	22.41	27.51
GCT	39	27.70	22.33	22.53	27.44
GCT	40	27.48	22.47	22.58	27.47
GCT	41	27.43	22.58	22.53	27.46
GCT	42	27.41	22.61	22.40	27.57
GCT	43	27.40	22.54	22.38	27.68
GCT	44	27.36	22.57	22.42	27.66
GCT	45	27.57	22.50	22.26	27.68
GCT	46	27.67	22.34	22.36	27.63
GCT	47	27.81	22.30	22.39	27.50
GCT	48	27.84	22.22	22.42	27.52
GCT	49	27.71	22.25	22.56	27.48
GCT	50	27.64	22.33	22.70	27.32
GCT	51	27.62	22.44	22.60	27.34
GCT	52	27.64	22.50	22.36	27.50
GCT	53	27.62	22.45	22.31	27.62
GCT	54	27.48	22.54	22.30	27.68
GCT	55	27.51	22.55	22.37	27.57
GCT	56	27.61	22.45	22.39	27.54
GCT	57	27.61	22.44	22.37	27.58
GCT	58	27.68	22.39	22.44	27.49
GCT	59	27.77	22.29	22.44	27.50
GCT	60	27.65	22.36	22.51	27.48
GCT	61	27.48	22.57	22.48	27.46
GCT	62	27.45	22.70	22.35	27.50
GCT	63	27.42	22.69	22.22	27.68
GCT	64	27.49	22.60	22.18	27.73
GCT	65	27.61	22.43	22.23	27.72
GCT	66	27.67	22.41	22.23	27.69
GCT	67	27.68	22.37	22.37	27.59
GCT	68	27.68	22.40	22.45	27.47
GCT	69	27.71	22.38	22.38	27.53
GCT	70	27.77	22.31	22.36	27.56
GCT	71	27.61	22.44	22.23	27.72
GCT	72	27.56	22.57	22.14	27.72
GCT	73	27.58	22.58	22.11	27.73
GCT	74	27.64	22.49	22.12	27.74
GCT	75	27.68	22.41	22.10	27.82
GCT	76	27.72	22.33	22.08	27.87
GCT	77	27.75	22.28	22.21	27.76
GCT	78	27.77	22.32	22.33	27.58
GCT	79	27.83	22.26	22.41	27.50
GCT	80	27.78	22.37	22.43	27.42
GCT	81	27.68	22.46	22.42	27.44
GCT	82	27.65	22.51	22.33	27.51
GCT	83	27.62	22.49	22.24	27.65
GCT	84	27.60	22.44	22.18	27.79
GCT	85	27.64	22.43	22.10	27.83
GCT	86	27.71	22.30	22.04	27.96
GCT	87	27.82	22.24	22.08	27.86
GCT	88	27.85	22.22	22.16	27.77
GCT	89	27.86	22.21	22.20	27.73
GCT	90	27.77	22.30	22.21	27.71
GCT	91	27.62	22.44	22.25	27.69
GCT	92	27.58	22.54	22.21	27.67
GCT	93	27.61	22.51	22.12	27.75
GCT	94	27.62	22.47	22.06	27.84
GCT	95	27.64	22.46	22.01	27.89
GCT	96	27.70	22.38	21.91	28.00
GCT	97	27.84	22.28	21.92	27.96
GCT	98	27.92	22.20	21.98	27.89
GCT	99	27.90	22.21	22.09	27.80
GCT	100	27.82	22.24	22.23	27.71
# ACGT content per cycle for first fragments. Use `grep ^FBC | cut -f 2-` to extract this part. The columns are: cycle; A,C,G,T base counts as a percentage of all A/C/G/T bases [%]; and N and O counts as a percentage of all A/C/G/T bases [%]
FBC	1	27.59	22.40	22.42	27.58	0.00	0.00
FBC	2	27.86	22.15	22.12	27.87	0.00	0.00
FBC	3	28.73	21.28	21.28	28.71	0.00	0.00
FBC	4	28.37	21.64	21.64	28.35	0.00	0.00
FBC	5	28.72	21.33	21.28	28.67	0.00	0.00
FBC	6	27.94	22.09	22.09	27.88	0.00	0.00
FBC	7	28.29	21.72	21.72	28.27	0.00	0.00
FBC	8	28.48	21.58	21.53	28.41	0.00	0.00
FBC	9	28.21	21.80	21.81	28.17	0.00	0.00
FBC	10	27.70	22.32	22.33	27.66	0.00	0.00
FBC	11	27.74	22.28	22.26	27.73	0.00	0.00
FBC	12	27.86	22.18	22.17	27.80	0.00	0.00
FBC	13	27.91	22.15	22.12	27.82	0.00	0.00
FBC	14	28.06	22.00	21.96	27.98	0.00	0.00
FBC	15	28.12	21.94	21.91	28.03	0.00	0.00
FBC	16	28.04	21.99	21.99	27.98	0.00	0.00
FBC	17	27.94	22.09	22.10	27.87	0.00	0.00
FBC	18	27.87	22.16	22.17	27.80	0.00	0.00
FBC	19	27.82	22.19	22.21	27.78	0.00	0.00
FBC	20	27.73	22.31	22.28	27.68	0.00	0.00
FBC	21	27.70	22.33	22.30	27.67	0.00	0.00
FBC	22	27.76	22.33	22.22	27.69	0.00	0.00
FBC	23	27.78	22.28	22.20	27.74	0.00	0.00
FBC	24	27.74	22.29	22.28	27.68	0.00	0.00
FBC	25	27.83	22.21	22.19	27.77	0.00	0.00
FBC	26	27.87	22.16	22.16	27.81	0.00	0.00
FBC	27	27.76	22.28	22.26	27.71	0.00	0.00
FBC	28	27.70	22.34	22.30	27.66	0.00	0.00
FBC	29	27.59	22.47	22.38	27.56	0.00	0.00
FBC	30	27.51	22.52	22.46	27.51	0.00	0.00
FBC	31	27.49	22.54	22.47	27.50	0.00	0.00
FBC	32	27.54	22.49	22.43	27.54	0.00	0.00
FBC	33	27.67	22.34	22.33	27.66	0.00	0.00
FBC	34	27.67	22.35	22.31	27.67	0.00	0.00
FBC	35	27.69	22.31	22.29	27.71	0.00	0.00
FBC	36	27.67	22.36	22.30	27.68	0.00	0.00
FBC	37	27.67	22.37	22.29	27.67	0.00	0.00
FBC	38	27.66	22.37	22.31	27.66	0.00	0.00
FBC	39	27.58	22.45	22.41	27.57	0.00	0.00
FBC	40	27.47	22.53	22.51	27.48	0.00	0.00
FBC	41	27.44	22.58	22.52	27.46	0.00	0.00
FBC	42	27.47	22.51	22.51	27.51	0.00	0.00
FBC	43	27.55	22.50	22.42	27.53	0.00	0.00
FBC	44	27.50	22.52	22.47	27.52	0.00	0.00
FBC	45	27.62	22.39	22.37	27.62	0.00	0.00
FBC	46	27.64	22.37	22.33	27.66	0.00	0.00
FBC	47	27.65	22.35	22.34	27.66	0.00	0.00
FBC	48	27.68	22.32	22.32	27.68	0.00	0.00
FBC	49	27.57	22.40	22.41	27.61	0.00	0.00
FBC	50	27.47	22.52	22.52	27.49	0.00	0.00
FBC	51	27.48	22.51	22.53	27.48	0.00	0.00
FBC	52	27.56	22.43	22.42	27.58	0.00	0.00
FBC	53	27.61	22.37	22.38	27.64	0.00	0.00
FBC	54	27.57	22.42	22.41	27.59	0.00	0.00
FBC	55	27.55	22.48	22.44	27.53	0.00	0.00
FBC	56	27.57	22.41	22.43	27.58	0.00	0.00
FBC	57	27.60	22.40	22.40	27.59	0.00	0.00
FBC	58	27.60	22.43	22.40	27.57	0.00	0.00
FBC	59	27.65	22.37	22.36	27.62	0.00	0.00
FBC	60	27.58	22.43	22.44	27.55	0.00	0.00
FBC	61	27.49	22.54	22.52	27.46	0.00	0.00
FBC	62	27.49	22.55	22.51	27.45	0.00	0.00
FBC	63	27.56	22.45	22.46	27.54	0.00	0.00
FBC	64	27.62	22.40	22.38	27.60	0.00	0.00
FBC	65	27.68	22.32	22.34	27.65	0.00	0.00
FBC	66	27.70	22.31	22.33	27.67	0.00	0.00
FBC	67	27.66	22.38	22.36	27.61	0.00	0.00
FBC	68	27.60	22.43	22.42	27.55	0.00	0.00
FBC	69	27.64	22.40	22.36	27.60	0.00	0.00
FBC	70	27.68	22.34	22.33	27.65	0.00	0.00
FBC	71	27.69	22.32	22.35	27.64	0.00	0.00
FBC	72	27.66	22.36	22.36	27.62	0.00	0.00
FBC	73	27.67	22.34	22.35	27.64	0.00	0.00
FBC	74	27.71	22.28	22.33	27.67	0.00	0.00
FBC	75	27.76	22.24	22.27	27.74	0.00	0.00
FBC	76	27.81	22.21	22.19	27.78	0.00	0.00
FBC	77	27.77	22.24	22.25	27.74	0.00	0.00
FBC	78	27.70	22.30	22.34	27.65	0.00	0.00
FBC	79	27.68	22.30	22.37	27.65	0.00	0.00
FBC	80	27.61	22.37	22.43	27.59	0.00	0.00
FBC	81	27.57	22.40	22.48	27.55	0.00	0.00
FBC	82	27.58	22.41	22.43	27.57	0.00	0.00
FBC	83	27.65	22.36	22.37	27.62	0.00	0.00
FBC	84	27.70	22.30	22.32	27.69	0.00	0.00
FBC	85	27.75	22.26	22.27	27.72	0.00	0.00
FBC	86	27.84	22.14	22.19	27.83	0.00	0.00
FBC	87	27.85	22.14	22.18	27.83	0.00	0.00
FBC	88	27.82	22.16	22.21	27.81	0.00	0.00
FBC	89	27.81	22.18	22.23	27.78	0.00	0.00
FBC	90	27.77	22.25	22.26	27.72	0.00	0.00
FBC	91	27.65	22.32	22.37	27.66	0.00	0.00
FBC	92	27.62	22.36	22.39	27.63	0.00	0.00
FBC	93	27.68	22.30	22.34	27.68	0.00	0.00
FBC	94	27.72	22.26	22.28	27.74	0.00	0.00
FBC	95	27.76	22.21	22.26	27.77	0.00	0.00
FBC	96	27.86	22.13	22.17	27.84	0.00	0.00
FBC	97	27.90	22.09	22.11	27.90	0.00	0.00
FBC	98	27.89	22.08	22.11	27.92	0.00	0.00
FBC	99	27.85	22.14	22.16	27.85	0.00	0.00
FBC	100	27.76	22.23	22.24	27.77	0.00	0.00
# ACGT raw counters for first fragments. Use `grep ^FTC | cut -f 2-` to extract this part. The columns are: A,C,G,T,N base counters
FTC	4837803629	3884600092	3883427615	4834186589	25926
# ACGT content per cycle for last fragments. Use `grep ^LBC | cut -f 2-` to extract this part. The columns are: cycle; A,C,G,T base counts as a percentage of all A/C/G/T bases [%]; and N and O counts as a percentage of all A/C/G/T bases [%]
# ACGT raw counters for last fragments. Use `grep ^LTC | cut -f 2-` to extract this part. The columns are: A,C,G,T,N base counters
LTC	0	0	0	0	0
# Insert sizes. Use `grep ^IS | cut -f 2-` to extract this part. The columns are: insert size, pairs total, inward oriented pairs, outward oriented pairs, other pairs
# Read lengths. Use `grep ^RL | cut -f 2-` to extract this part. The columns are: read length, count
RL	40	294957
RL	41	299110
RL	42	294986
RL	43	300049
RL	44	300228
RL	45	307789
RL	46	312778
RL	47	345980
RL	48	356332
RL	49	347193
RL	50	348319
RL	51	305933
RL	52	263624
RL	53	267492
RL	54	269590
RL	55	275217
RL	56	284577
RL	57	293247
RL	58	304756
RL	59	307474
RL	60	312974
RL	61	324444
RL	62	331269
RL	63	338477
RL	64	345849
RL	65	346577
RL	66	355983
RL	67	361955
RL	68	374601
RL	69	381259
RL	70	384183
RL	71	394145
RL	72	414723
RL	73	431783
RL	74	462088
RL	75	434297
RL	76	433622
RL	77	414987
RL	78	416205
RL	79	412495
RL	80	422037
RL	81	436453
RL	82	440173
RL	83	450091
RL	84	462305
RL	85	474863
RL	86	501265
RL	87	511834
RL	88	538205
RL	89	579867
RL	90	593910
RL	91	609463
RL	92	649898
RL	93	673506
RL	94	721254
RL	95	776776
RL	96	718725
RL	97	765407
RL	98	55896
RL	99	222070
RL	100	156501845
# Read lengths - first fragments. Use `grep ^FRL | cut -f 2-` to extract this part. The columns are: read length, count
FRL	40	294957
FRL	41	299110
FRL	42	294986
FRL	43	300049
FRL	44	300228
FRL	45	307789
FRL	46	312778
FRL	47	345980
FRL	48	356332
FRL	49	347193
FRL	50	348319
FRL	51	305933
FRL	52	263624
FRL	53	267492
FRL	54	269590
FRL	55	275217
FRL	56	284577
FRL	57	293247
FRL	58	304756
FRL	59	307474
FRL	60	312974
FRL	61	324444
FRL	62	331269
FRL	63	338477
FRL	64	345849
FRL	65	346577
FRL	66	355983
FRL	67	361955
FRL	68	374601
FRL	69	381259
FRL	70	384183
FRL	71	394145
FRL	72	414723
FRL	73	431783
FRL	74	462088
FRL	75	434297
FRL	76	433622
FRL	77	414987
FRL	78	416205
FRL	79	412495
FRL	80	422037
FRL	81	436453
FRL	82	440173
FRL	83	450091
FRL	84	462305
FRL	85	474863
FRL	86	501265
FRL	87	511834
FRL	88	538205
FRL	89	579867
FRL	90	593910
FRL	91	609463
FRL	92	649898
FRL	93	673506
FRL	94	721254
FRL	95	776776
FRL	96	718725
FRL	97	765407
FRL	98	55896
FRL	99	222070
FRL	100	156501845
# Read lengths - last fragments. Use `grep ^LRL | cut -f 2-` to extract this part. The columns are: read length, count
# Indel distribution. Use `grep ^ID | cut -f 2-` to extract this part. The columns are: length, number of insertions, number of deletions
ID	1	11609653	9693335
ID	2	4695700	3393684
ID	3	3100228	1963757
ID	4	2256922	1306825
ID	5	1314226	700135
ID	6	1083920	598083
ID	7	754134	360704
ID	8	628766	310185
ID	9	441230	195713
ID	10	324037	140653
ID	11	226082	93777
ID	12	147458	62170
ID	13	82999	33149
ID	14	48626	19997
ID	15	22842	9734
ID	16	8136	3130
ID	17	4263	1442
ID	18	1081	389
# Indels per cycle. Use `grep ^IC | cut -f 2-` to extract this part. The columns are: cycle, number of insertions (fwd), .. (rev) , number of deletions (fwd), .. (rev)
IC	2	7869	0	0	0
IC	3	37439	0	12643	0
IC	4	90804	0	98405	0
IC	5	3062131	0	150415	0
IC	6	1147040	0	152539	0
IC	7	598332	0	165993	0
IC	8	416344	0	173085	0
IC	9	338391	0	191667	0
IC	10	302550	0	195187	0
IC	11	288790	0	206271	0
IC	12	282062	0	208106	0
IC	13	282394	0	207945	0
IC	14	310854	0	221261	0
IC	15	290094	0	219092	0
IC	16	276436	0	222346	0
IC	17	272528	0	224097	0
IC	18	267844	0	226382	0
IC	19	260997	0	224124	0
IC	20	259453	0	232052	0
IC	21	260351	0	232460	0
IC	22	259921	0	228274	0
IC	23	255975	0	232131	0
IC	24	253866	0	230894	0
IC	25	252618	0	231884	0
IC	26	252162	0	240211	0
IC	27	251404	0	235901	0
IC	28	250917	0	234519	0
IC	29	251668	0	233587	0
IC	30	249085	0	231639	0
IC	31	246546	0	228903	0
IC	32	247321	0	226313	0
IC	33	244999	0	225918	0
IC	34	243080	0	227777	0
IC	35	243496	0	227181	0
IC	36	243036	0	220860	0
IC	37	243268	0	220128	0
IC	38	245755	0	221284	0
IC	39	244998	0	219297	0
IC	40	245220	0	220162	0
IC	41	243211	0	220899	0
IC	42	240645	0	219452	0
IC	43	238984	0	218337	0
IC	44	236754	0	214688	0
IC	45	235918	0	214971	0
IC	46	237110	0	213761	0
IC	47	237373	0	214124	0
IC	48	235451	0	215865	0
IC	49	236887	0	216966	0
IC	50	235987	0	214464	0
IC	51	231606	0	213324	0
IC	52	233704	0	215994	0
IC	53	235688	0	213098	0
IC	54	234290	0	212861	0
IC	55	232989	0	212781	0
IC	56	234734	0	212491	0
IC	57	234439	0	212215	0
IC	58	232872	0	213058	0
IC	59	231847	0	213656	0
IC	60	231064	0	211053	0
IC	61	230549	0	210952	0
IC	62	230097	0	212623	0
IC	63	230417	0	210225	0
IC	64	228385	0	206900	0
IC	65	226682	0	206494	0
IC	66	226425	0	205755	0
IC	67	226409	0	206053	0
IC	68	226955	0	205397	0
IC	69	227161	0	208362	0
IC	70	228592	0	208105	0
IC	71	227460	0	205739	0
IC	72	226023	0	206436	0
IC	73	226111	0	204254	0
IC	74	225656	0	201682	0
IC	75	224814	0	200819	0
IC	76	220691	0	200591	0
IC	77	225840	0	200706	0
IC	78	225272	0	196785	0
IC	79	225713	0	196235	0
IC	80	227808	0	194581	0
IC	81	233908	0	193034	0
IC	82	231381	0	192789	0
IC	83	233424	0	191150	0
IC	84	236279	0	189052	0
IC	85	238206	0	185868	0
IC	86	239481	0	182744	0
IC	87	240793	0	179235	0
IC	88	239669	0	175175	0
IC	89	240468	0	171476	0
IC	90	242009	0	164551	0
IC	91	241586	0	157051	0
IC	92	235382	0	147549	0
IC	93	233180	0	137177	0
IC	94	224752	0	126840	0
IC	95	208522	0	121891	0
IC	96	150012	0	77102	0
IC	97	39658	0	10493	0
IC	98	14919	0	0	0
IC	99	23	0	0	0
# Coverage distribution. Use `grep ^COV | cut -f 2-` to extract this part.
COV	[1-1]	1	9660373
COV	[2-2]	2	12111094
COV	[3-3]	3	16437240
COV	[4-4]	4	22885411
COV	[5-5]	5	31277501
COV	[6-6]	6	40998350
COV	[7-7]	7	50937897
COV	[8-8]	8	59902653
COV	[9-9]	9	66852932
COV	[10-10]	10	70976421
COV	[11-11]	11	72186436
COV	[12-12]	12	70844296
COV	[13-13]	13	67489148
COV	[14-14]	14	62830965
COV	[15-15]	15	57458352
COV	[16-16]	16	51899267
COV	[17-17]	17	46454160
COV	[18-18]	18	41373766
COV	[19-19]	19	36676237
COV	[20-20]	20	32440293
COV	[21-21]	21	28583108
COV	[22-22]	22	25132467
COV	[23-23]	23	22039776
COV	[24-24]	24	19272729
COV	[25-25]	25	16776390
COV	[26-26]	26	14550058
COV	[27-27]	27	12565681
COV	[28-28]	28	10816523
COV	[29-29]	29	9246561
COV	[30-30]	30	7881702
COV	[31-31]	31	6683421
COV	[32-32]	32	5647018
COV	[33-33]	33	4750618
COV	[34-34]	34	3993522
COV	[35-35]	35	3337883
COV	[36-36]	36	2781749
COV	[37-37]	37	2323021
COV	[38-38]	38	1931734
COV	[39-39]	39	1597209
COV	[40-40]	40	1325329
COV	[41-41]	41	1104003
COV	[42-42]	42	913990
COV	[43-43]	43	762685
COV	[44-44]	44	637938
COV	[45-45]	45	536728
COV	[46-46]	46	452132
COV	[47-47]	47	385612
COV	[48-48]	48	329002
COV	[49-49]	49	284597
COV	[50-50]	50	246465
COV	[51-51]	51	217295
COV	[52-52]	52	193183
COV	[53-53]	53	173247
COV	[54-54]	54	157875
COV	[55-55]	55	141887
COV	[56-56]	56	131071
COV	[57-57]	57	121713
COV	[58-58]	58	112925
COV	[59-59]	59	104684
COV	[60-60]	60	98511
COV	[61-61]	61	92727
COV	[62-62]	62	87733
COV	[63-63]	63	82401
COV	[64-64]	64	77994
COV	[65-65]	65	74271
COV	[66-66]	66	71033
COV	[67-67]	67	67742
COV	[68-68]	68	65066
COV	[69-69]	69	62614
COV	[70-70]	70	59937
COV	[71-71]	71	57479
COV	[72-72]	72	55207
COV	[73-73]	73	53099
COV	[74-74]	74	51176
COV	[75-75]	75	48786
COV	[76-76]	76	46459
COV	[77-77]	77	44715
COV	[78-78]	78	43621
COV	[79-79]	79	41860
COV	[80-80]	80	39790
COV	[81-81]	81	38681
COV	[82-82]	82	37841
COV	[83-83]	83	35963
COV	[84-84]	84	35309
COV	[85-85]	85	33665
COV	[86-86]	86	32762
COV	[87-87]	87	31642
COV	[88-88]	88	31211
COV	[89-89]	89	30204
COV	[90-90]	90	29465
COV	[91-91]	91	28582
COV	[92-92]	92	28206
COV	[93-93]	93	26552
COV	[94-94]	94	26005
COV	[95-95]	95	25232
COV	[96-96]	96	24554
COV	[97-97]	97	23745
COV	[98-98]	98	23107
COV	[99-99]	99	22354
COV	[100-100]	100	21555
COV	[101-101]	101	21151
COV	[102-102]	102	20449
COV	[103-103]	103	19566
COV	[104-104]	104	19342
COV	[105-105]	105	18713
COV	[106-106]	106	18691
COV	[107-107]	107	18224
COV	[108-108]	108	18157
COV	[109-109]	109	17505
COV	[110-110]	110	16647
COV	[111-111]	111	16542
COV	[112-112]	112	16116
COV	[113-113]	113	15490
COV	[114-114]	114	15175
COV	[115-115]	115	14798
COV	[116-116]	116	14617
COV	[117-117]	117	14079
COV	[118-118]	118	13624
COV	[119-119]	119	13899
COV	[120-120]	120	13384
COV	[121-121]	121	13127
COV	[122-122]	122	12764
COV	[123-123]	123	12962
COV	[124-124]	124	12525
COV	[125-125]	125	12416
COV	[126-126]	126	12084
COV	[127-127]	127	11687
COV	[128-128]	128	11692
COV	[129-129]	129	11630
COV	[130-130]	130	11277
COV	[131-131]	131	11073
COV	[132-132]	132	10718
COV	[133-133]	133	10680
COV	[134-134]	134	10399
COV	[135-135]	135	10137
COV	[136-136]	136	9854
COV	[137-137]	137	9823
COV	[138-138]	138	9678
COV	[139-139]	139	9558
COV	[140-140]	140	9191
COV	[141-141]	141	8947
COV	[142-142]	142	8994
COV	[143-143]	143	8688
COV	[144-144]	144	8629
COV	[145-145]	145	8405
COV	[146-146]	146	8385
COV	[147-147]	147	8180
COV	[148-148]	148	8156
COV	[149-149]	149	8007
COV	[150-150]	150	7959
COV	[151-151]	151	7960
COV	[152-152]	152	7795
COV	[153-153]	153	7569
COV	[154-154]	154	7444
COV	[155-155]	155	7474
COV	[156-156]	156	7400
COV	[157-157]	157	7170
COV	[158-158]	158	6989
COV	[159-159]	159	7083
COV	[160-160]	160	6830
COV	[161-161]	161	6784
COV	[162-162]	162	6672
COV	[163-163]	163	6742
COV	[164-164]	164	6424
COV	[165-165]	165	6500
COV	[166-166]	166	6378
COV	[167-167]	167	6297
COV	[168-168]	168	6043
COV	[169-169]	169	6054
COV	[170-170]	170	5946
COV	[171-171]	171	5938
COV	[172-172]	172	5857
COV	[173-173]	173	5798
COV	[174-174]	174	5738
COV	[175-175]	175	5703
COV	[176-176]	176	5562
COV	[177-177]	177	5440
COV	[178-178]	178	5336
COV	[179-179]	179	5252
COV	[180-180]	180	5276
COV	[181-181]	181	5302
COV	[182-182]	182	5183
COV	[183-183]	183	5099
COV	[184-184]	184	5245
COV	[185-185]	185	5079
COV	[186-186]	186	4990
COV	[187-187]	187	4910
COV	[188-188]	188	4875
COV	[189-189]	189	4696
COV	[190-190]	190	4778
COV	[191-191]	191	4642
COV	[192-192]	192	4429
COV	[193-193]	193	4518
COV	[194-194]	194	4367
COV	[195-195]	195	4375
COV	[196-196]	196	4271
COV	[197-197]	197	4392
COV	[198-198]	198	4280
COV	[199-199]	199	4130
COV	[200-200]	200	4177
COV	[201-201]	201	4064
COV	[202-202]	202	3936
COV	[203-203]	203	3925
COV	[204-204]	204	3953
COV	[205-205]	205	3932
COV	[206-206]	206	3844
COV	[207-207]	207	3965
COV	[208-208]	208	3650
COV	[209-209]	209	3785
COV	[210-210]	210	3694
COV	[211-211]	211	3620
COV	[212-212]	212	3623
COV	[213-213]	213	3640
COV	[214-214]	214	3580
COV	[215-215]	215	3557
COV	[216-216]	216	3584
COV	[217-217]	217	3558
COV	[218-218]	218	3431
COV	[219-219]	219	3416
COV	[220-220]	220	3382
COV	[221-221]	221	3189
COV	[222-222]	222	3200
COV	[223-223]	223	3210
COV	[224-224]	224	3348
COV	[225-225]	225	3186
COV	[226-226]	226	3228
COV	[227-227]	227	3131
COV	[228-228]	228	3132
COV	[229-229]	229	3240
COV	[230-230]	230	3100
COV	[231-231]	231	3072
COV	[232-232]	232	2998
COV	[233-233]	233	3033
COV	[234-234]	234	3004
COV	[235-235]	235	2873
COV	[236-236]	236	2928
COV	[237-237]	237	2906
COV	[238-238]	238	2813
COV	[239-239]	239	2830
COV	[240-240]	240	2725
COV	[241-241]	241	2734
COV	[242-242]	242	2784
COV	[243-243]	243	2697
COV	[244-244]	244	2703
COV	[245-245]	245	2603
COV	[246-246]	246	2729
COV	[247-247]	247	2663
COV	[248-248]	248	2625
COV	[249-249]	249	2706
COV	[250-250]	250	2563
COV	[251-251]	251	2605
COV	[252-252]	252	2513
COV	[253-253]	253	2536
COV	[254-254]	254	2470
COV	[255-255]	255	2463
COV	[256-256]	256	2465
COV	[257-257]	257	2399
COV	[258-258]	258	2420
COV	[259-259]	259	2378
COV	[260-260]	260	2305
COV	[261-261]	261	2356
COV	[262-262]	262	2350
COV	[263-263]	263	2349
COV	[264-264]	264	2349
COV	[265-265]	265	2251
COV	[266-266]	266	2177
COV	[267-267]	267	2202
COV	[268-268]	268	2234
COV	[269-269]	269	2289
COV	[270-270]	270	2234
COV	[271-271]	271	2204
COV	[272-272]	272	2104
COV	[273-273]	273	2141
COV	[274-274]	274	2102
COV	[275-275]	275	2106
COV	[276-276]	276	2050
COV	[277-277]	277	1967
COV	[278-278]	278	2033
COV	[279-279]	279	2018
COV	[280-280]	280	1969
COV	[281-281]	281	2033
COV	[282-282]	282	2092
COV	[283-283]	283	2098
COV	[284-284]	284	2096
COV	[285-285]	285	2110
COV	[286-286]	286	2019
COV	[287-287]	287	1996
COV	[288-288]	288	1995
COV	[289-289]	289	1951
COV	[290-290]	290	1979
COV	[291-291]	291	1949
COV	[292-292]	292	1927
COV	[293-293]	293	1894
COV	[294-294]	294	1894
COV	[295-295]	295	1929
COV	[296-296]	296	1961
COV	[297-297]	297	1848
COV	[298-298]	298	1844
COV	[299-299]	299	1897
COV	[300-300]	300	1820
COV	[301-301]	301	1789
COV	[302-302]	302	1816
COV	[303-303]	303	1775
COV	[304-304]	304	1837
COV	[305-305]	305	1795
COV	[306-306]	306	1808
COV	[307-307]	307	1777
COV	[308-308]	308	1759
COV	[309-309]	309	1744
COV	[310-310]	310	1828
COV	[311-311]	311	1792
COV	[312-312]	312	1662
COV	[313-313]	313	1649
COV	[314-314]	314	1664
COV	[315-315]	315	1685
COV	[316-316]	316	1602
COV	[317-317]	317	1601
COV	[318-318]	318	1517
COV	[319-319]	319	1500
COV	[320-320]	320	1492
COV	[321-321]	321	1575
COV	[322-322]	322	1449
COV	[323-323]	323	1514
COV	[324-324]	324	1478
COV	[325-325]	325	1492
COV	[326-326]	326	1416
COV	[327-327]	327	1515
COV	[328-328]	328	1421
COV	[329-329]	329	1459
COV	[330-330]	330	1466
COV	[331-331]	331	1471
COV	[332-332]	332	1418
COV	[333-333]	333	1426
COV	[334-334]	334	1439
COV	[335-335]	335	1481
COV	[336-336]	336	1452
COV	[337-337]	337	1450
COV	[338-338]	338	1448
COV	[339-339]	339	1373
COV	[340-340]	340	1376
COV	[341-341]	341	1344
COV	[342-342]	342	1310
COV	[343-343]	343	1444
COV	[344-344]	344	1331
COV	[345-345]	345	1279
COV	[346-346]	346	1357
COV	[347-347]	347	1289
COV	[348-348]	348	1282
COV	[349-349]	349	1271
COV	[350-350]	350	1228
COV	[351-351]	351	1282
COV	[352-352]	352	1310
COV	[353-353]	353	1230
COV	[354-354]	354	1234
COV	[355-355]	355	1155
COV	[356-356]	356	1243
COV	[357-357]	357	1255
COV	[358-358]	358	1227
COV	[359-359]	359	1225
COV	[360-360]	360	1251
COV	[361-361]	361	1177
COV	[362-362]	362	1243
COV	[363-363]	363	1124
COV	[364-364]	364	1159
COV	[365-365]	365	1159
COV	[366-366]	366	1094
COV	[367-367]	367	1107
COV	[368-368]	368	1107
COV	[369-369]	369	1095
COV	[370-370]	370	1125
COV	[371-371]	371	1098
COV	[372-372]	372	1094
COV	[373-373]	373	1129
COV	[374-374]	374	1114
COV	[375-375]	375	1001
COV	[376-376]	376	1068
COV	[377-377]	377	1024
COV	[378-378]	378	958
COV	[379-379]	379	1015
COV	[380-380]	380	982
COV	[381-381]	381	991
COV	[382-382]	382	994
COV	[383-383]	383	1034
COV	[384-384]	384	1012
COV	[385-385]	385	982
COV	[386-386]	386	1011
COV	[387-387]	387	949
COV	[388-388]	388	926
COV	[389-389]	389	978
COV	[390-390]	390	985
COV	[391-391]	391	953
COV	[392-392]	392	952
COV	[393-393]	393	953
COV	[394-394]	394	873
COV	[395-395]	395	906
COV	[396-396]	396	960
COV	[397-397]	397	959
COV	[398-398]	398	937
COV	[399-399]	399	878
COV	[400-400]	400	894
COV	[401-401]	401	924
COV	[402-402]	402	914
COV	[403-403]	403	923
COV	[404-404]	404	879
COV	[405-405]	405	855
COV	[406-406]	406	856
COV	[407-407]	407	854
COV	[408-408]	408	845
COV	[409-409]	409	885
COV	[410-410]	410	923
COV	[411-411]	411	896
COV	[412-412]	412	881
COV	[413-413]	413	885
COV	[414-414]	414	902
COV	[415-415]	415	892
COV	[416-416]	416	853
COV	[417-417]	417	827
COV	[418-418]	418	821
COV	[419-419]	419	817
COV	[420-420]	420	782
COV	[421-421]	421	776
COV	[422-422]	422	805
COV	[423-423]	423	840
COV	[424-424]	424	793
COV	[425-425]	425	812
COV	[426-426]	426	842
COV	[427-427]	427	799
COV	[428-428]	428	849
COV	[429-429]	429	814
COV	[430-430]	430	759
COV	[431-431]	431	767
COV	[432-432]	432	752
COV	[433-433]	433	755
COV	[434-434]	434	749
COV	[435-435]	435	738
COV	[436-436]	436	765
COV	[437-437]	437	722
COV	[438-438]	438	762
COV	[439-439]	439	752
COV	[440-440]	440	781
COV	[441-441]	441	813
COV	[442-442]	442	788
COV	[443-443]	443	743
COV	[444-444]	444	744
COV	[445-445]	445	779
COV	[446-446]	446	701
COV	[447-447]	447	770
COV	[448-448]	448	739
COV	[449-449]	449	710
COV	[450-450]	450	722
COV	[451-451]	451	733
COV	[452-452]	452	706
COV	[453-453]	453	661
COV	[454-454]	454	694
COV	[455-455]	455	705
COV	[456-456]	456	697
COV	[457-457]	457	685
COV	[458-458]	458	674
COV	[459-459]	459	684
COV	[460-460]	460	684
COV	[461-461]	461	627
COV	[462-462]	462	680
COV	[463-463]	463	681
COV	[464-464]	464	649
COV	[465-465]	465	636
COV	[466-466]	466	666
COV	[467-467]	467	620
COV	[468-468]	468	623
COV	[469-469]	469	646
COV	[470-470]	470	649
COV	[471-471]	471	643
COV	[472-472]	472	597
COV	[473-473]	473	646
COV	[474-474]	474	607
COV	[475-475]	475	622
COV	[476-476]	476	576
COV	[477-477]	477	581
COV	[478-478]	478	626
COV	[479-479]	479	589
COV	[480-480]	480	558
COV	[481-481]	481	596
COV	[482-482]	482	567
COV	[483-483]	483	560
COV	[484-484]	484	536
COV	[485-485]	485	549
COV	[486-486]	486	637
COV	[487-487]	487	569
COV	[488-488]	488	586
COV	[489-489]	489	564
COV	[490-490]	490	540
COV	[491-491]	491	573
COV	[492-492]	492	534
COV	[493-493]	493	509
COV	[494-494]	494	576
COV	[495-495]	495	573
COV	[496-496]	496	561
COV	[497-497]	497	580
COV	[498-498]	498	583
COV	[499-499]	499	584
COV	[500-500]	500	580
COV	[501-501]	501	539
COV	[502-502]	502	544
COV	[503-503]	503	525
COV	[504-504]	504	547
COV	[505-505]	505	520
COV	[506-506]	506	538
COV	[507-507]	507	498
COV	[508-508]	508	551
COV	[509-509]	509	544
COV	[510-510]	510	530
COV	[511-511]	511	562
COV	[512-512]	512	501
COV	[513-513]	513	497
COV	[514-514]	514	536
COV	[515-515]	515	549
COV	[516-516]	516	506
COV	[517-517]	517	496
COV	[518-518]	518	500
COV	[519-519]	519	532
COV	[520-520]	520	437
COV	[521-521]	521	523
COV	[522-522]	522	446
COV	[523-523]	523	506
COV	[524-524]	524	516
COV	[525-525]	525	524
COV	[526-526]	526	522
COV	[527-527]	527	485
COV	[528-528]	528	465
COV	[529-529]	529	468
COV	[530-530]	530	503
COV	[531-531]	531	454
COV	[532-532]	532	517
COV	[533-533]	533	473
COV	[534-534]	534	513
COV	[535-535]	535	485
COV	[536-536]	536	472
COV	[537-537]	537	464
COV	[538-538]	538	451
COV	[539-539]	539	489
COV	[540-540]	540	506
COV	[541-541]	541	471
COV	[542-542]	542	476
COV	[543-543]	543	529
COV	[544-544]	544	505
COV	[545-545]	545	506
COV	[546-546]	546	486
COV	[547-547]	547	486
COV	[548-548]	548	490
COV	[549-549]	549	525
COV	[550-550]	550	545
COV	[551-551]	551	538
COV	[552-552]	552	502
COV	[553-553]	553	479
COV	[554-554]	554	464
COV	[555-555]	555	458
COV	[556-556]	556	491
COV	[557-557]	557	482
COV	[558-558]	558	470
COV	[559-559]	559	456
COV	[560-560]	560	456
COV	[561-561]	561	507
COV	[562-562]	562	429
COV	[563-563]	563	454
COV	[564-564]	564	491
COV	[565-565]	565	440
COV	[566-566]	566	449
COV	[567-567]	567	427
COV	[568-568]	568	460
COV	[569-569]	569	490
COV	[570-570]	570	448
COV	[571-571]	571	477
COV	[572-572]	572	447
COV	[573-573]	573	442
COV	[574-574]	574	444
COV	[575-575]	575	456
COV	[576-576]	576	421
COV	[577-577]	577	408
COV	[578-578]	578	452
COV	[579-579]	579	409
COV	[580-580]	580	432
COV	[581-581]	581	459
COV	[582-582]	582	402
COV	[583-583]	583	397
COV	[584-584]	584	442
COV	[585-585]	585	432
COV	[586-586]	586	454
COV	[587-587]	587	445
COV	[588-588]	588	447
COV	[589-589]	589	466
COV	[590-590]	590	431
COV	[591-591]	591	439
COV	[592-592]	592	442
COV	[593-593]	593	432
COV	[594-594]	594	429
COV	[595-595]	595	458
COV	[596-596]	596	439
COV	[597-597]	597	424
COV	[598-598]	598	434
COV	[599-599]	599	400
COV	[600-600]	600	364
COV	[601-601]	601	375
COV	[602-602]	602	395
COV	[603-603]	603	386
COV	[604-604]	604	372
COV	[605-605]	605	402
COV	[606-606]	606	409
COV	[607-607]	607	364
COV	[608-608]	608	341
COV	[609-609]	609	368
COV	[610-610]	610	384
COV	[611-611]	611	394
COV	[612-612]	612	354
COV	[613-613]	613	372
COV	[614-614]	614	313
COV	[615-615]	615	375
COV	[616-616]	616	354
COV	[617-617]	617	342
COV	[618-618]	618	361
COV	[619-619]	619	363
COV	[620-620]	620	376
COV	[621-621]	621	363
COV	[622-622]	622	329
COV	[623-623]	623	339
COV	[624-624]	624	339
COV	[625-625]	625	350
COV	[626-626]	626	314
COV	[627-627]	627	333
COV	[628-628]	628	320
COV	[629-629]	629	287
COV	[630-630]	630	319
COV	[631-631]	631	345
COV	[632-632]	632	336
COV	[633-633]	633	348
COV	[634-634]	634	353
COV	[635-635]	635	328
COV	[636-636]	636	332
COV	[637-637]	637	348
COV	[638-638]	638	384
COV	[639-639]	639	346
COV	[640-640]	640	359
COV	[641-641]	641	339
COV	[642-642]	642	363
COV	[643-643]	643	375
COV	[644-644]	644	349
COV	[645-645]	645	349
COV	[646-646]	646	386
COV	[647-647]	647	327
COV	[648-648]	648	332
COV	[649-649]	649	373
COV	[650-650]	650	365
COV	[651-651]	651	317
COV	[652-652]	652	361
COV	[653-653]	653	348
COV	[654-654]	654	330
COV	[655-655]	655	354
COV	[656-656]	656	364
COV	[657-657]	657	331
COV	[658-658]	658	344
COV	[659-659]	659	307
COV	[660-660]	660	326
COV	[661-661]	661	356
COV	[662-662]	662	352
COV	[663-663]	663	334
COV	[664-664]	664	390
COV	[665-665]	665	319
COV	[666-666]	666	317
COV	[667-667]	667	335
COV	[668-668]	668	305
COV	[669-669]	669	347
COV	[670-670]	670	313
COV	[671-671]	671	290
COV	[672-672]	672	357
COV	[673-673]	673	306
COV	[674-674]	674	300
COV	[675-675]	675	306
COV	[676-676]	676	338
COV	[677-677]	677	312
COV	[678-678]	678	305
COV	[679-679]	679	299
COV	[680-680]	680	318
COV	[681-681]	681	303
COV	[682-682]	682	302
COV	[683-683]	683	302
COV	[684-684]	684	298
COV	[685-685]	685	327
COV	[686-686]	686	331
COV	[687-687]	687	331
COV	[688-688]	688	361
COV	[689-689]	689	300
COV	[690-690]	690	297
COV	[691-691]	691	323
COV	[692-692]	692	308
COV	[693-693]	693	293
COV	[694-694]	694	300
COV	[695-695]	695	274
COV	[696-696]	696	303
COV	[697-697]	697	265
COV	[698-698]	698	288
COV	[699-699]	699	308
COV	[700-700]	700	289
COV	[701-701]	701	339
COV	[702-702]	702	332
COV	[703-703]	703	303
COV	[704-704]	704	315
COV	[705-705]	705	329
COV	[706-706]	706	290
COV	[707-707]	707	284
COV	[708-708]	708	312
COV	[709-709]	709	298
COV	[710-710]	710	280
COV	[711-711]	711	266
COV	[712-712]	712	258
COV	[713-713]	713	291
COV	[714-714]	714	272
COV	[715-715]	715	263
COV	[716-716]	716	284
COV	[717-717]	717	269
COV	[718-718]	718	246
COV	[719-719]	719	285
COV	[720-720]	720	275
COV	[721-721]	721	293
COV	[722-722]	722	290
COV	[723-723]	723	254
COV	[724-724]	724	287
COV	[725-725]	725	285
COV	[726-726]	726	269
COV	[727-727]	727	247
COV	[728-728]	728	253
COV	[729-729]	729	257
COV	[730-730]	730	250
COV	[731-731]	731	254
COV	[732-732]	732	244
COV	[733-733]	733	243
COV	[734-734]	734	278
COV	[735-735]	735	244
COV	[736-736]	736	234
COV	[737-737]	737	240
COV	[738-738]	738	240
COV	[739-739]	739	257
COV	[740-740]	740	226
COV	[741-741]	741	273
COV	[742-742]	742	249
COV	[743-743]	743	279
COV	[744-744]	744	233
COV	[745-745]	745	240
COV	[746-746]	746	233
COV	[747-747]	747	247
COV	[748-748]	748	228
COV	[749-749]	749	211
COV	[750-750]	750	251
COV	[751-751]	751	226
COV	[752-752]	752	226
COV	[753-753]	753	243
COV	[754-754]	754	225
COV	[755-755]	755	217
COV	[756-756]	756	266
COV	[757-757]	757	223
COV	[758-758]	758	262
COV	[759-759]	759	245
COV	[760-760]	760	238
COV	[761-761]	761	228
COV	[762-762]	762	220
COV	[763-763]	763	220
COV	[764-764]	764	234
COV	[765-765]	765	229
COV	[766-766]	766	238
COV	[767-767]	767	201
COV	[768-768]	768	250
COV	[769-769]	769	269
COV	[770-770]	770	236
COV	[771-771]	771	215
COV	[772-772]	772	245
COV	[773-773]	773	254
COV	[774-774]	774	238
COV	[775-775]	775	236
COV	[776-776]	776	217
COV	[777-777]	777	259
COV	[778-778]	778	235
COV	[779-779]	779	224
COV	[780-780]	780	232
COV	[781-781]	781	255
COV	[782-782]	782	258
COV	[783-783]	783	249
COV	[784-784]	784	257
COV	[785-785]	785	264
COV	[786-786]	786	228
COV	[787-787]	787	220
COV	[788-788]	788	233
COV	[789-789]	789	243
COV	[790-790]	790	218
COV	[791-791]	791	202
COV	[792-792]	792	216
COV	[793-793]	793	246
COV	[794-794]	794	232
COV	[795-795]	795	250
COV	[796-796]	796	215
COV	[797-797]	797	218
COV	[798-798]	798	250
COV	[799-799]	799	239
COV	[800-800]	800	230
COV	[801-801]	801	224
COV	[802-802]	802	215
COV	[803-803]	803	262
COV	[804-804]	804	214
COV	[805-805]	805	222
COV	[806-806]	806	228
COV	[807-807]	807	199
COV	[808-808]	808	227
COV	[809-809]	809	235
COV	[810-810]	810	229
COV	[811-811]	811	220
COV	[812-812]	812	206
COV	[813-813]	813	221
COV	[814-814]	814	222
COV	[815-815]	815	195
COV	[816-816]	816	222
COV	[817-817]	817	252
COV	[818-818]	818	214
COV	[819-819]	819	200
COV	[820-820]	820	198
COV	[821-821]	821	215
COV	[822-822]	822	234
COV	[823-823]	823	229
COV	[824-824]	824	224
COV	[825-825]	825	226
COV	[826-826]	826	236
COV	[827-827]	827	204
COV	[828-828]	828	190
COV	[829-829]	829	180
COV	[830-830]	830	210
COV	[831-831]	831	180
COV	[832-832]	832	175
COV	[833-833]	833	204
COV	[834-834]	834	201
COV	[835-835]	835	204
COV	[836-836]	836	187
COV	[837-837]	837	202
COV	[838-838]	838	189
COV	[839-839]	839	204
COV	[840-840]	840	177
COV	[841-841]	841	188
COV	[842-842]	842	187
COV	[843-843]	843	190
COV	[844-844]	844	205
COV	[845-845]	845	211
COV	[846-846]	846	171
COV	[847-847]	847	175
COV	[848-848]	848	197
COV	[849-849]	849	182
COV	[850-850]	850	192
COV	[851-851]	851	172
COV	[852-852]	852	205
COV	[853-853]	853	174
COV	[854-854]	854	175
COV	[855-855]	855	243
COV	[856-856]	856	198
COV	[857-857]	857	195
COV	[858-858]	858	195
COV	[859-859]	859	182
COV	[860-860]	860	150
COV	[861-861]	861	166
COV	[862-862]	862	167
COV	[863-863]	863	170
COV	[864-864]	864	168
COV	[865-865]	865	183
COV	[866-866]	866	176
COV	[867-867]	867	191
COV	[868-868]	868	175
COV	[869-869]	869	193
COV	[870-870]	870	198
COV	[871-871]	871	187
COV	[872-872]	872	168
COV	[873-873]	873	181
COV	[874-874]	874	204
COV	[875-875]	875	186
COV	[876-876]	876	182
COV	[877-877]	877	161
COV	[878-878]	878	156
COV	[879-879]	879	184
COV	[880-880]	880	167
COV	[881-881]	881	156
COV	[882-882]	882	177
COV	[883-883]	883	169
COV	[884-884]	884	185
COV	[885-885]	885	161
COV	[886-886]	886	178
COV	[887-887]	887	160
COV	[888-888]	888	152
COV	[889-889]	889	149
COV	[890-890]	890	186
COV	[891-891]	891	157
COV	[892-892]	892	167
COV	[893-893]	893	159
COV	[894-894]	894	178
COV	[895-895]	895	158
COV	[896-896]	896	155
COV	[897-897]	897	154
COV	[898-898]	898	160
COV	[899-899]	899	187
COV	[900-900]	900	173
COV	[901-901]	901	149
COV	[902-902]	902	155
COV	[903-903]	903	167
COV	[904-904]	904	160
COV	[905-905]	905	164
COV	[906-906]	906	170
COV	[907-907]	907	165
COV	[908-908]	908	147
COV	[909-909]	909	137
COV	[910-910]	910	153
COV	[911-911]	911	177
COV	[912-912]	912	152
COV	[913-913]	913	137
COV	[914-914]	914	156
COV	[915-915]	915	171
COV	[916-916]	916	161
COV	[917-917]	917	152
COV	[918-918]	918	137
COV	[919-919]	919	137
COV	[920-920]	920	158
COV	[921-921]	921	162
COV	[922-922]	922	150
COV	[923-923]	923	159
COV	[924-924]	924	147
COV	[925-925]	925	125
COV	[926-926]	926	136
COV	[927-927]	927	134
COV	[928-928]	928	140
COV	[929-929]	929	142
COV	[930-930]	930	141
COV	[931-931]	931	136
COV	[932-932]	932	175
COV	[933-933]	933	138
COV	[934-934]	934	161
COV	[935-935]	935	157
COV	[936-936]	936	149
COV	[937-937]	937	125
COV	[938-938]	938	148
COV	[939-939]	939	149
COV	[940-940]	940	136
COV	[941-941]	941	146
COV	[942-942]	942	140
COV	[943-943]	943	179
COV	[944-944]	944	157
COV	[945-945]	945	144
COV	[946-946]	946	140
COV	[947-947]	947	146
COV	[948-948]	948	156
COV	[949-949]	949	132
COV	[950-950]	950	172
COV	[951-951]	951	159
COV	[952-952]	952	140
COV	[953-953]	953	138
COV	[954-954]	954	155
COV	[955-955]	955	152
COV	[956-956]	956	148
COV	[957-957]	957	145
COV	[958-958]	958	159
COV	[959-959]	959	164
COV	[960-960]	960	149
COV	[961-961]	961	115
COV	[962-962]	962	130
COV	[963-963]	963	118
COV	[964-964]	964	128
COV	[965-965]	965	150
COV	[966-966]	966	155
COV	[967-967]	967	144
COV	[968-968]	968	140
COV	[969-969]	969	137
COV	[970-970]	970	138
COV	[971-971]	971	141
COV	[972-972]	972	119
COV	[973-973]	973	130
COV	[974-974]	974	152
COV	[975-975]	975	144
COV	[976-976]	976	133
COV	[977-977]	977	136
COV	[978-978]	978	125
COV	[979-979]	979	135
COV	[980-980]	980	136
COV	[981-981]	981	131
COV	[982-982]	982	130
COV	[983-983]	983	128
COV	[984-984]	984	120
COV	[985-985]	985	119
COV	[986-986]	986	132
COV	[987-987]	987	142
COV	[988-988]	988	144
COV	[989-989]	989	134
COV	[990-990]	990	106
COV	[991-991]	991	127
COV	[992-992]	992	135
COV	[993-993]	993	126
COV	[994-994]	994	111
COV	[995-995]	995	148
COV	[996-996]	996	120
COV	[997-997]	997	116
COV	[998-998]	998	126
COV	[999-999]	999	130
COV	[1000-1000]	1000	115
COV	[1000<]	1000	106058
# GC-depth. Use `grep ^GCD | cut -f 2-` to extract this part. The columns are: GC%, unique sequence percentiles, 10th, 25th, 50th, 75th and 90th depth percentile
GCD	0.0	0.003	0.000	0.000	0.000	0.000	0.000
GCD	2.4	0.005	0.029	0.029	0.029	0.029	0.029
GCD	23.0	0.006	0.048	0.048	0.048	0.048	0.048
GCD	25.0	0.014	0.005	0.007	0.024	0.146	0.168
GCD	26.0	0.021	0.005	0.005	0.017	0.058	0.067
GCD	27.0	0.035	0.010	0.017	0.038	0.108	0.768
GCD	28.0	0.049	0.010	0.012	0.019	0.070	0.178
GCD	29.0	0.068	0.016	0.020	0.065	0.126	0.164
GCD	30.0	0.089	0.009	0.026	0.067	0.113	2.975
GCD	31.0	0.126	0.012	0.019	0.058	0.139	0.344
GCD	32.0	0.162	0.009	0.024	0.072	0.130	0.555
GCD	33.0	0.218	0.010	0.053	0.130	0.470	7.874
GCD	34.0	0.427	0.038	0.178	7.834	8.717	9.367
GCD	35.0	1.380	6.782	8.174	8.885	9.480	10.013
GCD	36.0	4.285	8.114	8.794	9.394	10.056	10.843
GCD	37.0	9.805	8.549	9.168	9.802	10.651	11.678
GCD	38.0	17.787	8.954	9.581	10.378	11.515	12.518
GCD	39.0	27.118	9.365	10.068	11.083	12.350	13.488
GCD	40.0	37.054	9.792	10.646	11.942	13.171	14.328
GCD	41.0	46.566	10.322	11.423	12.811	14.224	15.578
GCD	42.0	55.079	10.905	12.317	13.718	15.202	16.531
GCD	43.0	62.040	11.499	13.090	14.765	16.319	17.597
GCD	44.0	67.925	12.194	13.988	15.744	17.338	18.673
GCD	45.0	72.550	12.839	14.861	16.627	18.144	19.538
GCD	46.0	76.353	12.925	15.686	17.520	19.183	20.462
GCD	47.0	79.609	13.297	16.325	18.298	20.016	21.328
GCD	48.0	82.201	12.649	17.017	18.977	20.618	21.942
GCD	49.0	84.309	11.494	17.257	19.505	21.161	22.558
GCD	50.0	86.130	3.178	17.274	19.901	21.706	23.122
GCD	51.0	87.640	1.263	17.630	20.590	22.250	23.743
GCD	52.0	89.049	0.916	16.932	20.386	22.514	24.091
GCD	53.0	90.243	0.538	17.365	20.911	22.973	24.767
GCD	54.0	91.313	0.750	15.798	20.846	23.562	25.557
GCD	55.0	92.206	0.550	15.391	21.014	23.825	25.835
GCD	56.0	93.044	0.295	13.602	21.223	24.564	27.310
GCD	57.0	93.776	0.523	13.159	20.772	24.328	26.879
GCD	58.0	94.520	0.186	1.891	19.565	23.846	26.238
GCD	59.0	95.083	0.120	2.694	18.377	23.311	27.420
GCD	60.0	95.653	0.158	2.191	18.994	24.343	27.226
GCD	61.0	96.166	0.168	1.132	13.690	22.478	26.885
GCD	62.0	96.669	0.099	0.510	12.550	22.039	26.558
GCD	63.0	97.128	0.120	0.631	7.706	19.889	24.550
GCD	64.0	97.546	0.045	0.206	2.549	13.608	22.687
GCD	65.0	97.921	0.051	0.206	2.669	14.952	23.768
GCD	66.0	98.280	0.042	0.196	1.438	11.360	19.086
GCD	67.0	98.615	0.044	0.119	0.734	7.694	16.726
GCD	68.0	98.887	0.020	0.091	0.370	1.128	5.899
GCD	69.0	99.120	0.019	0.098	0.242	1.070	4.515
GCD	70.0	99.293	0.019	0.070	0.216	0.749	4.546
GCD	71.0	99.419	0.029	0.048	0.125	0.389	1.997
GCD	72.0	99.554	0.008	0.024	0.139	0.389	1.382
GCD	73.0	99.648	0.014	0.038	0.110	0.245	0.437
GCD	74.0	99.720	0.012	0.029	0.125	0.343	0.706
GCD	75.0	99.779	0.014	0.026	0.058	0.130	0.377
GCD	76.0	99.852	0.010	0.026	0.096	0.188	0.381
GCD	77.0	99.893	0.008	0.019	0.053	0.145	0.653
GCD	78.0	99.927	0.006	0.022	0.053	0.235	0.986
GCD	79.0	99.938	0.029	0.067	0.086	0.446	2.059
GCD	80.0	99.962	0.005	0.005	0.014	0.024	0.044
GCD	81.0	99.971	0.005	0.005	0.019	0.187	0.634
GCD	82.0	99.986	0.005	0.007	0.024	0.043	0.072
GCD	83.0	99.997	0.005	0.010	0.014	0.029	0.571
GCD	85.0	100.000	0.005	0.005	0.007	0.010	0.010
