# This file was produced by samtools stats (1.14+htslib-1.14) and can be plotted using plot-bamstats
# This file contains statistics for all reads.
# The command line was:  stats merged/PAJA_USNM606730.PAJAbowtie.marked.bam
# CHK, Checksum	[2]Read Names	[3]Sequences	[4]Qualities
# CHK, CRC32 of reads which passed filtering followed by addition (32bit overflow)
CHK	b2ba9eb8	75eebbdf	5c6c6149
# Summary Numbers. Use `grep ^SN | cut -f 2-` to extract this part.
SN	raw total sequences:	144092848	# excluding supplementary and secondary reads
SN	filtered sequences:	0
SN	sequences:	144092848
SN	is sorted:	1
SN	1st fragments:	144092848
SN	last fragments:	0
SN	reads mapped:	144092848
SN	reads mapped and paired:	0	# paired-end technology bit set + both mates mapped
SN	reads unmapped:	0
SN	reads properly paired:	0	# proper-pair bit set
SN	reads paired:	0	# paired-end technology bit set
SN	reads duplicated:	14757465	# PCR or optical duplicate bit set
SN	reads MQ0:	4032590	# mapped and MQ=0
SN	reads QC failed:	0
SN	non-primary alignments:	0
SN	supplementary alignments:	0
SN	total length:	19844958583	# ignores clipping
SN	total first fragment length:	19844958583	# ignores clipping
SN	total last fragment length:	0	# ignores clipping
SN	bases mapped:	19844958583	# ignores clipping
SN	bases mapped (cigar):	19844958583	# more accurate
SN	bases trimmed:	0
SN	bases duplicated:	1770052898
SN	mismatches:	128757673	# from NM fields
SN	error rate:	6.488181e-03	# mismatches / bases mapped (cigar)
SN	average length:	137
SN	average first fragment length:	138
SN	average last fragment length:	0
SN	maximum length:	150
SN	maximum first fragment length:	150
SN	maximum last fragment length:	0
SN	average quality:	36.0
SN	insert size average:	0.0
SN	insert size standard deviation:	0.0
SN	inward oriented pairs:	0
SN	outward oriented pairs:	0
SN	pairs with other orientation:	0
SN	pairs on different chromosomes:	0
SN	percentage of properly paired reads (%):	0.0
# First Fragment Qualities. Use `grep ^FFQ | cut -f 2-` to extract this part.
# Columns correspond to qualities and rows to cycles. First column is the cycle number.
FFQ	1	0	0	0	0	0	0	0	0	0	0	0	0	0	0	0	0	0	0	0	0	5	3	72417	397630	4	406047	1188740	1698625	1016542	280	5749067	45236419	13370	17073889	71239769	41	0	0	0	0	0	0	0
FFQ	2	0	0	2639	0	0	0	0	0	61	2	126129	199	0	0	1	72	248964	765	123	3862	4	5	123306	320005	4	286189	1067300	1913024	763244	39	4792986	38598544	15520	9045050	86737310	46490	200	734	38	25	7	7	0
FFQ	3	0	0	138	0	0	0	0	0	78	2	135385	305	0	0	0	110	282587	1315	362	12874	2	20	140191	297976	4	361503	1004255	1931656	899994	409	4682924	36340910	45344	8350182	89388802	194703	376	19244	277	892	17	11	0
FFQ	4	0	0	2040	0	0	0	0	0	168	0	118666	632	0	0	0	186	151401	2663	889	125921	2	78	116974	997	7	303485	485944	37232	708418	3476	1352669	36213	1927038	3285718	877	25595320	1218	109831391	362	2553	279	31	0
FFQ	5	0	0	2650	0	0	0	0	0	591	2	144056	2147	0	0	0	576	169160	8977	3401	136826	1	360	124535	4745	13	339906	537575	40324	763446	8777	1460896	40855	2058038	3506762	1423	26211488	8133	108512245	563	3322	646	409	0
FFQ	6	0	0	3	0	0	0	17	0	11598	0	93760	33924	0	0	26	11339	25623	125073	67556	73565	2	11197	8813	127953	87	342917	472177	67955	420478	312901	1350419	174736	2201040	3204279	3115	22936717	3046243	108962173	799	4651	750	962	0
FFQ	7	0	0	212	0	0	7	116	0	12525	0	101068	37078	18	0	97	11178	26500	126315	69251	72734	41	12622	9718	129622	317	341486	474676	81487	405709	315468	1357051	172618	2193652	3174686	7673	22615391	2956950	109349810	2941	31560	873	1398	0
FFQ	8	0	0	38	0	0	47	71	0	13369	2	103351	36811	88	0	74	13238	27095	133970	69824	72688	427	14056	11046	128391	570	346561	470862	115235	392274	315630	1363400	175019	2206762	3174051	30435	22517479	2918743	109356520	6418	75517	1092	1694	0
FFQ	9	0	0	8	0	0	62	44	10	10929	3	89565	32430	115	10	85	12144	26246	124373	70974	73136	752	14480	11568	129191	1006	347283	158619	476446	341329	321323	1368994	130132	1932644	2222443	1331584	7212163	2309	14160454	9185349	104301339	1338	1968	0
FFQ	10	0	0	46	0	0	79	47	27	13334	8	105098	38878	200	12	55	12399	27041	122724	72678	75360	1129	14732	12678	134141	1602	350744	158385	557282	253545	326760	1381171	128399	1931226	2248905	1304767	7251771	3157	14151965	9434999	103973395	1897	2212	0
FFQ	11	0	0	1	0	0	117	40	48	11719	93	93612	33903	247	9	51	12374	26975	119663	73731	75634	1149	15147	12816	136179	2458	350266	159146	662344	154246	335564	1392332	126597	1943002	2267927	1291629	7300764	5664	14187536	9640544	103653955	2799	2567	0
FFQ	12	0	0	0	0	0	139	86	162	25059	293	182898	70006	275	15	82	15111	33884	146982	88205	92596	1177	16894	13973	150332	3625	374017	165362	788210	68629	344345	1430767	131090	1997673	2307885	1334497	7402987	14557	14298471	9747457	102813955	11729	19423	0
FFQ	13	0	0	25	0	0	102	58	94	12001	397	94095	34391	313	17	53	12996	28089	127937	77604	79740	1287	16278	13256	138210	7283	360362	162716	816387	49458	348100	1411413	146727	2045498	2315892	1360015	7414947	55782	14355602	9963119	102579004	33098	30502	0
FFQ	14	0	0	2	0	0	111	57	135	13678	598	103828	38018	301	28	67	2685	34760	119499	78309	80208	1312	16551	13358	33008	117197	360971	163627	779218	48896	346177	595464	913054	1392458	2245185	1553277	1415329	4522027	3944853	12590020	9123866	26558794	76885922	0
FFQ	15	0	0	150	0	0	133	95	215	14053	856	105606	38507	325	38	129	3061	35561	125337	81067	82180	1374	16874	13482	34562	119989	362844	167014	789705	49644	352484	606588	924105	1398226	2266164	1542395	1441906	4527811	3942685	12663320	9145298	26783690	76455375	0
FFQ	16	0	0	0	0	0	127	144	249	13370	1053	99610	35842	402	91	224	3348	35935	119132	80902	83290	1429	17246	13595	36217	124852	365325	169149	791415	51267	357898	613656	932788	1402678	2292616	1550572	1476797	4550346	3950606	12741724	9116518	27012738	76049697	0
FFQ	17	0	0	0	0	0	129	180	329	14742	1627	107237	38564	456	100	341	3812	37352	119262	84631	86559	1527	18244	14583	39944	132737	370420	173009	800673	52723	366035	630349	948264	1409594	2328707	1566681	1513960	4589560	3986578	12849278	9131918	27180954	75491789	0
FFQ	18	0	0	0	0	0	124	224	415	16157	2393	110718	39923	461	168	363	4519	38529	121914	90001	87319	1707	19094	14781	42419	138207	370671	175530	809565	54066	370388	647778	955189	1423491	2342752	1588469	1548021	4613783	4028200	12941982	9185907	27405607	74902013	0
FFQ	19	0	0	2	0	0	158	280	521	18038	3301	117105	42447	565	200	459	5478	36774	9272	214207	90979	1869	20307	15343	46531	147943	373519	178321	820213	56202	377976	664734	968518	1437532	1439550	2538963	1588575	4126359	3851891	10569265	10720318	28202267	75406866	0
FFQ	20	0	0	2	0	0	148	325	539	16844	3875	103969	36133	607	301	564	6223	37267	12028	201407	89178	2001	21548	15620	50420	155140	366559	180925	816518	57245	379902	677257	972998	1434376	1447572	2560610	1626933	4146055	3897136	10688741	10968908	28363768	74753206	0
FFQ	21	0	0	5	0	0	170	411	720	18306	5311	104688	36125	667	296	688	7360	39163	15421	197404	91188	2231	22724	16290	55664	169389	362914	183652	815341	59348	387269	704228	987446	1434328	1469896	2589230	1674856	4193046	3963597	10840783	11256915	28485934	73899844	0
FFQ	22	0	0	109	0	0	168	529	912	20723	7294	110292	36934	703	431	868	8416	42034	20647	192089	93823	2320	24066	17028	62235	185824	356531	187674	816524	61812	397172	729018	1001296	1424224	1489750	2601401	1727598	4230083	4010198	10992540	11572726	28620856	73046000	0
FFQ	23	0	0	23	0	0	194	626	1123	23201	9765	109933	35498	889	614	1062	10213	46267	28154	189401	97519	2710	26173	18222	71063	207709	352281	194752	831621	65393	406224	769699	1020118	1441529	1523236	2660737	1792577	4290487	4114901	11174990	11914379	28709193	71950372	0
FFQ	24	0	0	0	0	0	198	715	1370	26336	13136	113612	35007	923	759	1266	11736	49708	34063	182324	101795	2950	28440	19293	78167	235722	338741	199019	824555	68836	416318	808723	1035127	1424359	1549239	2684202	1858317	4325124	4177514	11484416	11446292	26939821	73574725	0
FFQ	25	0	0	46	0	0	183	852	1524	27250	16016	105722	29634	1040	940	1485	13608	52353	41087	168285	101585	3167	30560	20425	86145	266085	321324	202803	813011	71669	423205	846593	1050405	1395299	1577914	2701025	1927905	4351833	4217152	11678026	11552725	27521319	72472648	0
FFQ	26	0	0	21	0	0	225	1025	1945	33159	22500	112410	28062	1203	1079	1738	16000	58384	49492	158740	105885	3659	33243	21836	95109	304735	306834	209223	802694	75696	432666	901263	1066303	1374213	1609346	2726141	2011605	4400864	4267554	11903636	11539598	28180547	71234215	0
FFQ	27	0	0	39	0	0	243	1288	2282	37689	29209	109847	22970	1365	1404	2148	19108	65042	58395	148666	108529	4226	36567	23194	103243	346543	292235	214959	796576	80940	443645	970084	1088538	1346285	1645465	2754402	2109783	4438443	4320393	12129541	11512153	28878754	69948655	0
FFQ	28	0	0	1	0	0	271	1412	2614	39465	35158	101118	16386	1636	1665	2399	22847	70506	65739	134626	109532	4874	40070	25353	109383	386500	279958	221202	785369	85488	450201	1042962	1104018	1317350	1685523	2779072	2219500	4467694	4371487	12400702	11438140	29594632	68677995	0
FFQ	29	0	0	32	0	0	310	1668	3429	45982	45571	99105	11218	1879	2010	2897	26288	77383	68032	127026	114986	5679	45211	28130	115728	433622	273112	231623	771569	91945	464608	1130883	1136464	1280986	1744771	2813671	2347572	4512646	4441856	12738874	11337535	30279036	67239511	0
FFQ	30	0	0	12	0	0	327	1998	4310	54332	60613	97363	6845	2149	2622	3549	31692	89028	70622	123531	120841	6460	46919	30640	124682	470372	283673	240597	760104	99317	478515	1228066	1166992	1236468	1806069	2845597	2486607	4550324	4523664	13107648	11225577	30849177	65855546	0
FFQ	31	0	0	9	0	0	358	2358	4888	56862	70501	79636	2896	2402	3007	4143	35967	96539	64031	119437	122345	7478	51295	32729	128513	493355	300787	248823	736610	105793	487702	1320824	1188257	1175694	1860102	2861114	2642967	4553676	4591375	13492762	11066084	31347687	64733842	0
FFQ	32	0	0	5	0	0	404	2833	5769	63564	86564	67860	1204	2949	3256	4816	40865	103945	53853	120420	124765	8600	56429	35786	129400	510409	321780	257650	707800	112987	500837	1407818	1215549	1109159	1925118	2868039	2805941	4553870	4655215	13888857	10839082	31736410	63763040	0
FFQ	33	0	0	120	0	0	449	3326	6877	69899	104972	52387	710	3137	4129	5653	47763	113583	43688	123086	129942	9949	63740	39197	134328	527937	356224	267954	690058	122643	513609	1517543	1249660	1050427	2003157	2881111	2999332	4549207	4738278	14329345	10585172	31982841	62771415	0
FFQ	34	0	0	3	0	0	495	3742	8108	70442	114336	33959	664	3615	4527	6663	52912	121357	33215	125682	131880	11009	69300	42532	138636	540368	389442	279998	668375	133827	524280	1624430	1282192	998055	2085332	2902776	3212490	4535141	4837937	14783505	10356532	32181744	61783347	0
FFQ	35	0	0	3	0	0	482	4198	9237	71209	124075	20008	709	4045	5180	7955	57526	118664	24075	128282	134468	12695	73254	46362	141332	553152	398372	294347	652035	145244	543054	1685669	1314095	952050	2179262	2895849	3431528	4485722	4939320	15212360	10165669	32500289	60761072	0
FFQ	36	0	0	8	0	0	542	4834	11018	73573	134501	11003	887	4531	5942	9256	63457	117495	18873	131706	138309	14380	79907	50766	147010	565139	407733	305149	644647	157632	558098	1738530	1345799	933084	2273389	2884178	3663208	4423215	5026287	15553576	10014663	32729395	59851128	0
FFQ	37	0	0	92	0	0	624	5463	13147	75736	143856	4947	958	5217	6743	10991	70345	115002	17112	135105	143608	16369	87977	56058	153028	581287	409346	321290	648197	172271	573941	1778946	1384374	932708	2383950	2885310	3904772	4356402	5115289	15850927	9943255	32982549	58805656	0
FFQ	38	0	0	24	0	0	688	6241	15650	79580	154342	2044	1154	5992	8404	12724	80103	115536	17805	141518	149679	19327	97849	62874	165838	605117	414256	342608	660238	192699	596814	1832495	1429893	953612	2514473	2895738	4165031	4288790	5222195	16104815	9933124	33113050	57690528	0
FFQ	39	0	0	108	0	0	676	6418	16364	74230	145844	787	1286	6525	9420	13982	87223	107210	18440	135540	145200	23095	95717	68248	184346	605570	423502	354409	642391	212218	576607	1905423	1429789	942538	2620585	2820857	4431399	4046426	5341654	15179925	10991778	32173098	58254020	0
FFQ	40	0	0	78	0	0	756	7330	17950	74341	146596	486	1353	7238	9737	15767	89430	95788	20685	136682	147202	26286	103390	74082	196959	623949	400043	373926	656502	231295	597180	1879018	1465014	971142	2740172	2795977	4643901	3968767	5413676	15301602	10997579	32299404	57561565	0
FFQ	41	0	0	24	0	0	821	7930	20263	73366	146123	469	1439	7798	10818	17184	94426	86352	22682	137743	148788	28136	108370	78588	205447	627493	371133	386349	662966	250318	612821	1832563	1493403	1002415	2845959	2763549	4802855	3930365	5456644	15409299	10968686	32467992	56822410	0
FFQ	42	0	0	20	0	0	915	8627	22866	72704	143192	527	1609	8697	12416	19091	100052	76773	25321	138112	151693	31120	111989	83556	217587	632316	349794	401865	665915	274385	624999	1813895	1519165	1024773	2960250	2733134	4950130	3918798	5515477	15505212	10910155	32466980	56223839	0
FFQ	43	0	0	2	0	0	1015	9863	26182	74304	144321	532	1927	10112	14582	22205	105533	68643	28509	140533	154910	35460	117251	90763	235075	643401	330785	424571	673765	303781	644915	1810717	1562447	1058539	3093133	2734460	5087739	3962339	5606444	15670466	10869581	32447623	55325359	0
FFQ	44	0	0	9	0	0	863	9272	25462	65641	129271	602	2113	10408	16016	23261	107834	56552	28144	128978	142687	40509	114121	97395	247619	616193	314049	429883	630951	335201	603501	1819796	1536527	1042624	3174049	2606298	5191718	3794049	5716648	15239058	11246842	31645909	56161645	0
FFQ	45	0	0	0	0	0	676	9316	29625	82848	171021	608	2260	9696	18834	24298	120025	49018	28070	117895	132889	60390	91849	99254	258706	600315	308568	420275	578600	364583	548637	1808870	1463538	988505	3227450	2435323	5319533	3517158	5931764	14341392	11672959	31287280	57043500	0
FFQ	46	0	0	2	0	0	518	6831	22107	52123	102165	472	1827	8929	17464	23531	108781	37625	27539	103642	118101	58019	85773	97276	259877	569370	271088	412045	558575	370162	552381	1665460	1446259	997334	3156141	2410756	5318833	3612805	5828546	14143311	11253050	30976799	58322366	0
FFQ	47	0	0	0	0	0	541	7783	24497	54163	103074	427	1873	8817	17164	23948	92586	29461	28952	102808	118650	56966	83866	96070	259200	546069	218428	415326	554181	385794	565318	1532092	1450557	1015496	3123665	2430783	5390138	3707785	5802980	13944698	10943648	30676123	59012630	0
FFQ	48	0	0	0	0	0	549	7709	25678	54369	98912	444	1965	9085	19173	25408	88279	25828	30744	102073	118122	58582	82684	99844	271191	537823	186925	422542	551516	412455	576028	1429251	1460546	1034830	3086376	2489298	5462864	3824678	5816414	13793755	10841944	30443387	59154225	0
FFQ	49	0	0	0	0	0	495	7617	26383	52767	91327	482	2002	9093	19894	27282	82208	23305	32084	101356	118817	61961	82867	105470	265098	546292	156968	438884	566713	448092	592354	1381090	1492513	1066538	3096835	2564402	5470407	4057909	5926610	12160304	12390843	30258008	58733161	0
FFQ	50	0	0	0	0	0	572	7771	27908	53198	87409	440	2124	9696	21967	29480	75920	21859	33684	101937	119127	66406	83745	113663	283734	541013	137336	462440	565152	495706	606828	1354072	1531754	1102416	3119618	2685138	5636391	4187411	6080003	12144154	12497934	30057068	57923422	0
FFQ	51	0	0	25	0	0	568	7500	26716	49485	74655	594	2493	11351	32658	38189	89842	18403	30115	88457	98839	90091	89368	156682	365727	618264	163199	551837	552807	797968	592174	2027432	1820514	1283611	4536442	3307378	6500170	4637777	9766212	15359885	20266363	29538256	38494702	0
FFQ	52	0	0	0	0	0	733	8734	30977	55435	77031	675	2727	11461	30548	35792	69058	18572	32650	93839	107018	82607	84810	140440	338444	523332	110192	525478	537846	674329	596748	1479552	1721352	1266520	3605963	3196700	6194308	4561136	7688922	13888159	18907449	34103331	41098984	0
FFQ	53	0	0	36	0	0	708	8488	29954	51507	63709	737	2874	11656	29836	35379	57163	18620	33912	94688	106622	83790	81919	140603	332602	479892	90814	522811	522876	657908	615562	1262463	1664040	1248222	3203985	3167668	6250224	4629110	6916521	12669556	15210960	32173139	49255397	0
FFQ	54	0	0	0	0	0	773	8941	31589	54252	59539	733	3065	11754	30586	35414	46736	18726	34334	96352	106101	86458	81238	146012	335906	447814	82745	532462	511728	680987	631071	1153430	1669575	1257547	3044498	3245197	6454505	4749953	6846044	12000071	13988479	29580837	53482171	0
FFQ	55	0	0	0	0	0	822	9751	34470	58943	57363	805	3537	10825	33309	38932	42231	18212	35487	98624	105643	87575	86027	155340	345542	297901	206242	553421	497536	728784	647492	1087941	1699459	1288468	2953666	3413758	6730296	4916349	6752118	11929263	13677582	28403938	54355526	0
FFQ	56	0	0	0	0	0	869	10678	37356	66083	54936	869	3831	11687	38095	40694	39469	18393	36404	102132	106841	93794	88332	168470	358401	275153	206441	578319	492243	783131	668037	1040520	1745353	1334660	2912701	3582402	7029180	5111551	6974662	11743779	13739137	27699995	53979474	0
FFQ	57	0	0	197	0	0	993	9622	35647	64417	44393	981	4229	11893	40644	41301	33703	18748	37250	105075	105807	100645	90557	181961	372429	255791	210770	609376	488733	845311	697108	1007666	1808623	1395584	2906180	3805458	7372852	5378299	7230358	11669204	13925132	27183812	52891460	0
FFQ	58	0	0	8	0	0	1010	10644	38425	72903	42577	1059	4493	11837	41662	41101	28199	18752	37979	110040	106461	106607	93088	192869	379554	231861	216102	639783	484004	899702	726087	970578	1877297	1462972	2891730	4034883	7772388	5661871	7505510	11590414	14204908	26693246	51585942	0
FFQ	59	0	0	3	0	0	1102	9884	36834	71934	32828	1160	4813	12065	45233	38916	25251	18508	37180	114512	105085	99295	88702	230403	355156	203087	209012	726591	474964	961655	751795	946709	1942574	1530886	2888129	4279596	8218066	5970372	7824543	11503098	14350248	26150306	50335841	0
FFQ	60	0	0	1	0	0	1143	9843	36906	74485	26638	1251	5052	12035	45599	36540	20304	18506	38054	119632	103541	104422	90253	244227	353382	185109	215081	763848	465871	1014133	785952	929503	2013774	1605406	2884773	4534311	8690612	6307923	8236060	11408454	14757979	25573853	48689356	0
FFQ	61	0	0	0	0	0	1249	10054	38667	79567	22380	1417	5384	12205	48304	34957	18470	18563	38758	124840	102303	110677	92279	263638	352326	171459	222901	806109	459699	1064741	822335	921835	2089285	1685697	2885364	4801769	9212269	6688028	8650103	11312701	15261339	24948546	46826227	0
FFQ	62	0	0	0	0	0	1397	10451	41278	87118	18451	1578	6100	12614	51889	34404	17098	18945	40055	131723	101582	118010	95682	281771	346584	161509	229238	849449	451756	1107079	863578	926019	2167257	1768237	2898581	5072761	9804711	7084406	9086345	11194371	15762639	24249344	44909989	0
FFQ	63	0	0	4	0	0	1532	10454	42225	90612	14120	1707	6449	12606	54421	33170	16297	19012	40609	138141	99849	124238	98827	301504	338430	154956	236619	896601	442737	1147031	904661	942016	2251087	1854758	2916996	5364254	10475289	7526720	9533957	11042730	16269787	23465157	42930722	0
FFQ	64	0	0	2	0	0	1655	10251	43121	91816	9713	1848	6901	12494	55753	31181	15704	19189	40897	143365	97073	131662	101795	321326	327554	148742	244054	940907	433471	1177835	949527	968203	2333479	1945495	2935687	5662414	11249648	7974627	9993275	10852058	16761467	22633100	40930378	0
FFQ	65	0	0	0	0	0	1641	9917	44461	94219	6796	2086	7208	12693	55800	29676	13212	21248	42926	140055	106205	139359	105569	318562	335649	146870	254162	984080	374146	1191855	1069858	1003179	2431178	2037837	2979586	5982184	12072465	8470989	10513275	10644065	17222165	21773686	38753342	0
FFQ	66	0	0	0	0	0	1803	9574	45412	92611	4351	2146	7452	12377	55997	27838	12772	20907	42997	146338	103942	144873	108839	334043	319599	145577	263498	1027635	360072	1191260	1123121	1048583	2510374	2131383	3021516	6301347	12998162	9021875	11024624	10368739	17702015	20825342	36629089	0
FFQ	67	0	0	0	0	0	1968	10351	49703	98694	2743	2399	8574	12628	56857	27046	13009	21824	44455	155430	103077	152552	111500	351320	303626	147381	278118	1079538	353723	1190285	1185828	1104602	2593576	2230890	3081428	6647158	14001409	9571908	11603215	10070351	18105117	19842213	34361560	0
FFQ	68	0	0	0	0	0	1934	9308	48732	91496	1424	2624	8864	12451	56956	25687	13123	21775	44274	159187	98853	159178	115125	368157	291584	150956	286293	1125282	344208	1179714	1243729	1172944	2672180	2322600	3162396	6984939	15073508	10128265	12263546	9705932	18535339	18777622	32106951	0
FFQ	69	0	0	0	0	0	2268	10632	56575	103648	898	2858	9620	13063	58161	25229	13731	22788	47122	170345	98879	167761	120410	381450	277382	155129	301965	1177016	341776	1166256	1313234	1248597	2742013	2426333	3259240	7358220	16236226	10700207	12914569	9338021	18899982	17637597	29745718	0
FFQ	70	0	0	0	0	0	2352	9683	57433	98140	461	3151	10409	13469	60379	24966	14702	23078	48352	177850	95467	178216	125152	356234	236230	232656	316726	1229711	341709	1155018	1385208	1332411	2811416	2541468	3379345	7786503	17478483	11302628	13532793	8929041	19303010	16456120	27271048	0
FFQ	71	0	0	0	0	0	2445	9579	60269	94971	208	3570	11104	13497	58775	23647	15277	23475	49847	187472	93147	188792	129094	364003	224948	243995	332817	1283384	345571	1141050	1471059	1431466	2891341	2668927	3514310	8247277	18772494	11963763	14121180	8496886	19694181	15193511	24729758	0
FFQ	72	0	0	3	0	0	2556	9208	62398	90055	91	3834	11429	13612	57070	22293	16233	23544	51008	196058	89729	197168	131709	366207	214992	253973	349872	1326097	348201	1111178	1546768	1519213	2941328	2783285	3665047	8732414	20177976	12622616	14730880	8024016	20042564	13893933	22245846	0
FFQ	73	0	0	0	0	0	2469	8434	63314	84638	34	4037	11507	13633	53671	20774	16601	23750	51389	202361	84997	205153	133698	363322	204291	263037	365131	1358560	357912	1071325	1621015	1605881	2973432	2884904	3838520	9219036	21647498	13300175	15371727	7525916	20299543	12584702	19811811	0
FFQ	74	0	0	1	0	0	2648	8458	66929	84209	33	4260	12059	13916	52032	20118	17565	24027	52949	211284	81745	217104	135895	360992	201480	274880	385180	1402508	368516	1042305	1704986	1702857	3024574	2993290	4028428	9738739	23180939	13949091	16026650	6997169	20394601	11214838	17416739	0
FFQ	75	0	0	0	0	0	2750	8097	69455	80786	22	4600	12136	14140	50113	19919	18304	24914	54770	223622	78046	227141	139098	357114	200761	288018	405301	1330966	497775	1007581	1791026	1790642	3078553	3099062	4233830	10304695	24776302	14594719	16698073	6466251	20330164	9845748	15051004	0
FFQ	76	0	0	0	0	0	2589	7609	67808	71594	11	5586	14819	15150	62536	17680	20010	22225	54394	211167	76888	292153	166078	418944	245535	369922	461097	1674362	641680	1384281	2307511	2795717	4369850	4712696	5711782	14692159	23045677	16107303	14267713	6062898	20480749	7550620	8540473	0
FFQ	77	0	0	0	0	0	2939	7465	69709	66274	15	5444	13677	14431	49450	16878	20115	22694	53473	215708	67917	259017	145317	348383	207151	320610	426907	1452653	563532	1020185	2068548	2241209	3584543	3913077	5507433	13705159	26200899	16550719	16195832	5355858	20778481	7576012	7679581	0
FFQ	78	0	0	0	0	0	3180	7097	72396	62606	10	5670	13610	14514	43744	16226	20941	22907	54338	223464	63183	255769	138351	310757	199002	314442	435363	1372236	551849	870521	2007658	2060463	3269723	3510255	5093142	12622543	29654663	16705369	18129764	4733048	19513903	6452959	7682642	0
FFQ	79	0	0	0	0	0	3496	7135	76981	59912	8	5997	13976	14710	40540	15985	21669	23627	54865	229965	60396	259974	136297	286458	198269	319684	453457	1346672	562807	787415	2018753	2012903	3185503	3402292	5013412	12543577	32345716	17088791	19131625	4128479	18517237	4965989	6948351	0
FFQ	80	0	0	0	0	0	3654	6770	79027	54608	17	6656	15369	15409	39280	15466	23213	23526	56460	237214	58643	275026	138237	270854	204227	332325	479875	1351945	585475	732487	2072187	2026271	3202088	3409871	5099480	12891209	34689229	17535978	19668612	3549021	17403373	3819239	5684605	0
FFQ	81	0	0	0	0	0	3797	6472	83278	51090	15	7302	15583	16134	36865	14942	24922	24377	58703	244533	58090	287341	139262	253401	211989	344700	507369	1359486	614366	685365	2145643	2063135	3269528	3470436	5256818	13488904	36866197	17998513	19885248	3046016	16025988	2895586	4365576	0
FFQ	82	0	0	0	0	0	4152	6485	87716	47663	14	8034	16114	16989	35019	14949	26509	24924	59958	250606	58511	302967	140394	235795	219781	357982	538821	1371869	642439	642024	2223384	2091200	3355155	3544037	5413203	14150059	39036266	18448539	19840963	2574332	14459666	2136621	3208073	0
FFQ	83	0	0	0	0	0	4073	6081	93040	43810	17	8283	16231	17493	32661	14348	27461	25398	61862	257884	59168	312849	140738	217141	229068	368652	567817	1366345	671018	594391	2289432	2109104	3442583	3625744	5579314	14866911	41249402	18851031	19533852	2151832	12730487	1521998	2262257	0
FFQ	84	0	0	0	0	0	4459	6055	98329	40950	22	9020	16917	18241	31549	14382	29266	26142	63699	267125	61386	330303	142096	200703	240132	385954	605349	1379242	705151	557904	2375753	2131401	3550445	3730456	5730024	15613572	43395120	19167186	18936808	1763199	10905534	1040148	1526378	0
FFQ	85	0	0	0	0	0	4600	5939	104620	37942	16	10110	17926	19501	30160	13806	31103	26530	65862	275526	65467	347105	142852	184491	251304	403648	644581	1381137	742768	523003	2467963	2153640	3666164	3839797	5898680	16413446	45478005	19375824	18060754	1417866	9075638	680916	980614	0
FFQ	86	0	0	0	0	0	5011	5965	111862	34649	15	11025	18398	20815	28182	13919	33065	27479	68501	282875	70373	364537	144058	166901	261855	419236	688107	1378467	779469	490920	2550699	2172888	3776456	3954437	6035130	17201179	47556752	19485063	16944354	1114117	7324387	425382	602141	0
FFQ	87	0	0	0	0	0	5284	5507	115961	30552	20	11558	18701	21927	26235	13175	35154	27473	69852	287161	75517	380926	142110	150098	271900	435448	727392	1361725	817051	461617	2631369	2172684	3875731	4067017	6167411	17978859	49621099	19485770	15624687	852605	5716658	253625	352202	0
FFQ	88	0	0	0	0	0	5680	5708	126132	28383	16	12729	19560	23159	24326	12985	36981	29010	71333	294342	80533	395030	138939	132897	281924	449804	769795	1330858	852833	431784	2694182	2173416	3956022	4163569	6271178	18711843	51691354	19364987	14136990	633745	4308096	144106	197461	0
FFQ	89	0	0	0	0	0	5580	4750	121309	22004	20	13460	18929	23317	21087	12216	38163	29158	73777	297136	86766	411142	134845	118201	295306	465213	814046	1301939	890079	407137	2760430	2179966	4037716	4274029	6377748	19448862	53651418	19101048	12524514	458110	3116235	78483	105462	0
FFQ	90	0	0	0	0	0	5872	4727	126856	19096	20	14368	19399	24323	18415	11713	39813	30412	74556	303351	92742	420951	127146	101904	304627	481435	858567	1257925	933216	384699	2823935	2190638	4114399	4383702	6473765	20150865	55519650	18685601	10852263	318710	2164678	41567	55288	0
FFQ	91	0	0	0	0	0	6262	4300	131991	16166	11	15231	19925	25521	16251	11228	42271	30922	78266	310153	100754	438207	121401	89799	318861	500769	914365	1219664	977155	366588	2890058	2203829	4191411	4504434	6573334	20855275	57188217	18100940	9170664	214088	1435263	22285	29570	0
FFQ	92	0	0	0	0	0	6594	4079	137314	13600	14	16743	20496	26191	14017	10783	43865	31821	80081	314735	107994	449072	112638	77853	329616	516650	962015	1166214	1016904	347194	2942044	2216672	4241148	4609357	6651167	21456616	58830828	17421718	7576315	137818	911934	12568	17108	0
FFQ	93	0	0	0	0	0	6556	3760	139487	11100	29	17570	20416	26776	12038	10415	45204	32592	81025	321645	117532	460366	104049	68205	341005	533126	1016667	1111269	1056231	329465	2994725	2231741	4285016	4702655	6717714	22034439	60326503	16603994	6105359	84862	552426	7772	10998	0
FFQ	94	0	0	0	0	0	6766	3494	141608	9046	21	18465	20772	27164	10421	9606	46185	33038	82272	324810	125315	469066	93714	59544	349875	548182	1067875	1049041	1096844	312678	3030972	2244299	4327643	4793038	6802924	22546367	61665425	15706818	4807206	50412	318752	5455	8005	0
FFQ	95	0	0	0	0	0	7059	3397	143811	7572	24	19728	20909	9522	27656	9180	48964	33990	84920	330822	135025	476501	83288	53225	362956	566115	1126837	987071	1141418	294891	3077644	2265828	4370120	4871274	6871733	23015832	62810359	14710392	3707011	29027	175484	4237	6777	0
FFQ	96	0	0	0	0	0	7396	3269	151226	6275	22	20849	21106	9403	27303	8935	50695	34591	87415	341286	144281	483646	73164	49354	376509	586615	1187443	922715	1189924	277913	3114942	2291400	4415292	4946927	6951765	23448935	63723611	13679467	2804305	16408	92871	3306	5865	0
FFQ	97	0	0	0	0	0	7563	2983	153674	5468	25	22450	21625	9227	26931	8575	52793	36558	90977	349820	156924	495247	63158	45791	394075	606696	1256556	865594	1242254	261851	3179476	2327507	4477281	5043755	7035701	23891598	64312791	12603171	2099993	9063	49062	3047	5687	0
FFQ	98	0	0	0	0	0	8007	2827	159147	4843	17	24555	21982	8842	26788	8153	55456	37572	94259	359898	169753	501963	53423	44040	407076	630172	1328888	804616	1293355	243361	3237851	2358348	4539518	5125059	7113539	24270460	64731608	11580607	1574895	5569	25605	2887	5394	0
FFQ	99	0	0	0	0	0	8296	2896	167625	4401	21	26003	22591	8519	26307	7467	57130	38374	95895	364471	181753	502407	44400	41973	418272	647386	1384189	738484	1331820	223542	3265288	2380098	4574135	5183239	7176129	24561804	65127830	10648631	1204154	3450	14402	2688	5167	0
FFQ	100	0	0	0	0	0	8015	2368	158256	3947	22	26867	21281	7455	25871	6883	58132	38995	97785	368718	194826	501424	35785	41917	428987	662616	1441239	670382	1373421	203785	3297356	2397480	4610677	5224730	7231737	24821685	65385614	9814409	946183	2487	8754	2365	5257	0
FFQ	101	0	0	0	0	0	8496	2082	163539	3950	27	28643	21056	6783	26037	6439	60775	39628	99773	376766	207157	496091	28415	41287	443004	679003	1507838	609941	1419422	185448	3346562	2428175	4662170	5296549	7290577	25100325	65331992	9059257	767581	1951	5790	2410	5147	0
FFQ	102	0	0	0	0	0	8714	1955	164976	3724	18	30491	20421	5897	26720	5929	62384	41381	102015	387286	220525	489422	22082	42154	454697	696192	1568774	547840	1462066	166083	3375644	2455201	4706826	5350910	7354808	25362324	65154456	8426483	649038	1675	4114	2228	5023	0
FFQ	103	0	0	0	0	0	9264	1813	168868	3787	33	32282	20223	5076	27266	5521	65254	42810	104446	397569	235721	483139	17338	42907	469929	714859	1630393	490843	1507074	148357	3428056	2480747	4761576	5411581	7407628	25618746	64770426	7909296	566815	1440	3299	2242	4909	0
FFQ	104	0	0	0	0	0	9244	1629	170897	3545	24	33542	19426	4431	27249	4828	66014	43715	106462	400550	248079	470519	13408	43164	480459	726837	1678314	433559	1537828	130312	3453181	2494118	4802530	5457667	7447876	25838623	64416021	7512679	510366	1252	2608	2097	4890	0
FFQ	105	0	0	0	0	0	9585	1431	173700	3786	25	36002	18595	3726	28079	4468	68541	45086	109571	413179	267927	462927	10314	44388	495995	744924	1749018	387482	1581909	115001	3521481	2526678	4871634	5537475	7486603	26095274	63728316	7178669	462938	1175	2278	2107	4943	0
FFQ	106	0	0	0	0	0	9878	1267	177306	3755	26	37799	17675	2920	29226	4055	70354	47166	110999	423006	283829	451432	8149	45501	507046	758264	1806546	341190	1621698	99918	3573508	2549136	4934757	5613123	7529541	26360390	63001460	6932754	422610	1123	2179	2240	5040	0
FFQ	107	0	0	0	0	0	9905	1088	177569	3800	28	39882	16591	2224	29829	3407	72153	47862	113915	428088	301029	436575	6480	45906	522309	772757	1858501	298384	1655643	86623	3622446	2569458	4990112	5682682	7549083	26610422	62284738	6737419	386171	1037	2148	2121	4927	0
FFQ	108	0	0	0	0	0	10251	922	180886	3897	32	41372	15253	1691	30552	3044	73611	48647	114752	438850	316539	420254	5181	47543	529866	781300	1903299	257942	1684207	75204	3660081	2586228	5042233	5745656	7575773	26808179	61601845	6584072	352419	1012	1982	2036	4842	0
FFQ	109	0	0	0	0	0	10242	820	184232	4082	26	44542	14613	1346	31160	2643	77024	50450	119031	451189	337621	412338	4285	48782	547554	799829	1969745	226447	1725499	65105	3730097	2617101	5127970	5829194	7612793	27047792	60660470	6430420	317988	984	1966	1938	4735	0
FFQ	110	0	0	0	0	0	10736	770	193560	4111	30	46548	13618	964	32396	2350	78519	52334	121219	462606	355297	398821	3534	49691	561077	812160	2020571	197114	1754639	56826	3786100	2645514	5184528	5901504	7634399	27231878	59844334	6299977	285753	946	2086	1897	4603	0
FFQ	111	0	0	0	0	0	10616	596	190025	4021	29	48444	12046	755	32550	1946	79161	53332	122359	468247	373003	384370	2979	50705	570764	817096	2059247	169258	1776572	49044	3821178	2663603	5226254	5953941	7662570	27413883	59133104	6179918	254783	820	2011	1789	4468	0
FFQ	112	0	0	0	0	0	10795	514	194300	4072	33	49106	10606	444	33780	1633	81112	55182	123607	484605	387709	367388	2541	52517	585659	827497	2103448	144566	1809784	43646	3874931	2691723	5299193	6023888	7702800	27635319	58229803	6058779	223891	811	1847	1749	4193	0
FFQ	113	0	0	0	0	0	11615	481	214485	4153	37	53057	9807	321	35064	1432	84100	57428	127440	501978	406130	355006	2147	54387	601435	840110	2157186	123853	1842823	39122	3938269	2722826	5369798	6100175	7711699	27803707	57304088	5940548	195844	761	1955	1660	4149	0
FFQ	114	0	0	0	0	0	11405	312	207284	4164	35	54454	8202	180	36150	1173	85544	59300	131625	512604	430575	347491	1667	55201	617647	853741	2220533	107232	1875364	34734	4005818	2761615	5440378	6186166	7720148	28000694	56361039	5817000	168824	765	1943	1514	3978	0
FFQ	115	0	0	0	0	0	11684	249	211393	4314	32	55746	6979	119	36361	899	86422	60761	132753	520952	442769	334055	1316	55914	628255	864176	2257935	89728	1905242	31904	4069063	2789874	5521666	6273452	7740311	28222195	55411861	5706383	144117	698	1907	1409	3873	0
FFQ	116	0	0	0	0	0	12418	245	227880	4277	28	58515	6326	77	37314	694	88147	61268	132989	531166	455822	320615	1078	56915	634574	867730	2285943	74606	1916603	28731	4099747	2799564	5559887	6322171	7727281	28367580	54669971	5613861	121844	687	1933	1363	3655	0
FFQ	117	0	0	0	0	0	11580	143	214139	4204	45	58170	4953	42	37373	508	87820	62359	133931	535621	474597	311621	860	57886	642410	872813	2327364	61887	1937022	26685	4148600	2825709	5618214	6384959	7733177	28540522	53846680	5512131	101436	619	1849	1238	3417	0
FFQ	118	0	0	0	0	0	11746	101	217569	4149	33	58164	3947	26	37741	440	88200	63584	134268	544933	475399	299077	641	58568	652486	878424	2357929	49731	1960425	25482	4194947	2851129	5679824	6456614	7737165	28688117	53017217	5419328	83681	574	1876	1186	3296	0
FFQ	119	0	0	0	0	0	12115	96	229060	4185	36	62177	3325	12	39512	317	91795	66102	138807	566873	501412	297185	476	60565	670255	897215	2430232	40627	1994022	24839	4276584	2884859	5766976	6543041	7726643	28857934	51974172	5281676	66465	535	1965	1148	3128	0
FFQ	120	0	0	0	0	0	11921	63	225748	4276	50	62392	2661	14	38988	203	91245	65736	138609	566261	508593	290575	332	60597	674661	900919	2451882	31397	2012536	23221	4318243	2909302	5828401	6620906	7750863	29051085	51098653	5164148	53254	522	1817	1018	2892	0
FFQ	121	0	0	0	0	0	12156	43	232064	4216	40	62650	2130	5	39467	163	93438	67623	139476	581105	517628	287479	262	62455	685404	913321	2491144	24720	2036603	23000	4369359	2937785	5892441	6683354	7749988	29185299	50211177	5042650	41592	475	1744	901	2670	0
FFQ	122	0	0	0	0	0	12350	25	238934	4294	38	65436	1644	3	40684	112	94943	70053	143557	594573	533267	283601	190	63613	701195	925322	2548220	18808	2064706	22780	4438461	2979872	5953167	6754898	7732841	29284204	49292758	4916644	31420	432	1749	831	2429	0
FFQ	123	0	0	0	0	0	12751	15	247787	4471	29	68458	1427	3	42144	87	96639	72222	147975	615488	554786	286473	121	65208	718206	945918	2625973	14378	2110729	22412	4539739	3026944	6066589	6872351	7727168	29443216	48099270	4764032	23765	397	1705	801	2347	0
FFQ	124	0	0	0	0	0	12602	17	250999	4143	39	67876	1093	0	41809	65	96621	72350	148563	622897	558800	283304	80	66160	727819	955694	2656134	10429	2134337	22375	4592725	3061783	6136672	6955259	7725130	29607543	47149100	4629890	17701	391	1630	722	2249	0
FFQ	125	0	0	0	0	0	13164	5	257903	4484	49	71845	951	2	42472	33	98690	74162	151805	635762	577259	284610	46	67102	739708	969283	2710156	7465	2164756	22170	4667667	3095284	6212137	7044897	7700532	29719931	46144688	4494921	12695	350	1633	632	2103	0
FFQ	126	0	0	0	0	0	13056	8	262887	4483	35	71800	799	0	43382	20	99392	75623	153303	650213	586517	285033	31	68022	751646	981414	2764876	5054	2190647	22433	4732988	3128157	6294606	7125635	7681225	29828662	45162917	4366267	9198	310	1522	582	1812	0
FFQ	127	0	0	0	0	0	12967	5	263797	4233	44	72015	785	1	43744	12	100397	76779	154166	658602	591486	284948	27	69055	758449	990348	2798638	3447	2212853	22463	4795296	3158669	6363226	7202288	7661152	29936061	44234800	4246377	6760	267	1492	559	1586	0
FFQ	128	0	0	1	0	0	13334	2	278579	4286	37	73667	661	1	44885	12	101594	79528	156043	683763	602056	287656	15	71442	773337	1005904	2869687	2345	2249107	23573	4873175	3198551	6448842	7289888	7625059	30007013	43184263	4110332	4975	250	1410	440	1426	0
FFQ	129	0	0	0	0	0	13224	2	281933	4429	45	75272	634	0	45342	3	102851	81535	158702	696067	615347	289463	8	72676	782965	1019268	2917972	1560	2276765	23622	4942395	3228572	6521397	7365260	7579478	30049872	42247139	3990863	3695	192	1280	400	1311	0
FFQ	130	0	0	0	0	0	13460	0	285341	4368	44	74432	641	0	45527	2	101536	81888	158984	702400	617498	288730	1	72828	789229	1024113	2944487	1144	2291798	23973	4992810	3253613	6581154	7433857	7555709	30136275	41346509	3879180	2817	241	1221	308	1107	0
FFQ	131	0	0	0	0	0	13555	0	296052	4426	51	79080	666	0	46783	1	105398	83918	164894	725605	639697	293887	0	74522	807628	1044993	3027567	781	2328432	23979	5085779	3290646	6664555	7517341	7498340	30138163	40288924	3751389	2328	201	1122	326	963	0
FFQ	132	0	0	0	0	0	13733	0	303008	4609	38	82057	669	0	47443	0	106799	85525	168065	739491	657483	296088	0	75470	823049	1062568	3096481	553	2363644	23809	5182400	3331027	6759587	7612639	7447548	30157781	39219746	3614960	1992	154	1134	278	821	0
FFQ	133	0	0	0	0	0	13184	0	295434	4317	36	78857	616	0	46199	0	104648	84785	166379	732982	652064	293996	0	75657	821145	1060406	3102640	428	2367606	24008	5209549	3341154	6794432	7663984	7416639	30178999	38507678	3515273	1660	144	996	229	728	0
FFQ	134	0	0	1	0	0	13696	0	309735	4325	37	80509	600	0	47646	0	106388	88135	167444	758814	656211	294919	3	77534	827984	1068874	3149016	330	2392447	24649	5262396	3373212	6859759	7711332	7365341	30162769	37600672	3399753	1546	138	873	200	602	0
FFQ	135	0	0	2	0	0	13931	0	325929	4394	39	84727	717	0	48949	0	108940	90936	172643	785891	683237	300636	2	79668	848811	1092232	3241309	308	2428374	24908	5367515	3401723	6944205	7781549	7289946	30083327	36537704	3270633	1406	99	792	183	539	0
FFQ	136	0	0	6	0	0	13944	0	325844	4340	37	83503	666	0	49201	0	108116	90763	171652	792173	688414	300162	0	79893	854395	1096984	3270559	270	2443994	24988	5411727	3423904	6996818	7844709	7237971	30070288	35674641	3168915	1251	81	696	145	467	0
FFQ	137	0	0	9	0	0	13941	0	329509	4382	39	84509	671	0	49365	0	108771	92461	173588	802747	693943	301814	0	80784	862780	1104990	3320469	229	2464406	24796	5477282	3443739	7063382	7909238	7185268	30019837	34755697	3054678	1120	97	589	116	361	0
FFQ	138	0	0	14	0	0	14071	0	340991	4378	47	86301	715	0	50220	0	110133	93582	175704	821822	704236	303557	0	81588	872128	1118757	3374503	223	2485297	25421	5539494	3469718	7127667	7966295	7108153	29955215	33807830	2946064	990	60	520	99	331	0
FFQ	139	0	0	15	0	0	13832	0	341610	4403	49	86860	745	0	50293	0	109913	94955	176853	830764	715126	304216	0	82189	880372	1125191	3419117	172	2500543	25047	5598326	3484896	7174702	8009276	7032504	29853730	32976543	2844372	871	66	491	80	264	0
FFQ	140	0	0	18	0	0	13798	0	345349	4200	31	86634	701	0	50654	0	110270	96124	176642	841774	718183	304479	0	83928	886703	1131142	3467397	188	2524502	25649	5665191	3509620	7238184	8072485	6957530	29757154	32032299	2741013	765	45	395	65	208	0
FFQ	141	0	0	15	0	0	14783	0	377468	4527	48	94320	779	0	52471	0	113980	100118	182856	880768	746823	308340	0	85465	906667	1148722	3561982	161	2551455	25861	5764251	3544597	7321707	8138104	6855042	29581671	30903096	2612854	673	41	350	58	195	0
FFQ	142	0	0	18	0	0	14705	0	376001	4428	53	95811	884	0	51858	0	114459	100084	187386	890711	770336	310031	0	84699	917927	1163961	3627484	130	2573818	25443	5840821	3571189	7395362	8199662	6770331	29452252	29878483	2497084	594	37	285	48	173	0
FFQ	143	0	0	24	0	0	14527	0	377525	4459	41	95721	841	0	51931	0	114552	102298	187872	902641	777128	308812	0	85363	923567	1169882	3673536	129	2591669	25470	5910021	3589482	7462119	8261917	6684421	29311967	28918940	2389462	475	30	270	39	119	0
FFQ	144	0	0	27	0	0	14410	0	380681	4180	47	93562	799	0	52018	0	114438	102348	185255	911560	774725	305079	0	85238	921151	1164519	3684304	146	2587836	25837	5925413	3596492	7497745	8292238	6599297	29138085	28162646	2301276	483	19	214	32	113	0
FFQ	145	0	0	20	0	0	13659	0	364664	3515	20	81934	652	0	48856	0	107137	99615	174662	881362	733519	290391	0	82233	888405	1128670	3563181	132	2527603	26088	5796653	3557746	7406821	8235145	6560479	29038350	27998480	2284808	346	26	170	24	83	0
FFQ	146	0	0	53	0	0	13466	0	356824	3597	38	82929	649	0	47280	0	107863	99880	176529	887934	738653	282338	0	81155	871920	1103262	3537057	118	2471431	25112	5727791	3511331	7335016	8132181	6477543	28699261	27758612	2283459	299	16	118	17	68	0
FFQ	147	0	0	491	0	0	15761	0	380779	3640	29	83339	698	0	46800	0	117189	109077	185121	941332	757800	274454	0	80521	859904	1086250	3522036	103	2440993	25338	5691912	3498250	7337376	8097365	6362560	28390832	27216393	2248110	300	19	103	22	42	0
FFQ	148	0	0	2074	0	0	16028	0	345272	3558	32	78717	639	0	39070	0	130277	114480	201712	975226	794914	278372	0	79677	875173	1093083	3576072	103	2444477	24960	5716096	3504224	7380094	8108281	6248431	28083079	26374638	2177594	222	14	79	11	56	0
FFQ	149	0	0	1295119	0	0	7016	0	173322	1949	20	49268	391	0	20844	0	142579	118377	217317	1004314	815002	283273	0	80111	885442	1104379	3624620	106	2452794	24323	5774634	3535153	7452526	8150546	6121521	27778434	25426578	2083600	442	25	143	42	96	0
FFQ	150	0	0	2796492	0	0	3	0	58	0	0	15	0	0	2078	0	154258	121837	223457	1020196	811810	289476	0	79124	886441	1107075	3628346	104	2455487	23008	5828660	3556688	7530268	8206293	6008162	27536783	24349145	1962983	475	28	224	57	132	0
# Last Fragment Qualities. Use `grep ^LFQ | cut -f 2-` to extract this part.
# Columns correspond to qualities and rows to cycles. First column is the cycle number.
# GC Content of first fragments. Use `grep ^GCF | cut -f 2-` to extract this part.
GCF	0.25	235
GCF	0.75	218
GCF	1.26	217
GCF	1.76	202
GCF	2.26	272
GCF	2.76	276
GCF	3.27	284
GCF	3.77	296
GCF	4.27	339
GCF	4.77	503
GCF	5.28	505
GCF	5.78	544
GCF	6.28	636
GCF	6.78	819
GCF	7.29	1209
GCF	7.79	1282
GCF	8.29	1453
GCF	8.79	1620
GCF	9.30	2155
GCF	9.80	2833
GCF	10.30	3051
GCF	10.80	3394
GCF	11.31	3974
GCF	11.81	4791
GCF	12.31	6141
GCF	12.81	6977
GCF	13.32	7771
GCF	13.82	9154
GCF	14.32	10393
GCF	14.82	12763
GCF	15.33	14730
GCF	15.83	17125
GCF	16.33	19137
GCF	16.83	23209
GCF	17.34	26910
GCF	17.84	31263
GCF	18.34	34956
GCF	18.84	42085
GCF	19.35	50638
GCF	19.85	62625
GCF	20.35	69051
GCF	20.85	83065
GCF	21.36	102728
GCF	21.86	127531
GCF	22.36	139552
GCF	22.86	174990
GCF	23.37	220269
GCF	23.87	278108
GCF	24.37	298894
GCF	24.87	377375
GCF	25.38	474330
GCF	25.88	591273
GCF	26.38	622443
GCF	26.88	770384
GCF	27.39	943896
GCF	27.89	1146639
GCF	28.39	1192391
GCF	28.89	1426054
GCF	29.40	1684266
GCF	29.90	1971552
GCF	30.40	2026125
GCF	30.90	2325464
GCF	31.41	2642313
GCF	31.91	2964492
GCF	32.41	3028314
GCF	32.91	3336420
GCF	33.42	3643402
GCF	33.92	3923790
GCF	34.42	4178257
GCF	34.92	4234086
GCF	35.43	4451852
GCF	35.93	4639050
GCF	36.43	4778663
GCF	36.93	4814311
GCF	37.44	4908657
GCF	37.94	4967732
GCF	38.44	4979084
GCF	38.94	4997631
GCF	39.45	4964759
GCF	39.95	4902557
GCF	40.45	4816653
GCF	40.95	4819516
GCF	41.46	4702924
GCF	41.96	4573943
GCF	42.46	4433240
GCF	42.96	4427024
GCF	43.47	4266597
GCF	43.97	4103561
GCF	44.47	3931852
GCF	44.97	3923619
GCF	45.48	3756194
GCF	45.98	3587363
GCF	46.48	3438679
GCF	46.98	3428659
GCF	47.49	3273680
GCF	47.99	3125941
GCF	48.49	2997364
GCF	48.99	3003258
GCF	49.50	2891034
GCF	50.00	2794013
GCF	50.50	2704368
GCF	51.01	2735328
GCF	51.51	2650854
GCF	52.01	2578511
GCF	52.51	2502778
GCF	53.02	2499516
GCF	53.52	2397569
GCF	54.02	2278969
GCF	54.52	2134001
GCF	55.03	2048615
GCF	55.53	1875676
GCF	56.03	1697753
GCF	56.53	1532694
GCF	57.04	1437775
GCF	57.54	1301213
GCF	58.04	1185474
GCF	58.54	1084255
GCF	59.05	1036929
GCF	59.55	954843
GCF	60.05	883579
GCF	60.55	822393
GCF	61.06	794351
GCF	61.56	740763
GCF	62.06	694721
GCF	62.56	654278
GCF	63.07	638252
GCF	63.57	605254
GCF	64.07	576548
GCF	64.57	551674
GCF	65.08	541699
GCF	65.58	522276
GCF	66.08	500500
GCF	66.58	475846
GCF	67.09	450407
GCF	67.59	434753
GCF	68.09	401885
GCF	68.59	372693
GCF	69.10	341384
GCF	69.60	315897
GCF	70.10	285141
GCF	70.60	255538
GCF	71.11	231288
GCF	71.61	209722
GCF	72.11	184486
GCF	72.61	164231
GCF	73.12	143922
GCF	73.62	130684
GCF	74.12	117370
GCF	74.62	104326
GCF	75.13	92256
GCF	75.63	83552
GCF	76.13	74520
GCF	76.63	67779
GCF	77.14	61691
GCF	77.64	56858
GCF	78.14	52055
GCF	78.64	47306
GCF	79.15	43074
GCF	79.65	40042
GCF	80.15	36342
GCF	80.65	32806
GCF	81.16	29532
GCF	81.66	27248
GCF	82.16	24719
GCF	82.66	22144
GCF	83.17	19296
GCF	83.67	17439
GCF	84.17	15384
GCF	84.67	13484
GCF	85.18	11244
GCF	85.68	9860
GCF	86.18	8449
GCF	86.68	7335
GCF	87.19	6415
GCF	87.69	5144
GCF	88.19	4232
GCF	88.69	3526
GCF	89.20	2967
GCF	89.70	2601
GCF	90.20	1954
GCF	90.70	1551
GCF	91.21	1322
GCF	91.71	1108
GCF	92.21	978
GCF	92.71	631
GCF	93.22	505
GCF	93.72	412
GCF	94.22	349
GCF	94.72	330
GCF	95.23	167
GCF	95.73	140
GCF	96.23	122
GCF	96.98	111
GCF	97.74	27
GCF	98.99	23
# GC Content of last fragments. Use `grep ^GCL | cut -f 2-` to extract this part.
# ACGT content per cycle. Use `grep ^GCC | cut -f 2-` to extract this part. The columns are: cycle; A,C,G,T base counts as a percentage of all A/C/G/T bases [%]; and N and O counts as a percentage of all A/C/G/T bases [%]
GCC	1	28.90	21.11	21.21	28.77	0.00	0.00
GCC	2	29.79	20.19	20.32	29.70	0.00	0.00
GCC	3	29.10	20.86	21.02	29.02	0.00	0.00
GCC	4	28.83	21.13	21.28	28.76	0.00	0.00
GCC	5	29.04	20.92	21.07	28.96	0.00	0.00
GCC	6	28.60	21.37	21.51	28.51	0.00	0.00
GCC	7	28.82	21.17	21.30	28.71	0.00	0.00
GCC	8	29.13	20.88	21.00	28.99	0.00	0.00
GCC	9	28.97	21.05	21.15	28.83	0.00	0.00
GCC	10	28.94	21.06	21.18	28.82	0.00	0.00
GCC	11	28.90	21.10	21.20	28.80	0.00	0.00
GCC	12	28.92	21.07	21.18	28.82	0.00	0.00
GCC	13	29.02	20.99	21.10	28.89	0.00	0.00
GCC	14	29.08	20.93	21.06	28.92	0.00	0.00
GCC	15	29.13	20.90	21.02	28.96	0.00	0.00
GCC	16	29.12	20.91	21.03	28.94	0.00	0.00
GCC	17	29.05	20.99	21.08	28.87	0.00	0.00
GCC	18	28.97	21.08	21.17	28.78	0.00	0.00
GCC	19	28.93	21.11	21.21	28.75	0.00	0.00
GCC	20	28.91	21.13	21.23	28.73	0.00	0.00
GCC	21	28.95	21.10	21.22	28.73	0.00	0.00
GCC	22	28.93	21.10	21.26	28.72	0.00	0.00
GCC	23	28.91	21.12	21.22	28.75	0.00	0.00
GCC	24	28.88	21.16	21.28	28.68	0.00	0.00
GCC	25	28.92	21.13	21.22	28.73	0.00	0.00
GCC	26	28.89	21.14	21.23	28.75	0.00	0.00
GCC	27	28.86	21.19	21.27	28.68	0.00	0.00
GCC	28	28.82	21.19	21.33	28.66	0.00	0.00
GCC	29	28.78	21.24	21.35	28.62	0.00	0.00
GCC	30	28.74	21.29	21.40	28.57	0.00	0.00
GCC	31	28.76	21.30	21.38	28.57	0.00	0.00
GCC	32	28.72	21.32	21.40	28.57	0.00	0.00
GCC	33	28.76	21.27	21.37	28.60	0.00	0.00
GCC	34	28.80	21.24	21.35	28.61	0.00	0.00
GCC	35	28.80	21.20	21.34	28.65	0.00	0.00
GCC	36	28.79	21.24	21.36	28.61	0.00	0.00
GCC	37	28.78	21.25	21.34	28.62	0.00	0.00
GCC	38	28.73	21.27	21.38	28.62	0.00	0.00
GCC	39	28.72	21.29	21.42	28.56	0.00	0.00
GCC	40	28.69	21.34	21.46	28.52	0.00	0.00
GCC	41	28.68	21.36	21.44	28.52	0.00	0.00
GCC	42	28.70	21.33	21.44	28.53	0.00	0.00
GCC	43	28.73	21.31	21.40	28.56	0.00	0.00
GCC	44	28.72	21.31	21.41	28.56	0.00	0.00
GCC	45	28.75	21.26	21.39	28.60	0.00	0.00
GCC	46	28.78	21.21	21.37	28.64	0.00	0.00
GCC	47	28.80	21.22	21.35	28.64	0.00	0.00
GCC	48	28.81	21.23	21.35	28.61	0.00	0.00
GCC	49	28.77	21.27	21.39	28.58	0.00	0.00
GCC	50	28.72	21.32	21.43	28.54	0.00	0.00
GCC	51	28.68	21.35	21.47	28.49	0.00	0.00
GCC	52	28.73	21.31	21.42	28.54	0.00	0.00
GCC	53	28.75	21.30	21.38	28.57	0.00	0.00
GCC	54	28.76	21.26	21.41	28.58	0.00	0.00
GCC	55	28.76	21.26	21.37	28.61	0.00	0.00
GCC	56	28.78	21.24	21.34	28.64	0.00	0.00
GCC	57	28.77	21.22	21.37	28.64	0.00	0.00
GCC	58	28.74	21.26	21.38	28.62	0.00	0.00
GCC	59	28.81	21.22	21.32	28.66	0.00	0.00
GCC	60	28.78	21.26	21.36	28.60	0.00	0.00
GCC	61	28.73	21.29	21.42	28.57	0.00	0.00
GCC	62	28.75	21.25	21.42	28.59	0.00	0.00
GCC	63	28.79	21.22	21.37	28.61	0.00	0.00
GCC	64	28.78	21.23	21.37	28.61	0.00	0.00
GCC	65	28.82	21.20	21.34	28.65	0.00	0.00
GCC	66	28.83	21.17	21.33	28.67	0.00	0.00
GCC	67	28.83	21.19	21.31	28.68	0.00	0.00
GCC	68	28.81	21.17	21.33	28.69	0.00	0.00
GCC	69	28.82	21.18	21.31	28.69	0.00	0.00
GCC	70	28.78	21.17	21.38	28.67	0.00	0.00
GCC	71	28.81	21.17	21.34	28.68	0.00	0.00
GCC	72	28.81	21.19	21.34	28.66	0.00	0.00
GCC	73	28.82	21.17	21.34	28.67	0.00	0.00
GCC	74	28.83	21.15	21.33	28.69	0.00	0.00
GCC	75	28.85	21.13	21.31	28.70	0.00	0.00
GCC	76	28.88	21.09	21.28	28.75	0.00	0.00
GCC	77	28.90	21.10	21.26	28.74	0.00	0.00
GCC	78	28.86	21.11	21.31	28.71	0.00	0.00
GCC	79	28.88	21.13	21.29	28.70	0.00	0.00
GCC	80	28.83	21.16	21.36	28.66	0.00	0.00
GCC	81	28.84	21.16	21.35	28.65	0.00	0.00
GCC	82	28.85	21.14	21.34	28.67	0.00	0.00
GCC	83	28.87	21.13	21.30	28.70	0.00	0.00
GCC	84	28.86	21.14	21.30	28.70	0.00	0.00
GCC	85	28.90	21.09	21.27	28.74	0.00	0.00
GCC	86	28.93	21.04	21.23	28.80	0.00	0.00
GCC	87	28.92	21.06	21.23	28.78	0.00	0.00
GCC	88	28.91	21.08	21.23	28.77	0.00	0.00
GCC	89	28.93	21.07	21.23	28.77	0.00	0.00
GCC	90	28.90	21.07	21.27	28.76	0.00	0.00
GCC	91	28.86	21.13	21.27	28.74	0.00	0.00
GCC	92	28.88	21.10	21.27	28.74	0.00	0.00
GCC	93	28.91	21.08	21.22	28.79	0.00	0.00
GCC	94	28.92	21.06	21.22	28.80	0.00	0.00
GCC	95	28.96	21.04	21.18	28.81	0.00	0.00
GCC	96	28.96	21.03	21.20	28.80	0.00	0.00
GCC	97	28.99	21.00	21.17	28.84	0.00	0.00
GCC	98	28.97	21.01	21.17	28.84	0.00	0.00
GCC	99	28.96	21.01	21.19	28.84	0.00	0.00
GCC	100	28.95	21.05	21.18	28.82	0.00	0.00
GCC	101	28.94	21.04	21.19	28.82	0.00	0.00
GCC	102	28.92	21.06	21.22	28.80	0.00	0.00
GCC	103	28.96	21.03	21.17	28.84	0.00	0.00
GCC	104	29.01	20.99	21.13	28.87	0.00	0.00
GCC	105	29.02	21.00	21.12	28.86	0.00	0.00
GCC	106	29.01	20.98	21.11	28.90	0.00	0.00
GCC	107	29.06	20.93	21.08	28.93	0.00	0.00
GCC	108	29.05	20.92	21.08	28.95	0.00	0.00
GCC	109	29.03	20.95	21.08	28.94	0.00	0.00
GCC	110	28.99	20.98	21.11	28.91	0.00	0.00
GCC	111	29.01	20.99	21.11	28.89	0.00	0.00
GCC	112	29.00	21.00	21.11	28.89	0.00	0.00
GCC	113	29.00	21.00	21.11	28.89	0.00	0.00
GCC	114	29.03	20.96	21.08	28.94	0.00	0.00
GCC	115	29.08	20.92	21.04	28.97	0.00	0.00
GCC	116	29.10	20.88	21.01	29.02	0.00	0.00
GCC	117	29.11	20.88	20.97	29.04	0.00	0.00
GCC	118	29.12	20.89	20.96	29.03	0.00	0.00
GCC	119	29.13	20.87	20.94	29.05	0.00	0.00
GCC	120	29.09	20.90	20.99	29.02	0.00	0.00
GCC	121	29.09	20.90	20.99	29.02	0.00	0.00
GCC	122	29.09	20.90	20.99	29.02	0.00	0.00
GCC	123	29.11	20.90	20.96	29.04	0.00	0.00
GCC	124	29.11	20.89	20.96	29.04	0.00	0.00
GCC	125	29.14	20.87	20.91	29.08	0.00	0.00
GCC	126	29.16	20.85	20.90	29.09	0.00	0.00
GCC	127	29.18	20.83	20.87	29.13	0.00	0.00
GCC	128	29.21	20.78	20.85	29.16	0.00	0.00
GCC	129	29.22	20.78	20.83	29.17	0.00	0.00
GCC	130	29.23	20.79	20.82	29.17	0.00	0.00
GCC	131	29.22	20.79	20.82	29.17	0.00	0.00
GCC	132	29.21	20.79	20.83	29.17	0.00	0.00
GCC	133	29.24	20.78	20.80	29.19	0.00	0.00
GCC	134	29.24	20.77	20.79	29.20	0.00	0.00
GCC	135	29.26	20.75	20.77	29.21	0.00	0.00
GCC	136	29.29	20.73	20.75	29.24	0.00	0.00
GCC	137	29.33	20.69	20.70	29.28	0.00	0.00
GCC	138	29.33	20.67	20.70	29.30	0.00	0.00
GCC	139	29.35	20.66	20.68	29.31	0.00	0.00
GCC	140	29.36	20.65	20.67	29.32	0.00	0.00
GCC	141	29.37	20.64	20.65	29.34	0.00	0.00
GCC	142	29.38	20.63	20.64	29.35	0.00	0.00
GCC	143	29.39	20.61	20.63	29.37	0.00	0.00
GCC	144	29.39	20.61	20.61	29.38	0.00	0.00
GCC	145	29.43	20.58	20.58	29.41	0.00	0.00
GCC	146	29.47	20.54	20.54	29.44	0.00	0.00
GCC	147	29.50	20.51	20.51	29.48	0.00	0.00
GCC	148	29.53	20.48	20.49	29.50	0.00	0.00
GCC	149	29.52	20.49	20.49	29.49	0.00	0.00
GCC	150	29.48	20.52	20.53	29.47	0.00	0.00
# ACGT content per cycle, read oriented. Use `grep ^GCT | cut -f 2-` to extract this part. The columns are: cycle; A,C,G,T base counts as a percentage of all A/C/G/T bases [%]
GCT	1	29.24	23.35	18.97	28.44
GCT	2	30.78	19.58	20.93	28.71
GCT	3	28.52	20.83	21.05	29.60
GCT	4	28.27	21.02	21.39	29.33
GCT	5	28.22	20.44	21.56	29.78
GCT	6	28.94	21.26	21.63	28.17
GCT	7	28.63	20.57	21.90	28.90
GCT	8	29.11	20.77	21.11	29.00
GCT	9	28.49	21.23	20.97	29.30
GCT	10	28.66	21.23	21.01	29.10
GCT	11	28.57	21.35	20.96	29.13
GCT	12	28.81	21.24	21.02	28.93
GCT	13	28.97	21.09	20.99	28.94
GCT	14	29.13	21.01	20.99	28.87
GCT	15	29.10	21.00	20.92	28.99
GCT	16	29.08	21.00	20.94	28.98
GCT	17	28.92	21.04	21.04	29.00
GCT	18	28.80	21.19	21.06	28.95
GCT	19	28.76	21.18	21.14	28.92
GCT	20	28.71	21.30	21.06	28.93
GCT	21	28.71	21.29	21.03	28.97
GCT	22	28.67	21.29	21.07	28.97
GCT	23	28.67	21.28	21.06	28.99
GCT	24	28.67	21.29	21.15	28.88
GCT	25	28.75	21.23	21.12	28.89
GCT	26	28.72	21.23	21.14	28.91
GCT	27	28.73	21.28	21.18	28.81
GCT	28	28.70	21.28	21.24	28.78
GCT	29	28.65	21.31	21.29	28.75
GCT	30	28.60	21.40	21.29	28.71
GCT	31	28.61	21.41	21.26	28.71
GCT	32	28.56	21.45	21.27	28.73
GCT	33	28.64	21.44	21.20	28.73
GCT	34	28.65	21.38	21.21	28.76
GCT	35	28.73	21.33	21.22	28.72
GCT	36	28.74	21.34	21.26	28.66
GCT	37	28.76	21.29	21.30	28.65
GCT	38	28.72	21.30	21.36	28.62
GCT	39	28.68	21.33	21.38	28.60
GCT	40	28.63	21.38	21.42	28.57
GCT	41	28.64	21.42	21.38	28.56
GCT	42	28.61	21.45	21.31	28.62
GCT	43	28.62	21.40	21.30	28.67
GCT	44	28.63	21.43	21.29	28.66
GCT	45	28.72	21.37	21.28	28.63
GCT	46	28.75	21.31	21.26	28.68
GCT	47	28.78	21.30	21.26	28.66
GCT	48	28.76	21.28	21.29	28.66
GCT	49	28.71	21.26	21.40	28.63
GCT	50	28.69	21.32	21.42	28.56
GCT	51	28.64	21.45	21.37	28.54
GCT	52	28.69	21.43	21.30	28.57
GCT	53	28.67	21.40	21.28	28.66
GCT	54	28.63	21.41	21.26	28.71
GCT	55	28.65	21.35	21.28	28.72
GCT	56	28.72	21.34	21.24	28.71
GCT	57	28.73	21.30	21.30	28.68
GCT	58	28.72	21.33	21.32	28.63
GCT	59	28.76	21.30	21.24	28.70
GCT	60	28.72	21.33	21.28	28.67
GCT	61	28.63	21.36	21.34	28.67
GCT	62	28.66	21.43	21.23	28.68
GCT	63	28.66	21.40	21.19	28.74
GCT	64	28.67	21.38	21.23	28.72
GCT	65	28.69	21.34	21.20	28.77
GCT	66	28.70	21.33	21.17	28.80
GCT	67	28.74	21.27	21.23	28.76
GCT	68	28.79	21.26	21.24	28.71
GCT	69	28.79	21.22	21.27	28.72
GCT	70	28.78	21.28	21.27	28.67
GCT	71	28.74	21.31	21.20	28.75
GCT	72	28.72	21.32	21.21	28.75
GCT	73	28.72	21.32	21.19	28.77
GCT	74	28.74	21.32	21.16	28.78
GCT	75	28.76	21.31	21.13	28.79
GCT	76	28.84	21.26	21.12	28.79
GCT	77	28.87	21.23	21.13	28.78
GCT	78	28.84	21.24	21.18	28.74
GCT	79	28.86	21.19	21.23	28.72
GCT	80	28.79	21.26	21.26	28.69
GCT	81	28.78	21.27	21.24	28.71
GCT	82	28.76	21.32	21.16	28.76
GCT	83	28.76	21.30	21.13	28.81
GCT	84	28.74	21.27	21.16	28.83
GCT	85	28.82	21.24	21.11	28.82
GCT	86	28.85	21.21	21.07	28.88
GCT	87	28.88	21.17	21.13	28.83
GCT	88	28.87	21.16	21.15	28.82
GCT	89	28.89	21.19	21.11	28.81
GCT	90	28.82	21.22	21.12	28.84
GCT	91	28.77	21.27	21.13	28.83
GCT	92	28.80	21.31	21.07	28.83
GCT	93	28.84	21.25	21.05	28.86
GCT	94	28.86	21.24	21.05	28.86
GCT	95	28.88	21.22	21.01	28.89
GCT	96	28.89	21.19	21.04	28.88
GCT	97	28.93	21.16	21.02	28.89
GCT	98	28.91	21.16	21.02	28.90
GCT	99	28.91	21.15	21.06	28.89
GCT	100	28.89	21.17	21.06	28.88
GCT	101	28.87	21.17	21.06	28.89
GCT	102	28.87	21.19	21.09	28.85
GCT	103	28.90	21.17	21.03	28.90
GCT	104	28.94	21.15	20.96	28.95
GCT	105	28.93	21.15	20.97	28.95
GCT	106	28.95	21.15	20.94	28.96
GCT	107	28.99	21.09	20.92	29.00
GCT	108	29.03	21.03	20.97	28.97
GCT	109	29.00	21.04	20.99	28.97
GCT	110	28.98	21.10	20.99	28.93
GCT	111	28.97	21.10	21.00	28.93
GCT	112	28.96	21.11	21.01	28.92
GCT	113	28.97	21.13	20.98	28.92
GCT	114	29.02	21.12	20.91	28.95
GCT	115	29.02	21.07	20.88	29.02
GCT	116	29.04	21.03	20.86	29.08
GCT	117	29.07	21.01	20.84	29.08
GCT	118	29.09	21.00	20.84	29.06
GCT	119	29.11	20.97	20.85	29.08
GCT	120	29.08	21.00	20.89	29.03
GCT	121	29.07	21.02	20.88	29.03
GCT	122	29.06	21.04	20.85	29.06
GCT	123	29.07	21.02	20.84	29.08
GCT	124	29.08	21.03	20.82	29.07
GCT	125	29.09	21.01	20.77	29.13
GCT	126	29.10	20.99	20.77	29.15
GCT	127	29.13	20.95	20.74	29.18
GCT	128	29.18	20.91	20.72	29.19
GCT	129	29.21	20.89	20.72	29.18
GCT	130	29.21	20.88	20.72	29.18
GCT	131	29.20	20.88	20.73	29.19
GCT	132	29.20	20.90	20.72	29.18
GCT	133	29.23	20.89	20.69	29.20
GCT	134	29.21	20.88	20.67	29.23
GCT	135	29.23	20.87	20.66	29.25
GCT	136	29.26	20.86	20.61	29.26
GCT	137	29.31	20.81	20.58	29.29
GCT	138	29.34	20.79	20.57	29.30
GCT	139	29.34	20.78	20.56	29.32
GCT	140	29.35	20.77	20.54	29.34
GCT	141	29.36	20.76	20.53	29.35
GCT	142	29.36	20.76	20.51	29.36
GCT	143	29.38	20.75	20.49	29.38
GCT	144	29.38	20.77	20.46	29.39
GCT	145	29.40	20.75	20.40	29.44
GCT	146	29.42	20.75	20.34	29.49
GCT	147	29.46	20.72	20.30	29.52
GCT	148	29.48	20.71	20.26	29.55
GCT	149	29.50	20.66	20.32	29.52
GCT	150	29.49	20.62	20.44	29.46
# ACGT content per cycle for first fragments. Use `grep ^FBC | cut -f 2-` to extract this part. The columns are: cycle; A,C,G,T base counts as a percentage of all A/C/G/T bases [%]; and N and O counts as a percentage of all A/C/G/T bases [%]
FBC	1	28.90	21.11	21.21	28.77	0.00	0.00
FBC	2	29.79	20.19	20.32	29.70	0.00	0.00
FBC	3	29.10	20.86	21.02	29.02	0.00	0.00
FBC	4	28.83	21.13	21.28	28.76	0.00	0.00
FBC	5	29.04	20.92	21.07	28.96	0.00	0.00
FBC	6	28.60	21.37	21.51	28.51	0.00	0.00
FBC	7	28.82	21.17	21.30	28.71	0.00	0.00
FBC	8	29.13	20.88	21.00	28.99	0.00	0.00
FBC	9	28.97	21.05	21.15	28.83	0.00	0.00
FBC	10	28.94	21.06	21.18	28.82	0.00	0.00
FBC	11	28.90	21.10	21.20	28.80	0.00	0.00
FBC	12	28.92	21.07	21.18	28.82	0.00	0.00
FBC	13	29.02	20.99	21.10	28.89	0.00	0.00
FBC	14	29.08	20.93	21.06	28.92	0.00	0.00
FBC	15	29.13	20.90	21.02	28.96	0.00	0.00
FBC	16	29.12	20.91	21.03	28.94	0.00	0.00
FBC	17	29.05	20.99	21.08	28.87	0.00	0.00
FBC	18	28.97	21.08	21.17	28.78	0.00	0.00
FBC	19	28.93	21.11	21.21	28.75	0.00	0.00
FBC	20	28.91	21.13	21.23	28.73	0.00	0.00
FBC	21	28.95	21.10	21.22	28.73	0.00	0.00
FBC	22	28.93	21.10	21.26	28.72	0.00	0.00
FBC	23	28.91	21.12	21.22	28.75	0.00	0.00
FBC	24	28.88	21.16	21.28	28.68	0.00	0.00
FBC	25	28.92	21.13	21.22	28.73	0.00	0.00
FBC	26	28.89	21.14	21.23	28.75	0.00	0.00
FBC	27	28.86	21.19	21.27	28.68	0.00	0.00
FBC	28	28.82	21.19	21.33	28.66	0.00	0.00
FBC	29	28.78	21.24	21.35	28.62	0.00	0.00
FBC	30	28.74	21.29	21.40	28.57	0.00	0.00
FBC	31	28.76	21.30	21.38	28.57	0.00	0.00
FBC	32	28.72	21.32	21.40	28.57	0.00	0.00
FBC	33	28.76	21.27	21.37	28.60	0.00	0.00
FBC	34	28.80	21.24	21.35	28.61	0.00	0.00
FBC	35	28.80	21.20	21.34	28.65	0.00	0.00
FBC	36	28.79	21.24	21.36	28.61	0.00	0.00
FBC	37	28.78	21.25	21.34	28.62	0.00	0.00
FBC	38	28.73	21.27	21.38	28.62	0.00	0.00
FBC	39	28.72	21.29	21.42	28.56	0.00	0.00
FBC	40	28.69	21.34	21.46	28.52	0.00	0.00
FBC	41	28.68	21.36	21.44	28.52	0.00	0.00
FBC	42	28.70	21.33	21.44	28.53	0.00	0.00
FBC	43	28.73	21.31	21.40	28.56	0.00	0.00
FBC	44	28.72	21.31	21.41	28.56	0.00	0.00
FBC	45	28.75	21.26	21.39	28.60	0.00	0.00
FBC	46	28.78	21.21	21.37	28.64	0.00	0.00
FBC	47	28.80	21.22	21.35	28.64	0.00	0.00
FBC	48	28.81	21.23	21.35	28.61	0.00	0.00
FBC	49	28.77	21.27	21.39	28.58	0.00	0.00
FBC	50	28.72	21.32	21.43	28.54	0.00	0.00
FBC	51	28.68	21.35	21.47	28.49	0.00	0.00
FBC	52	28.73	21.31	21.42	28.54	0.00	0.00
FBC	53	28.75	21.30	21.38	28.57	0.00	0.00
FBC	54	28.76	21.26	21.41	28.58	0.00	0.00
FBC	55	28.76	21.26	21.37	28.61	0.00	0.00
FBC	56	28.78	21.24	21.34	28.64	0.00	0.00
FBC	57	28.77	21.22	21.37	28.64	0.00	0.00
FBC	58	28.74	21.26	21.38	28.62	0.00	0.00
FBC	59	28.81	21.22	21.32	28.66	0.00	0.00
FBC	60	28.78	21.26	21.36	28.60	0.00	0.00
FBC	61	28.73	21.29	21.42	28.57	0.00	0.00
FBC	62	28.75	21.25	21.42	28.59	0.00	0.00
FBC	63	28.79	21.22	21.37	28.61	0.00	0.00
FBC	64	28.78	21.23	21.37	28.61	0.00	0.00
FBC	65	28.82	21.20	21.34	28.65	0.00	0.00
FBC	66	28.83	21.17	21.33	28.67	0.00	0.00
FBC	67	28.83	21.19	21.31	28.68	0.00	0.00
FBC	68	28.81	21.17	21.33	28.69	0.00	0.00
FBC	69	28.82	21.18	21.31	28.69	0.00	0.00
FBC	70	28.78	21.17	21.38	28.67	0.00	0.00
FBC	71	28.81	21.17	21.34	28.68	0.00	0.00
FBC	72	28.81	21.19	21.34	28.66	0.00	0.00
FBC	73	28.82	21.17	21.34	28.67	0.00	0.00
FBC	74	28.83	21.15	21.33	28.69	0.00	0.00
FBC	75	28.85	21.13	21.31	28.70	0.00	0.00
FBC	76	28.88	21.09	21.28	28.75	0.00	0.00
FBC	77	28.90	21.10	21.26	28.74	0.00	0.00
FBC	78	28.86	21.11	21.31	28.71	0.00	0.00
FBC	79	28.88	21.13	21.29	28.70	0.00	0.00
FBC	80	28.83	21.16	21.36	28.66	0.00	0.00
FBC	81	28.84	21.16	21.35	28.65	0.00	0.00
FBC	82	28.85	21.14	21.34	28.67	0.00	0.00
FBC	83	28.87	21.13	21.30	28.70	0.00	0.00
FBC	84	28.86	21.14	21.30	28.70	0.00	0.00
FBC	85	28.90	21.09	21.27	28.74	0.00	0.00
FBC	86	28.93	21.04	21.23	28.80	0.00	0.00
FBC	87	28.92	21.06	21.23	28.78	0.00	0.00
FBC	88	28.91	21.08	21.23	28.77	0.00	0.00
FBC	89	28.93	21.07	21.23	28.77	0.00	0.00
FBC	90	28.90	21.07	21.27	28.76	0.00	0.00
FBC	91	28.86	21.13	21.27	28.74	0.00	0.00
FBC	92	28.88	21.10	21.27	28.74	0.00	0.00
FBC	93	28.91	21.08	21.22	28.79	0.00	0.00
FBC	94	28.92	21.06	21.22	28.80	0.00	0.00
FBC	95	28.96	21.04	21.18	28.81	0.00	0.00
FBC	96	28.96	21.03	21.20	28.80	0.00	0.00
FBC	97	28.99	21.00	21.17	28.84	0.00	0.00
FBC	98	28.97	21.01	21.17	28.84	0.00	0.00
FBC	99	28.96	21.01	21.19	28.84	0.00	0.00
FBC	100	28.95	21.05	21.18	28.82	0.00	0.00
FBC	101	28.94	21.04	21.19	28.82	0.00	0.00
FBC	102	28.92	21.06	21.22	28.80	0.00	0.00
FBC	103	28.96	21.03	21.17	28.84	0.00	0.00
FBC	104	29.01	20.99	21.13	28.87	0.00	0.00
FBC	105	29.02	21.00	21.12	28.86	0.00	0.00
FBC	106	29.01	20.98	21.11	28.90	0.00	0.00
FBC	107	29.06	20.93	21.08	28.93	0.00	0.00
FBC	108	29.05	20.92	21.08	28.95	0.00	0.00
FBC	109	29.03	20.95	21.08	28.94	0.00	0.00
FBC	110	28.99	20.98	21.11	28.91	0.00	0.00
FBC	111	29.01	20.99	21.11	28.89	0.00	0.00
FBC	112	29.00	21.00	21.11	28.89	0.00	0.00
FBC	113	29.00	21.00	21.11	28.89	0.00	0.00
FBC	114	29.03	20.96	21.08	28.94	0.00	0.00
FBC	115	29.08	20.92	21.04	28.97	0.00	0.00
FBC	116	29.10	20.88	21.01	29.02	0.00	0.00
FBC	117	29.11	20.88	20.97	29.04	0.00	0.00
FBC	118	29.12	20.89	20.96	29.03	0.00	0.00
FBC	119	29.13	20.87	20.94	29.05	0.00	0.00
FBC	120	29.09	20.90	20.99	29.02	0.00	0.00
FBC	121	29.09	20.90	20.99	29.02	0.00	0.00
FBC	122	29.09	20.90	20.99	29.02	0.00	0.00
FBC	123	29.11	20.90	20.96	29.04	0.00	0.00
FBC	124	29.11	20.89	20.96	29.04	0.00	0.00
FBC	125	29.14	20.87	20.91	29.08	0.00	0.00
FBC	126	29.16	20.85	20.90	29.09	0.00	0.00
FBC	127	29.18	20.83	20.87	29.13	0.00	0.00
FBC	128	29.21	20.78	20.85	29.16	0.00	0.00
FBC	129	29.22	20.78	20.83	29.17	0.00	0.00
FBC	130	29.23	20.79	20.82	29.17	0.00	0.00
FBC	131	29.22	20.79	20.82	29.17	0.00	0.00
FBC	132	29.21	20.79	20.83	29.17	0.00	0.00
FBC	133	29.24	20.78	20.80	29.19	0.00	0.00
FBC	134	29.24	20.77	20.79	29.20	0.00	0.00
FBC	135	29.26	20.75	20.77	29.21	0.00	0.00
FBC	136	29.29	20.73	20.75	29.24	0.00	0.00
FBC	137	29.33	20.69	20.70	29.28	0.00	0.00
FBC	138	29.33	20.67	20.70	29.30	0.00	0.00
FBC	139	29.35	20.66	20.68	29.31	0.00	0.00
FBC	140	29.36	20.65	20.67	29.32	0.00	0.00
FBC	141	29.37	20.64	20.65	29.34	0.00	0.00
FBC	142	29.38	20.63	20.64	29.35	0.00	0.00
FBC	143	29.39	20.61	20.63	29.37	0.00	0.00
FBC	144	29.39	20.61	20.61	29.38	0.00	0.00
FBC	145	29.43	20.58	20.58	29.41	0.00	0.00
FBC	146	29.47	20.54	20.54	29.44	0.00	0.00
FBC	147	29.50	20.51	20.51	29.48	0.00	0.00
FBC	148	29.53	20.48	20.49	29.50	0.00	0.00
FBC	149	29.52	20.49	20.49	29.49	0.00	0.00
FBC	150	29.48	20.52	20.53	29.47	0.00	0.00
# ACGT raw counters for first fragments. Use `grep ^FTC | cut -f 2-` to extract this part. The columns are: A,C,G,T,N base counters
FTC	5745733104	4178055237	4201009229	5720151982	9031
# ACGT content per cycle for last fragments. Use `grep ^LBC | cut -f 2-` to extract this part. The columns are: cycle; A,C,G,T base counts as a percentage of all A/C/G/T bases [%]; and N and O counts as a percentage of all A/C/G/T bases [%]
# ACGT raw counters for last fragments. Use `grep ^LTC | cut -f 2-` to extract this part. The columns are: A,C,G,T,N base counters
LTC	0	0	0	0	0
# Insert sizes. Use `grep ^IS | cut -f 2-` to extract this part. The columns are: insert size, pairs total, inward oriented pairs, outward oriented pairs, other pairs
# Read lengths. Use `grep ^RL | cut -f 2-` to extract this part. The columns are: read length, count
RL	40	188861
RL	41	186038
RL	42	186162
RL	43	180089
RL	44	186170
RL	45	167645
RL	46	171326
RL	47	181061
RL	48	187065
RL	49	189935
RL	50	181747
RL	51	184897
RL	52	175901
RL	53	178328
RL	54	184445
RL	55	189106
RL	56	191863
RL	57	193663
RL	58	192210
RL	59	192524
RL	60	197367
RL	61	202446
RL	62	203714
RL	63	202618
RL	64	205463
RL	65	204121
RL	66	212027
RL	67	208920
RL	68	222217
RL	69	223901
RL	70	223928
RL	71	222686
RL	72	226206
RL	73	234204
RL	74	238496
RL	75	226232
RL	76	221971
RL	77	218987
RL	78	225385
RL	79	225997
RL	80	229956
RL	81	235757
RL	82	241437
RL	83	249376
RL	84	261096
RL	85	270635
RL	86	276608
RL	87	290371
RL	88	282089
RL	89	288407
RL	90	295765
RL	91	303653
RL	92	307044
RL	93	311614
RL	94	322519
RL	95	334170
RL	96	341482
RL	97	354614
RL	98	369096
RL	99	363526
RL	100	367625
RL	101	379610
RL	102	388943
RL	103	393590
RL	104	402713
RL	105	408364
RL	106	413554
RL	107	421859
RL	108	439400
RL	109	459043
RL	110	457523
RL	111	472016
RL	112	504395
RL	113	492577
RL	114	499732
RL	115	533262
RL	116	510921
RL	117	524567
RL	118	541651
RL	119	552382
RL	120	567957
RL	121	577973
RL	122	596030
RL	123	607023
RL	124	623649
RL	125	626797
RL	126	636761
RL	127	660655
RL	128	675600
RL	129	684314
RL	130	705233
RL	131	721343
RL	132	723797
RL	133	748962
RL	134	791686
RL	135	784687
RL	136	805910
RL	137	839483
RL	138	847738
RL	139	895066
RL	140	963072
RL	141	963700
RL	142	979298
RL	143	1015037
RL	144	1026764
RL	145	1081649
RL	146	1038861
RL	147	1108204
RL	148	42429
RL	149	45143
RL	150	98579163
# Read lengths - first fragments. Use `grep ^FRL | cut -f 2-` to extract this part. The columns are: read length, count
FRL	40	188861
FRL	41	186038
FRL	42	186162
FRL	43	180089
FRL	44	186170
FRL	45	167645
FRL	46	171326
FRL	47	181061
FRL	48	187065
FRL	49	189935
FRL	50	181747
FRL	51	184897
FRL	52	175901
FRL	53	178328
FRL	54	184445
FRL	55	189106
FRL	56	191863
FRL	57	193663
FRL	58	192210
FRL	59	192524
FRL	60	197367
FRL	61	202446
FRL	62	203714
FRL	63	202618
FRL	64	205463
FRL	65	204121
FRL	66	212027
FRL	67	208920
FRL	68	222217
FRL	69	223901
FRL	70	223928
FRL	71	222686
FRL	72	226206
FRL	73	234204
FRL	74	238496
FRL	75	226232
FRL	76	221971
FRL	77	218987
FRL	78	225385
FRL	79	225997
FRL	80	229956
FRL	81	235757
FRL	82	241437
FRL	83	249376
FRL	84	261096
FRL	85	270635
FRL	86	276608
FRL	87	290371
FRL	88	282089
FRL	89	288407
FRL	90	295765
FRL	91	303653
FRL	92	307044
FRL	93	311614
FRL	94	322519
FRL	95	334170
FRL	96	341482
FRL	97	354614
FRL	98	369096
FRL	99	363526
FRL	100	367625
FRL	101	379610
FRL	102	388943
FRL	103	393590
FRL	104	402713
FRL	105	408364
FRL	106	413554
FRL	107	421859
FRL	108	439400
FRL	109	459043
FRL	110	457523
FRL	111	472016
FRL	112	504395
FRL	113	492577
FRL	114	499732
FRL	115	533262
FRL	116	510921
FRL	117	524567
FRL	118	541651
FRL	119	552382
FRL	120	567957
FRL	121	577973
FRL	122	596030
FRL	123	607023
FRL	124	623649
FRL	125	626797
FRL	126	636761
FRL	127	660655
FRL	128	675600
FRL	129	684314
FRL	130	705233
FRL	131	721343
FRL	132	723797
FRL	133	748962
FRL	134	791686
FRL	135	784687
FRL	136	805910
FRL	137	839483
FRL	138	847738
FRL	139	895066
FRL	140	963072
FRL	141	963700
FRL	142	979298
FRL	143	1015037
FRL	144	1026764
FRL	145	1081649
FRL	146	1038861
FRL	147	1108204
FRL	148	42429
FRL	149	45143
FRL	150	98579163
# Read lengths - last fragments. Use `grep ^LRL | cut -f 2-` to extract this part. The columns are: read length, count
# Indel distribution. Use `grep ^ID | cut -f 2-` to extract this part. The columns are: length, number of insertions, number of deletions
ID	1	1345376	1248961
ID	2	347015	208513
ID	3	224507	108051
ID	4	126424	65475
ID	5	73303	31916
ID	6	68889	33266
ID	7	37312	16176
ID	8	33846	15668
ID	9	24075	9276
ID	10	20834	8338
ID	11	14228	5844
ID	12	13702	4775
ID	13	9085	2803
ID	14	7836	2338
ID	15	7877	2386
ID	16	6439	1691
ID	17	5961	921
ID	18	20438	640
ID	19	4075	1796
ID	20	4158	436
ID	21	3422	375
ID	22	2913	297
ID	23	2833	231
ID	24	2400	163
ID	25	1715	132
ID	26	1015	69
ID	27	871	54
ID	28	579	48
# Indels per cycle. Use `grep ^IC | cut -f 2-` to extract this part. The columns are: cycle, number of insertions (fwd), .. (rev) , number of deletions (fwd), .. (rev)
IC	2	1507	0	0	0
IC	3	3679	0	971	0
IC	4	9332	0	16990	0
IC	5	113534	0	19023	0
IC	6	55973	0	18088	0
IC	7	43200	0	18723	0
IC	8	34848	0	17745	0
IC	9	29308	0	17362	0
IC	10	26401	0	17911	0
IC	11	29000	0	16748	0
IC	12	29219	0	17014	0
IC	13	28762	0	16404	0
IC	14	34395	0	17718	0
IC	15	29378	0	16897	0
IC	16	27697	0	16917	0
IC	17	26235	0	16884	0
IC	18	25167	0	16359	0
IC	19	22949	0	16097	0
IC	20	22012	0	17009	0
IC	21	22391	0	16914	0
IC	22	22328	0	16932	0
IC	23	21770	0	16497	0
IC	24	20179	0	17070	0
IC	25	19282	0	17289	0
IC	26	18296	0	18547	0
IC	27	17566	0	17431	0
IC	28	17945	0	17140	0
IC	29	18133	0	17628	0
IC	30	17666	0	17684	0
IC	31	17834	0	16391	0
IC	32	17429	0	15669	0
IC	33	16885	0	15725	0
IC	34	16873	0	15262	0
IC	35	17199	0	15399	0
IC	36	16720	0	14768	0
IC	37	16328	0	15060	0
IC	38	17023	0	15424	0
IC	39	16709	0	15526	0
IC	40	16049	0	15475	0
IC	41	16920	0	14932	0
IC	42	16681	0	14842	0
IC	43	16435	0	14438	0
IC	44	16301	0	14179	0
IC	45	17023	0	13967	0
IC	46	16855	0	14018	0
IC	47	16255	0	14326	0
IC	48	16593	0	14589	0
IC	49	17312	0	14663	0
IC	50	17120	0	13819	0
IC	51	15932	0	13435	0
IC	52	16242	0	13965	0
IC	53	16122	0	13569	0
IC	54	16064	0	13164	0
IC	55	15723	0	13281	0
IC	56	15390	0	13609	0
IC	57	15901	0	13729	0
IC	58	15921	0	13738	0
IC	59	14880	0	13799	0
IC	60	14937	0	13248	0
IC	61	15638	0	12905	0
IC	62	15443	0	12764	0
IC	63	14838	0	12477	0
IC	64	14180	0	12574	0
IC	65	13904	0	12360	0
IC	66	14224	0	12773	0
IC	67	14498	0	12940	0
IC	68	14339	0	13157	0
IC	69	13940	0	12998	0
IC	70	13906	0	12699	0
IC	71	14243	0	12689	0
IC	72	14447	0	12542	0
IC	73	14141	0	12020	0
IC	74	14534	0	11841	0
IC	75	13942	0	11433	0
IC	76	13995	0	11602	0
IC	77	13792	0	11425	0
IC	78	13934	0	11477	0
IC	79	13578	0	11803	0
IC	80	13431	0	11843	0
IC	81	13612	0	11904	0
IC	82	13399	0	11840	0
IC	83	13177	0	12011	0
IC	84	13432	0	11168	0
IC	85	13458	0	11295	0
IC	86	13797	0	11663	0
IC	87	13814	0	11585	0
IC	88	13855	0	11419	0
IC	89	13573	0	11488	0
IC	90	13110	0	11219	0
IC	91	13399	0	11085	0
IC	92	13522	0	11460	0
IC	93	13273	0	11527	0
IC	94	13546	0	11488	0
IC	95	13374	0	11117	0
IC	96	14086	0	11309	0
IC	97	14006	0	10887	0
IC	98	13307	0	10683	0
IC	99	13147	0	11062	0
IC	100	13352	0	11503	0
IC	101	13250	0	11111	0
IC	102	12701	0	10953	0
IC	103	13557	0	10931	0
IC	104	13388	0	10499	0
IC	105	12742	0	10471	0
IC	106	12857	0	10693	0
IC	107	12620	0	10218	0
IC	108	12924	0	10374	0
IC	109	12934	0	10206	0
IC	110	13608	0	10012	0
IC	111	12746	0	9968	0
IC	112	13074	0	9980	0
IC	113	12716	0	9956	0
IC	114	12726	0	9493	0
IC	115	12599	0	9568	0
IC	116	12208	0	9341	0
IC	117	12733	0	9621	0
IC	118	12447	0	9498	0
IC	119	12214	0	9406	0
IC	120	12678	0	9312	0
IC	121	12725	0	9062	0
IC	122	12341	0	8825	0
IC	123	12168	0	8797	0
IC	124	12744	0	8997	0
IC	125	12553	0	9061	0
IC	126	12885	0	8749	0
IC	127	13097	0	8747	0
IC	128	13181	0	8469	0
IC	129	13029	0	8320	0
IC	130	13018	0	8263	0
IC	131	12742	0	8065	0
IC	132	12722	0	8085	0
IC	133	12571	0	8433	0
IC	134	12234	0	8008	0
IC	135	12619	0	7734	0
IC	136	12368	0	7592	0
IC	137	12338	0	7406	0
IC	138	12525	0	6943	0
IC	139	12180	0	6749	0
IC	140	11914	0	6424	0
IC	141	12090	0	6155	0
IC	142	11784	0	5768	0
IC	143	11637	0	5171	0
IC	144	11452	0	4929	0
IC	145	9942	0	4685	0
IC	146	6562	0	3090	0
IC	147	1458	0	465	0
IC	148	505	0	0	0
IC	149	28	0	0	0
# Coverage distribution. Use `grep ^COV | cut -f 2-` to extract this part.
COV	[1-1]	1	2113381
COV	[2-2]	2	2933657
COV	[3-3]	3	4039720
COV	[4-4]	4	5543109
COV	[5-5]	5	7717811
COV	[6-6]	6	10887277
COV	[7-7]	7	15545834
COV	[8-8]	8	21915575
COV	[9-9]	9	30272580
COV	[10-10]	10	40456757
COV	[11-11]	11	52018180
COV	[12-12]	12	63986070
COV	[13-13]	13	75243734
COV	[14-14]	14	84529554
COV	[15-15]	15	90656240
COV	[16-16]	16	92995466
COV	[17-17]	17	91303620
COV	[18-18]	18	85910835
COV	[19-19]	19	77596036
COV	[20-20]	20	67375135
COV	[21-21]	21	56322051
COV	[22-22]	22	45452520
COV	[23-23]	23	35379145
COV	[24-24]	24	26639718
COV	[25-25]	25	19429653
COV	[26-26]	26	13778605
COV	[27-27]	27	9501333
COV	[28-28]	28	6381772
COV	[29-29]	29	4194641
COV	[30-30]	30	2708597
COV	[31-31]	31	1729307
COV	[32-32]	32	1102144
COV	[33-33]	33	710800
COV	[34-34]	34	470400
COV	[35-35]	35	324962
COV	[36-36]	36	240736
COV	[37-37]	37	185563
COV	[38-38]	38	154494
COV	[39-39]	39	133922
COV	[40-40]	40	116863
COV	[41-41]	41	105037
COV	[42-42]	42	96786
COV	[43-43]	43	88612
COV	[44-44]	44	80865
COV	[45-45]	45	74532
COV	[46-46]	46	68306
COV	[47-47]	47	63989
COV	[48-48]	48	58963
COV	[49-49]	49	56552
COV	[50-50]	50	52992
COV	[51-51]	51	50316
COV	[52-52]	52	47206
COV	[53-53]	53	44996
COV	[54-54]	54	42690
COV	[55-55]	55	40439
COV	[56-56]	56	37921
COV	[57-57]	57	36283
COV	[58-58]	58	34903
COV	[59-59]	59	33430
COV	[60-60]	60	31862
COV	[61-61]	61	29902
COV	[62-62]	62	28990
COV	[63-63]	63	27857
COV	[64-64]	64	27143
COV	[65-65]	65	26400
COV	[66-66]	66	26156
COV	[67-67]	67	24871
COV	[68-68]	68	24200
COV	[69-69]	69	22840
COV	[70-70]	70	21946
COV	[71-71]	71	20879
COV	[72-72]	72	20378
COV	[73-73]	73	19472
COV	[74-74]	74	18890
COV	[75-75]	75	18072
COV	[76-76]	76	17551
COV	[77-77]	77	16926
COV	[78-78]	78	16342
COV	[79-79]	79	15603
COV	[80-80]	80	15207
COV	[81-81]	81	14610
COV	[82-82]	82	14625
COV	[83-83]	83	14319
COV	[84-84]	84	14047
COV	[85-85]	85	13706
COV	[86-86]	86	13453
COV	[87-87]	87	13098
COV	[88-88]	88	12440
COV	[89-89]	89	12228
COV	[90-90]	90	12077
COV	[91-91]	91	11650
COV	[92-92]	92	11570
COV	[93-93]	93	11200
COV	[94-94]	94	11032
COV	[95-95]	95	10873
COV	[96-96]	96	10380
COV	[97-97]	97	10205
COV	[98-98]	98	9825
COV	[99-99]	99	9701
COV	[100-100]	100	9452
COV	[101-101]	101	9491
COV	[102-102]	102	9120
COV	[103-103]	103	9104
COV	[104-104]	104	8960
COV	[105-105]	105	8762
COV	[106-106]	106	8402
COV	[107-107]	107	8226
COV	[108-108]	108	8015
COV	[109-109]	109	7866
COV	[110-110]	110	7672
COV	[111-111]	111	7307
COV	[112-112]	112	7424
COV	[113-113]	113	7244
COV	[114-114]	114	7219
COV	[115-115]	115	7213
COV	[116-116]	116	7026
COV	[117-117]	117	6837
COV	[118-118]	118	6453
COV	[119-119]	119	6443
COV	[120-120]	120	6222
COV	[121-121]	121	6005
COV	[122-122]	122	5951
COV	[123-123]	123	5969
COV	[124-124]	124	5747
COV	[125-125]	125	5688
COV	[126-126]	126	5536
COV	[127-127]	127	5558
COV	[128-128]	128	5350
COV	[129-129]	129	5415
COV	[130-130]	130	5166
COV	[131-131]	131	5169
COV	[132-132]	132	5142
COV	[133-133]	133	5019
COV	[134-134]	134	5065
COV	[135-135]	135	4991
COV	[136-136]	136	4909
COV	[137-137]	137	4803
COV	[138-138]	138	4784
COV	[139-139]	139	4584
COV	[140-140]	140	4565
COV	[141-141]	141	4486
COV	[142-142]	142	4599
COV	[143-143]	143	4451
COV	[144-144]	144	4202
COV	[145-145]	145	4239
COV	[146-146]	146	4262
COV	[147-147]	147	4275
COV	[148-148]	148	4189
COV	[149-149]	149	4007
COV	[150-150]	150	3991
COV	[151-151]	151	3972
COV	[152-152]	152	3899
COV	[153-153]	153	3911
COV	[154-154]	154	3682
COV	[155-155]	155	3769
COV	[156-156]	156	3785
COV	[157-157]	157	3593
COV	[158-158]	158	3621
COV	[159-159]	159	3671
COV	[160-160]	160	3806
COV	[161-161]	161	3609
COV	[162-162]	162	3648
COV	[163-163]	163	3506
COV	[164-164]	164	3377
COV	[165-165]	165	3338
COV	[166-166]	166	3298
COV	[167-167]	167	3309
COV	[168-168]	168	3267
COV	[169-169]	169	3028
COV	[170-170]	170	3284
COV	[171-171]	171	3302
COV	[172-172]	172	3159
COV	[173-173]	173	3152
COV	[174-174]	174	3138
COV	[175-175]	175	3170
COV	[176-176]	176	3121
COV	[177-177]	177	3101
COV	[178-178]	178	2939
COV	[179-179]	179	2841
COV	[180-180]	180	2848
COV	[181-181]	181	2737
COV	[182-182]	182	2760
COV	[183-183]	183	2692
COV	[184-184]	184	2801
COV	[185-185]	185	2810
COV	[186-186]	186	2790
COV	[187-187]	187	2734
COV	[188-188]	188	2773
COV	[189-189]	189	2817
COV	[190-190]	190	2709
COV	[191-191]	191	2489
COV	[192-192]	192	2541
COV	[193-193]	193	2477
COV	[194-194]	194	2397
COV	[195-195]	195	2469
COV	[196-196]	196	2350
COV	[197-197]	197	2214
COV	[198-198]	198	2333
COV	[199-199]	199	2299
COV	[200-200]	200	2337
COV	[201-201]	201	2220
COV	[202-202]	202	2234
COV	[203-203]	203	2136
COV	[204-204]	204	2190
COV	[205-205]	205	2085
COV	[206-206]	206	2217
COV	[207-207]	207	2130
COV	[208-208]	208	2006
COV	[209-209]	209	2005
COV	[210-210]	210	1977
COV	[211-211]	211	1939
COV	[212-212]	212	1968
COV	[213-213]	213	1857
COV	[214-214]	214	1797
COV	[215-215]	215	1882
COV	[216-216]	216	1860
COV	[217-217]	217	1933
COV	[218-218]	218	1831
COV	[219-219]	219	1776
COV	[220-220]	220	1789
COV	[221-221]	221	1779
COV	[222-222]	222	1754
COV	[223-223]	223	1862
COV	[224-224]	224	1640
COV	[225-225]	225	1751
COV	[226-226]	226	1764
COV	[227-227]	227	1794
COV	[228-228]	228	1660
COV	[229-229]	229	1720
COV	[230-230]	230	1651
COV	[231-231]	231	1538
COV	[232-232]	232	1541
COV	[233-233]	233	1534
COV	[234-234]	234	1597
COV	[235-235]	235	1541
COV	[236-236]	236	1663
COV	[237-237]	237	1531
COV	[238-238]	238	1580
COV	[239-239]	239	1556
COV	[240-240]	240	1513
COV	[241-241]	241	1469
COV	[242-242]	242	1419
COV	[243-243]	243	1478
COV	[244-244]	244	1420
COV	[245-245]	245	1426
COV	[246-246]	246	1381
COV	[247-247]	247	1373
COV	[248-248]	248	1377
COV	[249-249]	249	1338
COV	[250-250]	250	1293
COV	[251-251]	251	1311
COV	[252-252]	252	1366
COV	[253-253]	253	1380
COV	[254-254]	254	1330
COV	[255-255]	255	1322
COV	[256-256]	256	1391
COV	[257-257]	257	1285
COV	[258-258]	258	1234
COV	[259-259]	259	1195
COV	[260-260]	260	1238
COV	[261-261]	261	1236
COV	[262-262]	262	1207
COV	[263-263]	263	1224
COV	[264-264]	264	1270
COV	[265-265]	265	1279
COV	[266-266]	266	1331
COV	[267-267]	267	1357
COV	[268-268]	268	1258
COV	[269-269]	269	1278
COV	[270-270]	270	1237
COV	[271-271]	271	1292
COV	[272-272]	272	1215
COV	[273-273]	273	1245
COV	[274-274]	274	1273
COV	[275-275]	275	1205
COV	[276-276]	276	1248
COV	[277-277]	277	1267
COV	[278-278]	278	1187
COV	[279-279]	279	1180
COV	[280-280]	280	1194
COV	[281-281]	281	1178
COV	[282-282]	282	1119
COV	[283-283]	283	1078
COV	[284-284]	284	1110
COV	[285-285]	285	1085
COV	[286-286]	286	1123
COV	[287-287]	287	1117
COV	[288-288]	288	1105
COV	[289-289]	289	1045
COV	[290-290]	290	1108
COV	[291-291]	291	1118
COV	[292-292]	292	1076
COV	[293-293]	293	1108
COV	[294-294]	294	1158
COV	[295-295]	295	1159
COV	[296-296]	296	1152
COV	[297-297]	297	1109
COV	[298-298]	298	1091
COV	[299-299]	299	1112
COV	[300-300]	300	1079
COV	[301-301]	301	1055
COV	[302-302]	302	1066
COV	[303-303]	303	966
COV	[304-304]	304	989
COV	[305-305]	305	994
COV	[306-306]	306	1023
COV	[307-307]	307	1017
COV	[308-308]	308	977
COV	[309-309]	309	975
COV	[310-310]	310	992
COV	[311-311]	311	1020
COV	[312-312]	312	943
COV	[313-313]	313	979
COV	[314-314]	314	1038
COV	[315-315]	315	982
COV	[316-316]	316	937
COV	[317-317]	317	916
COV	[318-318]	318	966
COV	[319-319]	319	911
COV	[320-320]	320	913
COV	[321-321]	321	957
COV	[322-322]	322	910
COV	[323-323]	323	943
COV	[324-324]	324	888
COV	[325-325]	325	881
COV	[326-326]	326	835
COV	[327-327]	327	823
COV	[328-328]	328	861
COV	[329-329]	329	823
COV	[330-330]	330	802
COV	[331-331]	331	860
COV	[332-332]	332	852
COV	[333-333]	333	820
COV	[334-334]	334	822
COV	[335-335]	335	781
COV	[336-336]	336	831
COV	[337-337]	337	766
COV	[338-338]	338	874
COV	[339-339]	339	878
COV	[340-340]	340	799
COV	[341-341]	341	828
COV	[342-342]	342	806
COV	[343-343]	343	747
COV	[344-344]	344	735
COV	[345-345]	345	821
COV	[346-346]	346	788
COV	[347-347]	347	791
COV	[348-348]	348	757
COV	[349-349]	349	778
COV	[350-350]	350	844
COV	[351-351]	351	750
COV	[352-352]	352	736
COV	[353-353]	353	745
COV	[354-354]	354	749
COV	[355-355]	355	724
COV	[356-356]	356	736
COV	[357-357]	357	700
COV	[358-358]	358	703
COV	[359-359]	359	672
COV	[360-360]	360	723
COV	[361-361]	361	720
COV	[362-362]	362	666
COV	[363-363]	363	699
COV	[364-364]	364	671
COV	[365-365]	365	704
COV	[366-366]	366	679
COV	[367-367]	367	666
COV	[368-368]	368	713
COV	[369-369]	369	753
COV	[370-370]	370	637
COV	[371-371]	371	721
COV	[372-372]	372	633
COV	[373-373]	373	672
COV	[374-374]	374	607
COV	[375-375]	375	625
COV	[376-376]	376	619
COV	[377-377]	377	679
COV	[378-378]	378	660
COV	[379-379]	379	634
COV	[380-380]	380	623
COV	[381-381]	381	648
COV	[382-382]	382	707
COV	[383-383]	383	641
COV	[384-384]	384	686
COV	[385-385]	385	675
COV	[386-386]	386	693
COV	[387-387]	387	671
COV	[388-388]	388	632
COV	[389-389]	389	646
COV	[390-390]	390	645
COV	[391-391]	391	589
COV	[392-392]	392	677
COV	[393-393]	393	605
COV	[394-394]	394	675
COV	[395-395]	395	637
COV	[396-396]	396	621
COV	[397-397]	397	670
COV	[398-398]	398	598
COV	[399-399]	399	606
COV	[400-400]	400	667
COV	[401-401]	401	588
COV	[402-402]	402	608
COV	[403-403]	403	582
COV	[404-404]	404	584
COV	[405-405]	405	649
COV	[406-406]	406	629
COV	[407-407]	407	618
COV	[408-408]	408	651
COV	[409-409]	409	624
COV	[410-410]	410	629
COV	[411-411]	411	651
COV	[412-412]	412	614
COV	[413-413]	413	642
COV	[414-414]	414	617
COV	[415-415]	415	624
COV	[416-416]	416	625
COV	[417-417]	417	629
COV	[418-418]	418	585
COV	[419-419]	419	533
COV	[420-420]	420	568
COV	[421-421]	421	583
COV	[422-422]	422	596
COV	[423-423]	423	525
COV	[424-424]	424	584
COV	[425-425]	425	587
COV	[426-426]	426	604
COV	[427-427]	427	549
COV	[428-428]	428	556
COV	[429-429]	429	595
COV	[430-430]	430	530
COV	[431-431]	431	556
COV	[432-432]	432	572
COV	[433-433]	433	508
COV	[434-434]	434	560
COV	[435-435]	435	548
COV	[436-436]	436	519
COV	[437-437]	437	505
COV	[438-438]	438	488
COV	[439-439]	439	485
COV	[440-440]	440	501
COV	[441-441]	441	462
COV	[442-442]	442	526
COV	[443-443]	443	532
COV	[444-444]	444	507
COV	[445-445]	445	533
COV	[446-446]	446	557
COV	[447-447]	447	505
COV	[448-448]	448	568
COV	[449-449]	449	505
COV	[450-450]	450	545
COV	[451-451]	451	575
COV	[452-452]	452	512
COV	[453-453]	453	555
COV	[454-454]	454	522
COV	[455-455]	455	517
COV	[456-456]	456	507
COV	[457-457]	457	489
COV	[458-458]	458	491
COV	[459-459]	459	497
COV	[460-460]	460	500
COV	[461-461]	461	504
COV	[462-462]	462	473
COV	[463-463]	463	526
COV	[464-464]	464	505
COV	[465-465]	465	483
COV	[466-466]	466	513
COV	[467-467]	467	493
COV	[468-468]	468	535
COV	[469-469]	469	556
COV	[470-470]	470	504
COV	[471-471]	471	494
COV	[472-472]	472	474
COV	[473-473]	473	495
COV	[474-474]	474	532
COV	[475-475]	475	487
COV	[476-476]	476	517
COV	[477-477]	477	517
COV	[478-478]	478	494
COV	[479-479]	479	454
COV	[480-480]	480	487
COV	[481-481]	481	468
COV	[482-482]	482	487
COV	[483-483]	483	479
COV	[484-484]	484	491
COV	[485-485]	485	405
COV	[486-486]	486	477
COV	[487-487]	487	450
COV	[488-488]	488	471
COV	[489-489]	489	473
COV	[490-490]	490	469
COV	[491-491]	491	514
COV	[492-492]	492	490
COV	[493-493]	493	481
COV	[494-494]	494	504
COV	[495-495]	495	465
COV	[496-496]	496	437
COV	[497-497]	497	469
COV	[498-498]	498	447
COV	[499-499]	499	478
COV	[500-500]	500	419
COV	[501-501]	501	428
COV	[502-502]	502	440
COV	[503-503]	503	426
COV	[504-504]	504	503
COV	[505-505]	505	449
COV	[506-506]	506	431
COV	[507-507]	507	435
COV	[508-508]	508	384
COV	[509-509]	509	439
COV	[510-510]	510	416
COV	[511-511]	511	396
COV	[512-512]	512	445
COV	[513-513]	513	394
COV	[514-514]	514	421
COV	[515-515]	515	397
COV	[516-516]	516	412
COV	[517-517]	517	420
COV	[518-518]	518	398
COV	[519-519]	519	416
COV	[520-520]	520	398
COV	[521-521]	521	409
COV	[522-522]	522	364
COV	[523-523]	523	401
COV	[524-524]	524	375
COV	[525-525]	525	374
COV	[526-526]	526	376
COV	[527-527]	527	351
COV	[528-528]	528	378
COV	[529-529]	529	388
COV	[530-530]	530	370
COV	[531-531]	531	314
COV	[532-532]	532	348
COV	[533-533]	533	381
COV	[534-534]	534	397
COV	[535-535]	535	351
COV	[536-536]	536	327
COV	[537-537]	537	329
COV	[538-538]	538	339
COV	[539-539]	539	346
COV	[540-540]	540	351
COV	[541-541]	541	357
COV	[542-542]	542	313
COV	[543-543]	543	357
COV	[544-544]	544	346
COV	[545-545]	545	348
COV	[546-546]	546	301
COV	[547-547]	547	323
COV	[548-548]	548	336
COV	[549-549]	549	287
COV	[550-550]	550	318
COV	[551-551]	551	311
COV	[552-552]	552	310
COV	[553-553]	553	311
COV	[554-554]	554	290
COV	[555-555]	555	292
COV	[556-556]	556	298
COV	[557-557]	557	283
COV	[558-558]	558	267
COV	[559-559]	559	279
COV	[560-560]	560	269
COV	[561-561]	561	298
COV	[562-562]	562	277
COV	[563-563]	563	300
COV	[564-564]	564	299
COV	[565-565]	565	269
COV	[566-566]	566	269
COV	[567-567]	567	261
COV	[568-568]	568	248
COV	[569-569]	569	267
COV	[570-570]	570	259
COV	[571-571]	571	271
COV	[572-572]	572	263
COV	[573-573]	573	248
COV	[574-574]	574	258
COV	[575-575]	575	281
COV	[576-576]	576	279
COV	[577-577]	577	276
COV	[578-578]	578	300
COV	[579-579]	579	251
COV	[580-580]	580	243
COV	[581-581]	581	275
COV	[582-582]	582	259
COV	[583-583]	583	240
COV	[584-584]	584	225
COV	[585-585]	585	254
COV	[586-586]	586	240
COV	[587-587]	587	245
COV	[588-588]	588	220
COV	[589-589]	589	243
COV	[590-590]	590	264
COV	[591-591]	591	236
COV	[592-592]	592	266
COV	[593-593]	593	254
COV	[594-594]	594	264
COV	[595-595]	595	265
COV	[596-596]	596	311
COV	[597-597]	597	268
COV	[598-598]	598	244
COV	[599-599]	599	282
COV	[600-600]	600	275
COV	[601-601]	601	276
COV	[602-602]	602	303
COV	[603-603]	603	263
COV	[604-604]	604	301
COV	[605-605]	605	271
COV	[606-606]	606	253
COV	[607-607]	607	264
COV	[608-608]	608	255
COV	[609-609]	609	250
COV	[610-610]	610	275
COV	[611-611]	611	234
COV	[612-612]	612	248
COV	[613-613]	613	260
COV	[614-614]	614	262
COV	[615-615]	615	232
COV	[616-616]	616	273
COV	[617-617]	617	254
COV	[618-618]	618	235
COV	[619-619]	619	199
COV	[620-620]	620	215
COV	[621-621]	621	255
COV	[622-622]	622	217
COV	[623-623]	623	237
COV	[624-624]	624	234
COV	[625-625]	625	213
COV	[626-626]	626	244
COV	[627-627]	627	245
COV	[628-628]	628	236
COV	[629-629]	629	230
COV	[630-630]	630	223
COV	[631-631]	631	210
COV	[632-632]	632	226
COV	[633-633]	633	229
COV	[634-634]	634	238
COV	[635-635]	635	237
COV	[636-636]	636	203
COV	[637-637]	637	215
COV	[638-638]	638	211
COV	[639-639]	639	218
COV	[640-640]	640	203
COV	[641-641]	641	213
COV	[642-642]	642	236
COV	[643-643]	643	237
COV	[644-644]	644	208
COV	[645-645]	645	217
COV	[646-646]	646	203
COV	[647-647]	647	198
COV	[648-648]	648	203
COV	[649-649]	649	206
COV	[650-650]	650	205
COV	[651-651]	651	235
COV	[652-652]	652	194
COV	[653-653]	653	228
COV	[654-654]	654	249
COV	[655-655]	655	223
COV	[656-656]	656	259
COV	[657-657]	657	209
COV	[658-658]	658	210
COV	[659-659]	659	225
COV	[660-660]	660	227
COV	[661-661]	661	228
COV	[662-662]	662	212
COV	[663-663]	663	231
COV	[664-664]	664	243
COV	[665-665]	665	226
COV	[666-666]	666	231
COV	[667-667]	667	222
COV	[668-668]	668	241
COV	[669-669]	669	239
COV	[670-670]	670	240
COV	[671-671]	671	203
COV	[672-672]	672	236
COV	[673-673]	673	193
COV	[674-674]	674	206
COV	[675-675]	675	213
COV	[676-676]	676	254
COV	[677-677]	677	250
COV	[678-678]	678	208
COV	[679-679]	679	199
COV	[680-680]	680	243
COV	[681-681]	681	215
COV	[682-682]	682	216
COV	[683-683]	683	219
COV	[684-684]	684	237
COV	[685-685]	685	234
COV	[686-686]	686	222
COV	[687-687]	687	247
COV	[688-688]	688	221
COV	[689-689]	689	208
COV	[690-690]	690	212
COV	[691-691]	691	228
COV	[692-692]	692	229
COV	[693-693]	693	222
COV	[694-694]	694	227
COV	[695-695]	695	190
COV	[696-696]	696	219
COV	[697-697]	697	217
COV	[698-698]	698	247
COV	[699-699]	699	235
COV	[700-700]	700	220
COV	[701-701]	701	249
COV	[702-702]	702	231
COV	[703-703]	703	217
COV	[704-704]	704	235
COV	[705-705]	705	211
COV	[706-706]	706	213
COV	[707-707]	707	176
COV	[708-708]	708	219
COV	[709-709]	709	215
COV	[710-710]	710	193
COV	[711-711]	711	227
COV	[712-712]	712	219
COV	[713-713]	713	238
COV	[714-714]	714	234
COV	[715-715]	715	240
COV	[716-716]	716	233
COV	[717-717]	717	234
COV	[718-718]	718	221
COV	[719-719]	719	251
COV	[720-720]	720	215
COV	[721-721]	721	231
COV	[722-722]	722	230
COV	[723-723]	723	224
COV	[724-724]	724	219
COV	[725-725]	725	218
COV	[726-726]	726	233
COV	[727-727]	727	225
COV	[728-728]	728	220
COV	[729-729]	729	212
COV	[730-730]	730	242
COV	[731-731]	731	200
COV	[732-732]	732	217
COV	[733-733]	733	212
COV	[734-734]	734	222
COV	[735-735]	735	222
COV	[736-736]	736	220
COV	[737-737]	737	239
COV	[738-738]	738	231
COV	[739-739]	739	236
COV	[740-740]	740	215
COV	[741-741]	741	207
COV	[742-742]	742	218
COV	[743-743]	743	219
COV	[744-744]	744	230
COV	[745-745]	745	212
COV	[746-746]	746	218
COV	[747-747]	747	214
COV	[748-748]	748	201
COV	[749-749]	749	248
COV	[750-750]	750	229
COV	[751-751]	751	195
COV	[752-752]	752	179
COV	[753-753]	753	226
COV	[754-754]	754	216
COV	[755-755]	755	187
COV	[756-756]	756	176
COV	[757-757]	757	208
COV	[758-758]	758	207
COV	[759-759]	759	179
COV	[760-760]	760	199
COV	[761-761]	761	199
COV	[762-762]	762	180
COV	[763-763]	763	187
COV	[764-764]	764	187
COV	[765-765]	765	175
COV	[766-766]	766	187
COV	[767-767]	767	174
COV	[768-768]	768	168
COV	[769-769]	769	152
COV	[770-770]	770	205
COV	[771-771]	771	164
COV	[772-772]	772	157
COV	[773-773]	773	157
COV	[774-774]	774	161
COV	[775-775]	775	171
COV	[776-776]	776	171
COV	[777-777]	777	153
COV	[778-778]	778	169
COV	[779-779]	779	163
COV	[780-780]	780	148
COV	[781-781]	781	133
COV	[782-782]	782	150
COV	[783-783]	783	160
COV	[784-784]	784	153
COV	[785-785]	785	155
COV	[786-786]	786	155
COV	[787-787]	787	158
COV	[788-788]	788	162
COV	[789-789]	789	180
COV	[790-790]	790	156
COV	[791-791]	791	189
COV	[792-792]	792	162
COV	[793-793]	793	168
COV	[794-794]	794	163
COV	[795-795]	795	161
COV	[796-796]	796	194
COV	[797-797]	797	152
COV	[798-798]	798	205
COV	[799-799]	799	165
COV	[800-800]	800	166
COV	[801-801]	801	171
COV	[802-802]	802	172
COV	[803-803]	803	161
COV	[804-804]	804	198
COV	[805-805]	805	173
COV	[806-806]	806	167
COV	[807-807]	807	177
COV	[808-808]	808	202
COV	[809-809]	809	170
COV	[810-810]	810	194
COV	[811-811]	811	161
COV	[812-812]	812	149
COV	[813-813]	813	152
COV	[814-814]	814	147
COV	[815-815]	815	166
COV	[816-816]	816	158
COV	[817-817]	817	152
COV	[818-818]	818	158
COV	[819-819]	819	160
COV	[820-820]	820	140
COV	[821-821]	821	131
COV	[822-822]	822	135
COV	[823-823]	823	150
COV	[824-824]	824	118
COV	[825-825]	825	144
COV	[826-826]	826	133
COV	[827-827]	827	148
COV	[828-828]	828	136
COV	[829-829]	829	153
COV	[830-830]	830	161
COV	[831-831]	831	148
COV	[832-832]	832	152
COV	[833-833]	833	138
COV	[834-834]	834	133
COV	[835-835]	835	138
COV	[836-836]	836	154
COV	[837-837]	837	159
COV	[838-838]	838	155
COV	[839-839]	839	149
COV	[840-840]	840	134
COV	[841-841]	841	148
COV	[842-842]	842	145
COV	[843-843]	843	147
COV	[844-844]	844	143
COV	[845-845]	845	116
COV	[846-846]	846	144
COV	[847-847]	847	124
COV	[848-848]	848	134
COV	[849-849]	849	162
COV	[850-850]	850	129
COV	[851-851]	851	156
COV	[852-852]	852	112
COV	[853-853]	853	154
COV	[854-854]	854	166
COV	[855-855]	855	148
COV	[856-856]	856	151
COV	[857-857]	857	159
COV	[858-858]	858	128
COV	[859-859]	859	159
COV	[860-860]	860	158
COV	[861-861]	861	156
COV	[862-862]	862	132
COV	[863-863]	863	147
COV	[864-864]	864	133
COV	[865-865]	865	129
COV	[866-866]	866	117
COV	[867-867]	867	135
COV	[868-868]	868	122
COV	[869-869]	869	146
COV	[870-870]	870	119
COV	[871-871]	871	128
COV	[872-872]	872	116
COV	[873-873]	873	123
COV	[874-874]	874	116
COV	[875-875]	875	126
COV	[876-876]	876	121
COV	[877-877]	877	130
COV	[878-878]	878	132
COV	[879-879]	879	117
COV	[880-880]	880	148
COV	[881-881]	881	121
COV	[882-882]	882	113
COV	[883-883]	883	131
COV	[884-884]	884	97
COV	[885-885]	885	127
COV	[886-886]	886	142
COV	[887-887]	887	117
COV	[888-888]	888	134
COV	[889-889]	889	111
COV	[890-890]	890	119
COV	[891-891]	891	118
COV	[892-892]	892	137
COV	[893-893]	893	131
COV	[894-894]	894	124
COV	[895-895]	895	123
COV	[896-896]	896	106
COV	[897-897]	897	116
COV	[898-898]	898	132
COV	[899-899]	899	136
COV	[900-900]	900	132
COV	[901-901]	901	114
COV	[902-902]	902	122
COV	[903-903]	903	130
COV	[904-904]	904	119
COV	[905-905]	905	137
COV	[906-906]	906	113
COV	[907-907]	907	115
COV	[908-908]	908	118
COV	[909-909]	909	102
COV	[910-910]	910	115
COV	[911-911]	911	93
COV	[912-912]	912	135
COV	[913-913]	913	136
COV	[914-914]	914	120
COV	[915-915]	915	103
COV	[916-916]	916	105
COV	[917-917]	917	118
COV	[918-918]	918	124
COV	[919-919]	919	114
COV	[920-920]	920	119
COV	[921-921]	921	126
COV	[922-922]	922	92
COV	[923-923]	923	102
COV	[924-924]	924	104
COV	[925-925]	925	95
COV	[926-926]	926	114
COV	[927-927]	927	91
COV	[928-928]	928	101
COV	[929-929]	929	110
COV	[930-930]	930	118
COV	[931-931]	931	113
COV	[932-932]	932	106
COV	[933-933]	933	120
COV	[934-934]	934	97
COV	[935-935]	935	91
COV	[936-936]	936	89
COV	[937-937]	937	109
COV	[938-938]	938	92
COV	[939-939]	939	84
COV	[940-940]	940	94
COV	[941-941]	941	89
COV	[942-942]	942	79
COV	[943-943]	943	86
COV	[944-944]	944	112
COV	[945-945]	945	86
COV	[946-946]	946	94
COV	[947-947]	947	84
COV	[948-948]	948	92
COV	[949-949]	949	96
COV	[950-950]	950	77
COV	[951-951]	951	79
COV	[952-952]	952	85
COV	[953-953]	953	90
COV	[954-954]	954	93
COV	[955-955]	955	78
COV	[956-956]	956	82
COV	[957-957]	957	88
COV	[958-958]	958	102
COV	[959-959]	959	89
COV	[960-960]	960	101
COV	[961-961]	961	112
COV	[962-962]	962	75
COV	[963-963]	963	84
COV	[964-964]	964	108
COV	[965-965]	965	99
COV	[966-966]	966	84
COV	[967-967]	967	76
COV	[968-968]	968	110
COV	[969-969]	969	82
COV	[970-970]	970	90
COV	[971-971]	971	83
COV	[972-972]	972	95
COV	[973-973]	973	88
COV	[974-974]	974	93
COV	[975-975]	975	73
COV	[976-976]	976	93
COV	[977-977]	977	88
COV	[978-978]	978	95
COV	[979-979]	979	82
COV	[980-980]	980	90
COV	[981-981]	981	79
COV	[982-982]	982	76
COV	[983-983]	983	84
COV	[984-984]	984	98
COV	[985-985]	985	86
COV	[986-986]	986	98
COV	[987-987]	987	85
COV	[988-988]	988	81
COV	[989-989]	989	89
COV	[990-990]	990	77
COV	[991-991]	991	72
COV	[992-992]	992	91
COV	[993-993]	993	82
COV	[994-994]	994	80
COV	[995-995]	995	87
COV	[996-996]	996	71
COV	[997-997]	997	72
COV	[998-998]	998	70
COV	[999-999]	999	96
COV	[1000-1000]	1000	78
COV	[1000<]	1000	69951
# GC-depth. Use `grep ^GCD | cut -f 2-` to extract this part. The columns are: GC%, unique sequence percentiles, 10th, 25th, 50th, 75th and 90th depth percentile
GCD	0.0	0.003	0.000	0.000	0.000	0.000	0.000
GCD	18.3	0.005	0.288	0.288	0.288	0.288	0.288
GCD	22.0	0.006	0.343	0.343	0.343	0.343	0.343
GCD	24.0	0.009	0.007	0.007	0.178	0.349	0.349
GCD	25.0	0.013	0.164	0.164	0.233	0.301	0.301
GCD	26.0	0.017	0.027	0.027	0.068	0.110	0.110
GCD	27.0	0.030	0.007	0.009	0.051	0.240	2.041
GCD	28.0	0.041	0.007	0.021	0.027	0.034	1.747
GCD	29.0	0.058	0.007	0.007	0.103	0.219	0.340
GCD	30.0	0.088	0.021	0.041	0.062	0.158	0.774
GCD	31.0	0.122	0.007	0.026	0.051	0.159	0.319
GCD	32.0	0.174	0.016	0.021	0.048	0.161	0.677
GCD	33.0	0.257	0.014	0.034	0.253	10.518	12.509
GCD	34.0	0.485	0.041	0.507	12.015	13.248	14.160
GCD	35.0	1.763	11.593	12.871	13.782	14.543	15.077
GCD	36.0	5.857	12.981	13.933	14.714	15.399	15.952
GCD	37.0	13.354	13.803	14.632	15.378	15.981	16.522
GCD	38.0	23.506	14.272	15.178	15.906	16.510	16.981
GCD	39.0	34.416	14.775	15.632	16.324	16.913	17.351
GCD	40.0	45.063	15.043	15.906	16.591	17.159	17.646
GCD	41.0	54.429	15.180	16.091	16.762	17.317	17.796
GCD	42.0	61.815	15.125	16.145	16.810	17.365	17.865
GCD	43.0	67.864	15.103	16.121	16.817	17.372	17.921
GCD	44.0	72.630	14.851	16.043	16.714	17.255	17.803
GCD	45.0	76.384	14.090	15.794	16.543	17.118	17.663
GCD	46.0	79.564	12.528	15.460	16.365	16.961	17.488
GCD	47.0	82.072	6.014	15.221	16.193	16.810	17.330
GCD	48.0	84.274	1.278	14.789	15.871	16.488	17.063
GCD	49.0	85.953	0.940	14.289	15.536	16.255	16.936
GCD	50.0	87.501	0.649	13.693	15.159	15.940	16.598
GCD	51.0	88.793	0.517	13.119	14.964	15.741	16.310
GCD	52.0	89.893	0.384	11.827	14.536	15.371	16.115
GCD	53.0	90.953	0.253	10.450	14.042	15.115	15.766
GCD	54.0	91.856	0.301	7.028	13.844	14.919	15.482
GCD	55.0	92.656	0.186	2.904	13.320	14.433	15.295
GCD	56.0	93.412	0.098	0.868	12.262	14.113	15.062
GCD	57.0	94.075	0.232	1.651	12.111	13.652	14.364
GCD	58.0	94.703	0.138	0.721	10.357	13.006	14.027
GCD	59.0	95.203	0.164	0.993	10.275	12.734	13.666
GCD	60.0	95.681	0.089	0.548	8.494	12.196	13.368
GCD	61.0	96.189	0.079	0.404	6.083	11.828	12.868
GCD	62.0	96.641	0.062	0.305	3.970	10.527	12.034
GCD	63.0	97.072	0.055	0.192	1.500	9.069	11.642
GCD	64.0	97.466	0.075	0.192	0.884	7.925	10.212
GCD	65.0	97.870	0.054	0.188	0.682	6.838	10.390
GCD	66.0	98.258	0.048	0.110	0.507	3.733	8.350
GCD	67.0	98.604	0.048	0.116	0.370	2.374	7.625
GCD	68.0	98.866	0.053	0.103	0.322	1.233	6.180
GCD	69.0	99.094	0.034	0.065	0.212	0.558	2.448
GCD	70.0	99.283	0.034	0.068	0.158	0.623	1.607
GCD	71.0	99.434	0.046	0.063	0.185	0.478	1.265
GCD	72.0	99.567	0.038	0.065	0.123	0.305	0.543
GCD	73.0	99.683	0.038	0.053	0.110	0.259	0.788
GCD	74.0	99.766	0.034	0.048	0.110	0.202	0.388
GCD	75.0	99.829	0.035	0.055	0.092	0.240	0.477
GCD	76.0	99.878	0.027	0.041	0.089	0.212	1.155
GCD	77.0	99.904	0.038	0.055	0.089	0.158	14.715
GCD	78.0	99.934	0.048	0.062	0.199	0.514	1.089
GCD	79.0	99.965	0.021	0.041	0.062	0.106	1.058
GCD	80.0	99.984	0.041	0.055	0.092	0.152	4.494
GCD	81.0	99.994	0.021	0.031	0.075	0.188	0.240
GCD	82.0	99.995	1.658	1.658	1.658	1.658	1.658
GCD	83.0	100.000	0.048	0.048	0.075	0.158	0.158
