#Coverage	Number of genomic locations
0.0	4.9816605E7
1.0	3.7330391E7
2.0	5.0472464E7
3.0	6.2912108E7
4.0	7.4261482E7
5.0	8.2608938E7
6.0	8.743673E7
7.0	8.8531173E7
8.0	8.6535743E7
9.0	8.1897955E7
10.0	7.5395584E7
11.0	6.772642E7
12.0	5.9616174E7
13.0	5.1426292E7
14.0	4.3592859E7
15.0	3.631935E7
16.0	2.98258E7
17.0	2.4157617E7
18.0	1.9348952E7
19.0	1.5296428E7
20.0	1.1967942E7
21.0	9272986.0
22.0	7112070.0
23.0	5433806.0
24.0	4125727.0
25.0	3100710.0
26.0	2329280.0
27.0	1753302.0
28.0	1322851.0
29.0	998478.0
30.0	765080.0
31.0	588556.0
32.0	455839.0
33.0	363678.0
34.0	289791.0
35.0	238329.0
36.0	197154.0
37.0	165952.0
38.0	144316.0
39.0	127346.0
40.0	113591.0
41.0	104000.0
42.0	93998.0
43.0	88063.0
44.0	80860.0
45.0	75559.0
46.0	70848.0
47.0	65797.0
48.0	62220.0
49.0	59748.0
50.0	56021.0
51.0	53560.0
52.0	50955.0
53.0	48176.0
54.0	45900.0
55.0	44361.0
56.0	42816.0
57.0	40964.0
58.0	39572.0
59.0	37399.0
60.0	36654.0
61.0	34682.0
62.0	33948.0
63.0	32111.0
64.0	31322.0
65.0	30165.0
66.0	28967.0
67.0	28214.0
68.0	27465.0
69.0	26734.0
70.0	25664.0
71.0	24924.0
72.0	24361.0
73.0	24165.0
74.0	23244.0
75.0	22806.0
76.0	22347.0
77.0	21596.0
78.0	21102.0
79.0	20046.0
80.0	20144.0
81.0	19609.0
82.0	18757.0
83.0	18429.0
84.0	18153.0
85.0	18030.0
86.0	17342.0
87.0	17012.0
88.0	16681.0
89.0	16306.0
90.0	15953.0
91.0	15982.0
92.0	15400.0
93.0	15036.0
94.0	14736.0
95.0	14138.0
96.0	13784.0
97.0	13219.0
98.0	12975.0
99.0	12818.0
100.0	12266.0
101.0	12304.0
102.0	11646.0
103.0	11381.0
104.0	11458.0
105.0	11302.0
106.0	11160.0
107.0	11315.0
108.0	10813.0
109.0	10706.0
110.0	10211.0
111.0	10143.0
112.0	9957.0
113.0	9993.0
114.0	9767.0
115.0	9336.0
116.0	9188.0
117.0	9110.0
118.0	8985.0
119.0	8766.0
120.0	8480.0
121.0	8368.0
122.0	8212.0
123.0	8392.0
124.0	8188.0
125.0	7945.0
126.0	7634.0
127.0	7630.0
128.0	7427.0
129.0	7570.0
130.0	7326.0
131.0	7248.0
132.0	7022.0
133.0	7023.0
134.0	7022.0
135.0	6844.0
136.0	6948.0
137.0	6456.0
138.0	6621.0
139.0	6613.0
140.0	6457.0
141.0	6311.0
142.0	6148.0
143.0	6225.0
144.0	5762.0
145.0	5935.0
146.0	5806.0
147.0	5713.0
148.0	5968.0
149.0	5816.0
150.0	5727.0
151.0	5624.0
152.0	5591.0
153.0	5263.0
154.0	5445.0
155.0	5519.0
156.0	5172.0
157.0	5191.0
158.0	5053.0
159.0	4983.0
160.0	4886.0
161.0	4762.0
162.0	4668.0
163.0	4732.0
164.0	4664.0
165.0	4648.0
166.0	4523.0
167.0	4492.0
168.0	4263.0
169.0	4256.0
170.0	4302.0
171.0	4278.0
172.0	4295.0
173.0	4243.0
174.0	4133.0
175.0	4029.0
176.0	3877.0
177.0	3857.0
178.0	3791.0
179.0	3718.0
180.0	3709.0
181.0	3792.0
182.0	3614.0
183.0	3654.0
184.0	3537.0
185.0	3528.0
186.0	3486.0
187.0	3408.0
188.0	3372.0
189.0	3463.0
190.0	3203.0
191.0	3233.0
192.0	3324.0
193.0	3051.0
194.0	3101.0
195.0	3065.0
196.0	3100.0
197.0	3006.0
198.0	2834.0
199.0	2837.0
200.0	2857.0
201.0	2783.0
202.0	2613.0
203.0	2661.0
204.0	2534.0
205.0	2483.0
206.0	2585.0
207.0	2466.0
208.0	2581.0
209.0	2456.0
210.0	2455.0
211.0	2480.0
212.0	2345.0
213.0	2462.0
214.0	2420.0
215.0	2467.0
216.0	2363.0
217.0	2325.0
218.0	2226.0
219.0	2198.0
220.0	2237.0
221.0	2271.0
222.0	2144.0
223.0	2132.0
224.0	2095.0
225.0	2135.0
226.0	2077.0
227.0	2154.0
228.0	2107.0
229.0	1978.0
230.0	2049.0
231.0	2069.0
232.0	1964.0
233.0	1941.0
234.0	1970.0
235.0	1857.0
236.0	1942.0
237.0	1906.0
238.0	1849.0
239.0	1839.0
240.0	1772.0
241.0	1896.0
242.0	1786.0
243.0	1786.0
244.0	1802.0
245.0	1845.0
246.0	1808.0
247.0	1766.0
248.0	1840.0
249.0	1893.0
250.0	1723.0
251.0	1772.0
252.0	1779.0
253.0	1704.0
254.0	1711.0
255.0	1663.0
256.0	1717.0
257.0	1686.0
258.0	1682.0
259.0	1697.0
260.0	1668.0
261.0	1672.0
262.0	1667.0
263.0	1667.0
264.0	1669.0
265.0	1620.0
266.0	1599.0
267.0	1582.0
268.0	1519.0
269.0	1535.0
270.0	1522.0
271.0	1498.0
272.0	1501.0
273.0	1524.0
274.0	1521.0
275.0	1540.0
276.0	1429.0
277.0	1457.0
278.0	1537.0
279.0	1442.0
280.0	1440.0
281.0	1464.0
282.0	1373.0
283.0	1399.0
284.0	1450.0
285.0	1412.0
286.0	1386.0
287.0	1387.0
288.0	1345.0
289.0	1351.0
290.0	1400.0
291.0	1269.0
292.0	1374.0
293.0	1312.0
294.0	1294.0
295.0	1299.0
296.0	1333.0
297.0	1242.0
298.0	1309.0
299.0	1264.0
300.0	1271.0
301.0	1255.0
302.0	1256.0
303.0	1259.0
304.0	1263.0
305.0	1307.0
306.0	1242.0
307.0	1247.0
308.0	1222.0
309.0	1179.0
310.0	1236.0
311.0	1233.0
312.0	1215.0
313.0	1253.0
314.0	1245.0
315.0	1161.0
316.0	1168.0
317.0	1156.0
318.0	1132.0
319.0	1211.0
320.0	1196.0
321.0	1118.0
322.0	1103.0
323.0	1095.0
324.0	1128.0
325.0	1087.0
326.0	1059.0
327.0	1100.0
328.0	1051.0
329.0	1116.0
330.0	1107.0
331.0	1100.0
332.0	1169.0
333.0	1093.0
334.0	1117.0
335.0	1136.0
336.0	1103.0
337.0	1079.0
338.0	1078.0
339.0	1010.0
340.0	1011.0
341.0	1050.0
342.0	977.0
343.0	1051.0
344.0	979.0
345.0	1001.0
346.0	1021.0
347.0	995.0
348.0	954.0
349.0	998.0
350.0	905.0
351.0	909.0
352.0	990.0
353.0	904.0
354.0	886.0
355.0	971.0
356.0	911.0
357.0	937.0
358.0	962.0
359.0	894.0
360.0	901.0
361.0	867.0
362.0	882.0
363.0	832.0
364.0	871.0
365.0	851.0
366.0	805.0
367.0	882.0
368.0	818.0
369.0	836.0
370.0	858.0
371.0	842.0
372.0	818.0
373.0	829.0
374.0	774.0
375.0	770.0
376.0	790.0
377.0	822.0
378.0	748.0
379.0	812.0
380.0	745.0
381.0	737.0
382.0	799.0
383.0	777.0
384.0	760.0
385.0	793.0
386.0	718.0
387.0	725.0
388.0	728.0
389.0	691.0
390.0	734.0
391.0	695.0
392.0	691.0
393.0	758.0
394.0	737.0
395.0	664.0
396.0	728.0
397.0	672.0
398.0	656.0
399.0	674.0
400.0	693.0
401.0	683.0
402.0	721.0
403.0	715.0
404.0	692.0
405.0	678.0
406.0	653.0
407.0	655.0
408.0	638.0
409.0	619.0
410.0	656.0
411.0	691.0
412.0	642.0
413.0	615.0
414.0	606.0
415.0	646.0
416.0	634.0
417.0	638.0
418.0	627.0
419.0	631.0
420.0	602.0
421.0	639.0
422.0	597.0
423.0	627.0
424.0	577.0
425.0	665.0
426.0	601.0
427.0	590.0
428.0	602.0
429.0	575.0
430.0	564.0
431.0	558.0
432.0	590.0
433.0	494.0
434.0	523.0
435.0	512.0
436.0	571.0
437.0	543.0
438.0	541.0
439.0	522.0
440.0	547.0
441.0	527.0
442.0	559.0
443.0	584.0
444.0	550.0
445.0	514.0
446.0	530.0
447.0	538.0
448.0	565.0
449.0	548.0
450.0	525.0
451.0	577.0
452.0	555.0
453.0	501.0
454.0	565.0
455.0	508.0
456.0	500.0
457.0	494.0
458.0	469.0
459.0	510.0
460.0	511.0
461.0	498.0
462.0	470.0
463.0	516.0
464.0	489.0
465.0	504.0
466.0	464.0
467.0	472.0
468.0	464.0
469.0	471.0
470.0	490.0
471.0	466.0
472.0	470.0
473.0	467.0
474.0	465.0
475.0	458.0
476.0	465.0
477.0	501.0
478.0	507.0
479.0	449.0
480.0	491.0
481.0	463.0
482.0	490.0
483.0	486.0
484.0	461.0
485.0	456.0
486.0	480.0
487.0	499.0
488.0	490.0
489.0	418.0
490.0	456.0
491.0	464.0
492.0	440.0
493.0	405.0
494.0	426.0
495.0	433.0
496.0	428.0
497.0	441.0
498.0	412.0
499.0	454.0
500.0	475.0
501.0	418.0
502.0	415.0
503.0	467.0
504.0	444.0
505.0	436.0
506.0	470.0
507.0	436.0
508.0	414.0
509.0	437.0
510.0	447.0
511.0	427.0
512.0	435.0
513.0	426.0
514.0	418.0
515.0	409.0
516.0	400.0
517.0	461.0
518.0	436.0
519.0	435.0
520.0	375.0
521.0	384.0
522.0	416.0
523.0	413.0
524.0	406.0
525.0	386.0
526.0	400.0
527.0	432.0
528.0	402.0
529.0	392.0
530.0	415.0
531.0	407.0
532.0	372.0
533.0	443.0
534.0	394.0
535.0	386.0
536.0	377.0
537.0	434.0
538.0	406.0
539.0	364.0
540.0	367.0
541.0	399.0
542.0	344.0
543.0	359.0
544.0	321.0
545.0	322.0
546.0	406.0
547.0	313.0
548.0	362.0
549.0	327.0
550.0	330.0
551.0	311.0
552.0	322.0
553.0	339.0
554.0	297.0
555.0	344.0
556.0	324.0
557.0	325.0
558.0	359.0
559.0	310.0
560.0	343.0
561.0	335.0
562.0	322.0
563.0	307.0
564.0	319.0
565.0	317.0
566.0	262.0
567.0	304.0
568.0	297.0
569.0	281.0
570.0	263.0
571.0	261.0
572.0	264.0
573.0	243.0
574.0	274.0
575.0	278.0
576.0	263.0
577.0	274.0
578.0	271.0
579.0	258.0
580.0	270.0
581.0	258.0
582.0	279.0
583.0	247.0
584.0	268.0
585.0	238.0
586.0	244.0
587.0	220.0
588.0	226.0
589.0	270.0
590.0	278.0
591.0	229.0
592.0	259.0
593.0	234.0
594.0	241.0
595.0	267.0
596.0	255.0
597.0	251.0
598.0	272.0
599.0	219.0
600.0	216.0
601.0	227.0
602.0	232.0
603.0	230.0
604.0	232.0
605.0	212.0
606.0	199.0
607.0	212.0
608.0	218.0
609.0	241.0
610.0	212.0
611.0	249.0
612.0	268.0
613.0	269.0
614.0	253.0
615.0	249.0
616.0	250.0
617.0	211.0
618.0	213.0
619.0	218.0
620.0	238.0
621.0	233.0
622.0	216.0
623.0	251.0
624.0	239.0
625.0	216.0
626.0	236.0
627.0	210.0
628.0	218.0
629.0	225.0
630.0	187.0
631.0	199.0
632.0	197.0
633.0	194.0
634.0	177.0
635.0	203.0
636.0	198.0
637.0	202.0
638.0	187.0
639.0	217.0
640.0	213.0
641.0	220.0
642.0	194.0
643.0	165.0
644.0	196.0
645.0	168.0
646.0	178.0
647.0	161.0
648.0	204.0
649.0	165.0
650.0	182.0
651.0	163.0
652.0	178.0
653.0	160.0
654.0	184.0
655.0	153.0
656.0	177.0
657.0	143.0
658.0	184.0
659.0	146.0
660.0	162.0
661.0	167.0
662.0	159.0
663.0	149.0
664.0	146.0
665.0	136.0
666.0	170.0
667.0	182.0
668.0	163.0
669.0	163.0
670.0	157.0
671.0	159.0
672.0	140.0
673.0	158.0
674.0	158.0
675.0	176.0
676.0	158.0
677.0	153.0
678.0	170.0
679.0	171.0
680.0	176.0
681.0	179.0
682.0	166.0
683.0	165.0
684.0	172.0
685.0	154.0
686.0	133.0
687.0	143.0
688.0	145.0
689.0	162.0
690.0	153.0
691.0	196.0
692.0	164.0
693.0	157.0
694.0	167.0
695.0	140.0
696.0	158.0
697.0	149.0
698.0	136.0
699.0	167.0
700.0	160.0
701.0	165.0
702.0	159.0
703.0	168.0
704.0	190.0
705.0	158.0
706.0	169.0
707.0	153.0
708.0	181.0
709.0	152.0
710.0	152.0
711.0	146.0
712.0	174.0
713.0	161.0
714.0	165.0
715.0	150.0
716.0	153.0
717.0	156.0
718.0	170.0
719.0	164.0
720.0	152.0
721.0	135.0
722.0	150.0
723.0	162.0
724.0	139.0
725.0	140.0
726.0	146.0
727.0	155.0
728.0	140.0
729.0	163.0
730.0	135.0
731.0	133.0
732.0	156.0
733.0	151.0
734.0	149.0
735.0	147.0
736.0	165.0
737.0	138.0
738.0	152.0
739.0	152.0
740.0	151.0
741.0	126.0
742.0	145.0
743.0	165.0
744.0	161.0
745.0	142.0
746.0	153.0
747.0	143.0
748.0	144.0
749.0	127.0
750.0	141.0
751.0	143.0
752.0	139.0
753.0	140.0
754.0	143.0
755.0	134.0
756.0	135.0
757.0	143.0
758.0	133.0
759.0	147.0
760.0	133.0
761.0	152.0
762.0	157.0
763.0	131.0
764.0	133.0
765.0	139.0
766.0	131.0
767.0	132.0
768.0	149.0
769.0	150.0
770.0	130.0
771.0	130.0
772.0	138.0
773.0	149.0
774.0	140.0
775.0	135.0
776.0	139.0
777.0	127.0
778.0	144.0
779.0	131.0
780.0	131.0
781.0	143.0
782.0	128.0
783.0	130.0
784.0	134.0
785.0	128.0
786.0	129.0
787.0	143.0
788.0	128.0
789.0	123.0
790.0	128.0
791.0	129.0
792.0	138.0
793.0	131.0
794.0	152.0
795.0	141.0
796.0	134.0
797.0	122.0
798.0	146.0
799.0	127.0
800.0	123.0
801.0	116.0
802.0	119.0
803.0	127.0
804.0	99.0
805.0	112.0
806.0	114.0
807.0	100.0
808.0	96.0
809.0	119.0
810.0	131.0
811.0	96.0
812.0	114.0
813.0	117.0
814.0	128.0
815.0	136.0
816.0	133.0
817.0	107.0
818.0	126.0
819.0	118.0
820.0	128.0
821.0	117.0
822.0	100.0
823.0	120.0
824.0	122.0
825.0	104.0
826.0	97.0
827.0	92.0
828.0	107.0
829.0	110.0
830.0	94.0
831.0	112.0
832.0	107.0
833.0	91.0
834.0	112.0
835.0	85.0
836.0	101.0
837.0	117.0
838.0	85.0
839.0	83.0
840.0	83.0
841.0	99.0
842.0	94.0
843.0	99.0
844.0	96.0
845.0	110.0
846.0	99.0
847.0	99.0
848.0	92.0
849.0	84.0
850.0	85.0
851.0	81.0
852.0	81.0
853.0	104.0
854.0	105.0
855.0	87.0
856.0	96.0
857.0	95.0
858.0	114.0
859.0	98.0
860.0	93.0
861.0	82.0
862.0	111.0
863.0	97.0
864.0	86.0
865.0	131.0
866.0	95.0
867.0	91.0
868.0	98.0
869.0	102.0
870.0	81.0
871.0	103.0
872.0	109.0
873.0	91.0
874.0	98.0
875.0	91.0
876.0	105.0
877.0	94.0
878.0	83.0
879.0	94.0
880.0	85.0
881.0	104.0
882.0	91.0
883.0	81.0
884.0	93.0
885.0	85.0
886.0	92.0
887.0	80.0
888.0	90.0
889.0	91.0
890.0	100.0
891.0	95.0
892.0	81.0
893.0	90.0
894.0	84.0
895.0	81.0
896.0	78.0
897.0	97.0
898.0	78.0
899.0	94.0
900.0	81.0
901.0	71.0
902.0	91.0
903.0	84.0
904.0	73.0
905.0	78.0
906.0	92.0
907.0	98.0
908.0	100.0
909.0	78.0
910.0	71.0
911.0	70.0
912.0	83.0
913.0	86.0
914.0	92.0
915.0	86.0
916.0	74.0
917.0	83.0
918.0	85.0
919.0	71.0
920.0	77.0
921.0	94.0
922.0	92.0
923.0	76.0
924.0	84.0
925.0	87.0
926.0	90.0
927.0	98.0
928.0	84.0
929.0	83.0
930.0	110.0
931.0	81.0
932.0	90.0
933.0	86.0
934.0	75.0
935.0	69.0
936.0	70.0
937.0	80.0
938.0	87.0
939.0	75.0
940.0	86.0
941.0	75.0
942.0	86.0
943.0	75.0
944.0	97.0
945.0	76.0
946.0	81.0
947.0	85.0
948.0	100.0
949.0	96.0
950.0	92.0
951.0	76.0
952.0	100.0
953.0	83.0
954.0	86.0
955.0	61.0
956.0	106.0
957.0	111.0
958.0	78.0
959.0	57.0
960.0	66.0
961.0	72.0
962.0	76.0
963.0	69.0
964.0	83.0
965.0	83.0
966.0	76.0
967.0	83.0
968.0	67.0
969.0	61.0
970.0	75.0
971.0	81.0
972.0	70.0
973.0	79.0
974.0	55.0
975.0	65.0
976.0	82.0
977.0	89.0
978.0	74.0
979.0	85.0
980.0	69.0
981.0	79.0
982.0	59.0
983.0	77.0
984.0	73.0
985.0	66.0
986.0	64.0
987.0	71.0
988.0	67.0
989.0	55.0
990.0	91.0
991.0	79.0
992.0	53.0
993.0	56.0
994.0	54.0
995.0	70.0
996.0	61.0
997.0	63.0
998.0	70.0
999.0	62.0
1000.0	80.0
1001.0	74.0
1002.0	50.0
1003.0	76.0
1004.0	61.0
1005.0	52.0
1006.0	52.0
1007.0	56.0
1008.0	59.0
1009.0	58.0
1010.0	59.0
1011.0	58.0
1012.0	63.0
1013.0	67.0
1014.0	71.0
1015.0	66.0
1016.0	67.0
1017.0	84.0
1018.0	74.0
1019.0	70.0
1020.0	49.0
1021.0	58.0
1022.0	69.0
1023.0	68.0
1024.0	62.0
1025.0	61.0
1026.0	62.0
1027.0	76.0
1028.0	64.0
1029.0	59.0
1030.0	68.0
1031.0	62.0
1032.0	81.0
1033.0	74.0
1034.0	60.0
1035.0	65.0
1036.0	63.0
1037.0	60.0
1038.0	67.0
1039.0	70.0
1040.0	69.0
1041.0	70.0
1042.0	60.0
1043.0	58.0
1044.0	72.0
1045.0	69.0
1046.0	69.0
1047.0	70.0
1048.0	62.0
1049.0	57.0
1050.0	75.0
1051.0	68.0
1052.0	71.0
1053.0	58.0
1054.0	57.0
1055.0	72.0
1056.0	56.0
1057.0	54.0
1058.0	67.0
1059.0	52.0
1060.0	55.0
1061.0	70.0
1062.0	48.0
1063.0	52.0
1064.0	43.0
1065.0	45.0
1066.0	45.0
1067.0	49.0
1068.0	49.0
1069.0	33.0
1070.0	52.0
1071.0	53.0
1072.0	48.0
1073.0	62.0
1074.0	43.0
1075.0	53.0
1076.0	59.0
1077.0	53.0
1078.0	61.0
1079.0	65.0
1080.0	41.0
1081.0	50.0
1082.0	64.0
1083.0	65.0
1084.0	55.0
1085.0	48.0
1086.0	41.0
1087.0	57.0
1088.0	65.0
1089.0	47.0
1090.0	52.0
1091.0	49.0
1092.0	53.0
1093.0	46.0
1094.0	39.0
1095.0	59.0
1096.0	54.0
1097.0	58.0
1098.0	44.0
1099.0	42.0
1100.0	47.0
1101.0	49.0
1102.0	59.0
1103.0	54.0
1104.0	38.0
1105.0	49.0
1106.0	46.0
1107.0	59.0
1108.0	40.0
1109.0	55.0
1110.0	38.0
1111.0	49.0
1112.0	46.0
1113.0	48.0
1114.0	54.0
1115.0	56.0
1116.0	50.0
1117.0	51.0
1118.0	56.0
1119.0	46.0
1120.0	47.0
1121.0	37.0
1122.0	46.0
1123.0	43.0
1124.0	42.0
1125.0	46.0
1126.0	40.0
1127.0	37.0
1128.0	39.0
1129.0	46.0
1130.0	53.0
1131.0	53.0
1132.0	57.0
1133.0	51.0
1134.0	60.0
1135.0	64.0
1136.0	58.0
1137.0	55.0
1138.0	64.0
1139.0	59.0
1140.0	61.0
1141.0	53.0
1142.0	41.0
1143.0	44.0
1144.0	38.0
1145.0	57.0
1146.0	41.0
1147.0	54.0
1148.0	57.0
1149.0	43.0
1150.0	55.0
1151.0	62.0
1152.0	51.0
1153.0	59.0
1154.0	40.0
1155.0	46.0
1156.0	62.0
1157.0	43.0
1158.0	54.0
1159.0	48.0
1160.0	57.0
1161.0	57.0
1162.0	59.0
1163.0	53.0
1164.0	33.0
1165.0	49.0
1166.0	36.0
1167.0	42.0
1168.0	47.0
1169.0	47.0
1170.0	35.0
1171.0	46.0
1172.0	55.0
1173.0	34.0
1174.0	31.0
1175.0	55.0
1176.0	47.0
1177.0	42.0
1178.0	43.0
1179.0	34.0
1180.0	53.0
1181.0	45.0
1182.0	35.0
1183.0	41.0
1184.0	42.0
1185.0	43.0
1186.0	38.0
1187.0	44.0
1188.0	40.0
1189.0	37.0
1190.0	34.0
1191.0	47.0
1192.0	45.0
1193.0	44.0
1194.0	44.0
1195.0	41.0
1196.0	40.0
1197.0	40.0
1198.0	44.0
1199.0	40.0
1200.0	39.0
1201.0	37.0
1202.0	49.0
1203.0	38.0
1204.0	35.0
1205.0	47.0
1206.0	41.0
1207.0	46.0
1208.0	50.0
1209.0	62.0
1210.0	47.0
1211.0	48.0
1212.0	41.0
1213.0	48.0
1214.0	71.0
1215.0	51.0
1216.0	56.0
1217.0	54.0
1218.0	54.0
1219.0	61.0
1220.0	37.0
1221.0	46.0
1222.0	48.0
1223.0	54.0
1224.0	52.0
1225.0	48.0
1226.0	48.0
1227.0	46.0
1228.0	49.0
1229.0	50.0
1230.0	42.0
1231.0	43.0
1232.0	40.0
1233.0	33.0
1234.0	55.0
1235.0	48.0
1236.0	58.0
1237.0	52.0
1238.0	54.0
1239.0	54.0
1240.0	47.0
1241.0	46.0
1242.0	43.0
1243.0	46.0
1244.0	51.0
1245.0	40.0
1246.0	39.0
1247.0	41.0
1248.0	46.0
1249.0	37.0
1250.0	47.0
1251.0	38.0
1252.0	34.0
1253.0	47.0
1254.0	38.0
1255.0	32.0
1256.0	46.0
1257.0	46.0
1258.0	36.0
1259.0	36.0
1260.0	30.0
1261.0	42.0
1262.0	31.0
1263.0	46.0
1264.0	33.0
1265.0	28.0
1266.0	35.0
1267.0	33.0
1268.0	34.0
1269.0	52.0
1270.0	36.0
1271.0	43.0
1272.0	33.0
1273.0	30.0
1274.0	28.0
1275.0	26.0
1276.0	35.0
1277.0	46.0
1278.0	34.0
1279.0	39.0
1280.0	31.0
1281.0	30.0
1282.0	44.0
1283.0	30.0
1284.0	42.0
1285.0	39.0
1286.0	33.0
1287.0	37.0
1288.0	36.0
1289.0	33.0
1290.0	39.0
1291.0	47.0
1292.0	36.0
1293.0	32.0
1294.0	35.0
1295.0	36.0
1296.0	41.0
1297.0	42.0
1298.0	45.0
1299.0	48.0
1300.0	36.0
1301.0	41.0
1302.0	35.0
1303.0	38.0
1304.0	42.0
1305.0	43.0
1306.0	28.0
1307.0	29.0
1308.0	38.0
1309.0	39.0
1310.0	40.0
1311.0	43.0
1312.0	42.0
1313.0	35.0
1314.0	40.0
1315.0	37.0
1316.0	31.0
1317.0	35.0
1318.0	31.0
1319.0	34.0
1320.0	40.0
1321.0	27.0
1322.0	37.0
1323.0	44.0
1324.0	51.0
1325.0	30.0
1326.0	32.0
1327.0	50.0
1328.0	33.0
1329.0	38.0
1330.0	28.0
1331.0	43.0
1332.0	39.0
1333.0	34.0
1334.0	61.0
1335.0	45.0
1336.0	27.0
1337.0	31.0
1338.0	32.0
1339.0	35.0
1340.0	43.0
1341.0	30.0
1342.0	32.0
1343.0	22.0
1344.0	41.0
1345.0	34.0
1346.0	36.0
1347.0	35.0
1348.0	37.0
1349.0	40.0
1350.0	42.0
1351.0	33.0
1352.0	30.0
1353.0	34.0
1354.0	27.0
1355.0	29.0
1356.0	31.0
1357.0	35.0
1358.0	36.0
1359.0	32.0
1360.0	46.0
1361.0	46.0
1362.0	38.0
1363.0	32.0
1364.0	30.0
1365.0	37.0
1366.0	34.0
1367.0	31.0
1368.0	27.0
1369.0	32.0
1370.0	30.0
1371.0	22.0
1372.0	31.0
1373.0	29.0
1374.0	22.0
1375.0	27.0
1376.0	27.0
1377.0	35.0
1378.0	30.0
1379.0	28.0
1380.0	28.0
1381.0	31.0
1382.0	19.0
1383.0	25.0
1384.0	30.0
1385.0	30.0
1386.0	32.0
1387.0	26.0
1388.0	22.0
1389.0	28.0
1390.0	27.0
1391.0	23.0
1392.0	30.0
1393.0	16.0
1394.0	32.0
1395.0	40.0
1396.0	33.0
1397.0	37.0
1398.0	29.0
1399.0	31.0
1400.0	37.0
1401.0	27.0
1402.0	29.0
1403.0	33.0
1404.0	42.0
1405.0	26.0
1406.0	37.0
1407.0	35.0
1408.0	23.0
1409.0	30.0
1410.0	24.0
1411.0	44.0
1412.0	35.0
1413.0	45.0
1414.0	49.0
1415.0	37.0
1416.0	26.0
1417.0	44.0
1418.0	33.0
1419.0	30.0
1420.0	35.0
1421.0	33.0
1422.0	29.0
1423.0	38.0
1424.0	39.0
1425.0	29.0
1426.0	31.0
1427.0	23.0
1428.0	27.0
1429.0	39.0
1430.0	30.0
1431.0	27.0
1432.0	28.0
1433.0	34.0
1434.0	25.0
1435.0	26.0
1436.0	47.0
1437.0	23.0
1438.0	34.0
1439.0	34.0
1440.0	30.0
1441.0	32.0
1442.0	21.0
1443.0	23.0
1444.0	34.0
1445.0	41.0
1446.0	29.0
1447.0	25.0
1448.0	34.0
1449.0	31.0
1450.0	34.0
1451.0	32.0
1452.0	31.0
1453.0	26.0
1454.0	30.0
1455.0	22.0
1456.0	24.0
1457.0	29.0
1458.0	26.0
1459.0	30.0
1460.0	28.0
1461.0	25.0
1462.0	38.0
1463.0	45.0
1464.0	39.0
1465.0	30.0
1466.0	34.0
1467.0	35.0
1468.0	27.0
1469.0	33.0
1470.0	22.0
1471.0	27.0
1472.0	34.0
1473.0	28.0
1474.0	30.0
1475.0	31.0
1476.0	29.0
1477.0	29.0
1478.0	29.0
1479.0	27.0
1480.0	29.0
1481.0	29.0
1482.0	26.0
1483.0	33.0
1484.0	42.0
1485.0	32.0
1486.0	24.0
1487.0	20.0
1488.0	26.0
1489.0	33.0
1490.0	22.0
1491.0	29.0
1492.0	22.0
1493.0	28.0
1494.0	31.0
1495.0	32.0
1496.0	39.0
1497.0	29.0
1498.0	26.0
1499.0	24.0
1500.0	20.0
1501.0	30.0
1502.0	34.0
1503.0	15.0
1504.0	24.0
1505.0	20.0
1506.0	25.0
1507.0	28.0
1508.0	24.0
1509.0	19.0
1510.0	32.0
1511.0	29.0
1512.0	29.0
1513.0	28.0
1514.0	21.0
1515.0	24.0
1516.0	19.0
1517.0	24.0
1518.0	22.0
1519.0	24.0
1520.0	26.0
1521.0	21.0
1522.0	25.0
1523.0	21.0
1524.0	27.0
1525.0	25.0
1526.0	16.0
1527.0	25.0
1528.0	28.0
1529.0	21.0
1530.0	19.0
1531.0	22.0
1532.0	21.0
1533.0	25.0
1534.0	28.0
1535.0	23.0
1536.0	32.0
1537.0	29.0
1538.0	25.0
1539.0	35.0
1540.0	25.0
1541.0	17.0
1542.0	22.0
1543.0	37.0
1544.0	26.0
1545.0	27.0
1546.0	30.0
1547.0	27.0
1548.0	24.0
1549.0	22.0
1550.0	21.0
1551.0	25.0
1552.0	27.0
1553.0	22.0
1554.0	23.0
1555.0	27.0
1556.0	16.0
1557.0	24.0
1558.0	31.0
1559.0	31.0
1560.0	33.0
1561.0	33.0
1562.0	38.0
1563.0	26.0
1564.0	16.0
1565.0	26.0
1566.0	40.0
1567.0	28.0
1568.0	39.0
1569.0	29.0
1570.0	32.0
1571.0	42.0
1572.0	40.0
1573.0	32.0
1574.0	27.0
1575.0	35.0
1576.0	20.0
1577.0	21.0
1578.0	33.0
1579.0	30.0
1580.0	32.0
1581.0	23.0
1582.0	26.0
1583.0	20.0
1584.0	28.0
1585.0	25.0
1586.0	36.0
1587.0	32.0
1588.0	25.0
1589.0	35.0
1590.0	27.0
1591.0	29.0
1592.0	20.0
1593.0	29.0
1594.0	23.0
1595.0	31.0
1596.0	27.0
1597.0	28.0
1598.0	27.0
1599.0	31.0
1600.0	27.0
1601.0	31.0
1602.0	34.0
1603.0	24.0
1604.0	18.0
1605.0	38.0
1606.0	38.0
1607.0	28.0
1608.0	27.0
1609.0	25.0
1610.0	24.0
1611.0	27.0
1612.0	30.0
1613.0	23.0
1614.0	19.0
1615.0	22.0
1616.0	28.0
1617.0	24.0
1618.0	24.0
1619.0	26.0
1620.0	20.0
1621.0	22.0
1622.0	21.0
1623.0	23.0
1624.0	23.0
1625.0	36.0
1626.0	22.0
1627.0	21.0
1628.0	32.0
1629.0	22.0
1630.0	27.0
1631.0	19.0
1632.0	20.0
1633.0	24.0
1634.0	27.0
1635.0	29.0
1636.0	17.0
1637.0	31.0
1638.0	23.0
1639.0	23.0
1640.0	17.0
1641.0	22.0
1642.0	23.0
1643.0	25.0
1644.0	22.0
1645.0	18.0
1646.0	22.0
1647.0	16.0
1648.0	27.0
1649.0	25.0
1650.0	33.0
1651.0	39.0
1652.0	23.0
1653.0	26.0
1654.0	24.0
1655.0	18.0
1656.0	20.0
1657.0	14.0
1658.0	28.0
1659.0	27.0
1660.0	29.0
1661.0	43.0
1662.0	33.0
1663.0	29.0
1664.0	37.0
1665.0	35.0
1666.0	19.0
1667.0	23.0
1668.0	20.0
1669.0	25.0
1670.0	25.0
1671.0	19.0
1672.0	21.0
1673.0	27.0
1674.0	15.0
1675.0	22.0
1676.0	26.0
1677.0	25.0
1678.0	17.0
1679.0	23.0
1680.0	18.0
1681.0	17.0
1682.0	31.0
1683.0	18.0
1684.0	32.0
1685.0	27.0
1686.0	30.0
1687.0	23.0
1688.0	20.0
1689.0	29.0
1690.0	27.0
1691.0	26.0
1692.0	25.0
1693.0	35.0
1694.0	26.0
1695.0	26.0
1696.0	20.0
1697.0	20.0
1698.0	28.0
1699.0	21.0
1700.0	19.0
1701.0	21.0
1702.0	17.0
1703.0	24.0
1704.0	29.0
1705.0	16.0
1706.0	13.0
1707.0	18.0
1708.0	19.0
1709.0	23.0
1710.0	26.0
1711.0	27.0
1712.0	23.0
1713.0	27.0
1714.0	24.0
1715.0	31.0
1716.0	14.0
1717.0	23.0
1718.0	41.0
1719.0	29.0
1720.0	25.0
1721.0	24.0
1722.0	15.0
1723.0	24.0
1724.0	26.0
1725.0	26.0
1726.0	18.0
1727.0	25.0
1728.0	29.0
1729.0	26.0
1730.0	13.0
1731.0	26.0
1732.0	24.0
1733.0	21.0
1734.0	14.0
1735.0	23.0
1736.0	17.0
1737.0	22.0
1738.0	19.0
1739.0	23.0
1740.0	25.0
1741.0	19.0
1742.0	14.0
1743.0	22.0
1744.0	16.0
1745.0	21.0
1746.0	14.0
1747.0	12.0
1748.0	15.0
1749.0	18.0
1750.0	18.0
1751.0	18.0
1752.0	18.0
1753.0	25.0
1754.0	15.0
1755.0	21.0
1756.0	20.0
1757.0	11.0
1758.0	22.0
1759.0	19.0
1760.0	13.0
1761.0	17.0
1762.0	25.0
1763.0	18.0
1764.0	20.0
1765.0	20.0
1766.0	14.0
1767.0	17.0
1768.0	22.0
1769.0	13.0
1770.0	22.0
1771.0	23.0
1772.0	23.0
1773.0	22.0
1774.0	17.0
1775.0	19.0
1776.0	16.0
1777.0	23.0
1778.0	16.0
1779.0	17.0
1780.0	27.0
1781.0	17.0
1782.0	15.0
1783.0	21.0
1784.0	18.0
1785.0	22.0
1786.0	20.0
1787.0	21.0
1788.0	21.0
1789.0	16.0
1790.0	18.0
1791.0	18.0
1792.0	21.0
1793.0	17.0
1794.0	26.0
1795.0	11.0
1796.0	17.0
1797.0	16.0
1798.0	21.0
1799.0	13.0
1800.0	11.0
1801.0	16.0
1802.0	18.0
1803.0	17.0
1804.0	14.0
1805.0	17.0
1806.0	12.0
1807.0	20.0
1808.0	27.0
1809.0	19.0
1810.0	12.0
1811.0	19.0
1812.0	16.0
1813.0	14.0
1814.0	13.0
1815.0	15.0
1816.0	17.0
1817.0	19.0
1818.0	21.0
1819.0	16.0
1820.0	17.0
1821.0	22.0
1822.0	16.0
1823.0	15.0
1824.0	12.0
1825.0	18.0
1826.0	13.0
1827.0	20.0
1828.0	15.0
1829.0	18.0
1830.0	20.0
1831.0	19.0
1832.0	22.0
1833.0	13.0
1834.0	16.0
1835.0	14.0
1836.0	27.0
1837.0	20.0
1838.0	21.0
1839.0	24.0
1840.0	17.0
1841.0	24.0
1842.0	11.0
1843.0	20.0
1844.0	21.0
1845.0	24.0
1846.0	17.0
1847.0	21.0
1848.0	15.0
1849.0	13.0
1850.0	15.0
1851.0	16.0
1852.0	11.0
1853.0	20.0
1854.0	21.0
1855.0	24.0
1856.0	21.0
1857.0	15.0
1858.0	15.0
1859.0	14.0
1860.0	30.0
1861.0	19.0
1862.0	18.0
1863.0	18.0
1864.0	22.0
1865.0	18.0
1866.0	14.0
1867.0	27.0
1868.0	18.0
1869.0	17.0
1870.0	20.0
1871.0	35.0
1872.0	31.0
1873.0	16.0
1874.0	18.0
1875.0	21.0
1876.0	16.0
1877.0	15.0
1878.0	11.0
1879.0	10.0
1880.0	13.0
1881.0	11.0
1882.0	8.0
1883.0	11.0
1884.0	8.0
1885.0	8.0
1886.0	22.0
1887.0	14.0
1888.0	15.0
1889.0	13.0
1890.0	16.0
1891.0	14.0
1892.0	15.0
1893.0	19.0
1894.0	13.0
1895.0	14.0
1896.0	13.0
1897.0	21.0
1898.0	10.0
1899.0	19.0
1900.0	12.0
1901.0	21.0
1902.0	12.0
1903.0	19.0
1904.0	24.0
1905.0	20.0
1906.0	14.0
1907.0	27.0
1908.0	25.0
1909.0	21.0
1910.0	21.0
1911.0	32.0
1912.0	25.0
1913.0	22.0
1914.0	21.0
1915.0	18.0
1916.0	18.0
1917.0	13.0
1918.0	17.0
1919.0	23.0
1920.0	30.0
1921.0	29.0
1922.0	21.0
1923.0	15.0
1924.0	19.0
1925.0	20.0
1926.0	27.0
1927.0	17.0
1928.0	10.0
1929.0	17.0
1930.0	19.0
1931.0	22.0
1932.0	15.0
1933.0	23.0
1934.0	12.0
1935.0	15.0
1936.0	22.0
1937.0	27.0
1938.0	16.0
1939.0	23.0
1940.0	19.0
1941.0	18.0
1942.0	13.0
1943.0	13.0
1944.0	20.0
1945.0	14.0
1946.0	18.0
1947.0	15.0
1948.0	16.0
1949.0	15.0
1950.0	16.0
1951.0	11.0
1952.0	14.0
1953.0	16.0
1954.0	18.0
1955.0	15.0
1956.0	16.0
1957.0	22.0
1958.0	17.0
1959.0	23.0
1960.0	18.0
1961.0	13.0
1962.0	22.0
1963.0	27.0
1964.0	13.0
1965.0	14.0
1966.0	12.0
1967.0	11.0
1968.0	22.0
1969.0	13.0
1970.0	12.0
1971.0	14.0
1972.0	20.0
1973.0	15.0
1974.0	16.0
1975.0	20.0
1976.0	13.0
1977.0	15.0
1978.0	18.0
1979.0	15.0
1980.0	13.0
1981.0	16.0
1982.0	14.0
1983.0	6.0
1984.0	14.0
1985.0	16.0
1986.0	14.0
1987.0	10.0
1988.0	15.0
1989.0	22.0
1990.0	13.0
1991.0	16.0
1992.0	17.0
1993.0	20.0
1994.0	23.0
1995.0	23.0
1996.0	12.0
1997.0	16.0
1998.0	24.0
1999.0	18.0
2000.0	14.0
2001.0	17.0
2002.0	10.0
2003.0	13.0
2004.0	17.0
2005.0	17.0
2006.0	25.0
2007.0	17.0
2008.0	16.0
2009.0	14.0
2010.0	13.0
2011.0	15.0
2012.0	17.0
2013.0	25.0
2014.0	17.0
2015.0	21.0
2016.0	21.0
2017.0	26.0
2018.0	35.0
2019.0	20.0
2020.0	28.0
2021.0	29.0
2022.0	23.0
2023.0	16.0
2024.0	23.0
2025.0	17.0
2026.0	13.0
2027.0	17.0
2028.0	7.0
2029.0	13.0
2030.0	16.0
2031.0	5.0
2032.0	8.0
2033.0	14.0
2034.0	15.0
2035.0	14.0
2036.0	13.0
2037.0	16.0
2038.0	14.0
2039.0	15.0
2040.0	15.0
2041.0	17.0
2042.0	19.0
2043.0	13.0
2044.0	15.0
2045.0	7.0
2046.0	22.0
2047.0	22.0
2048.0	13.0
2049.0	16.0
2050.0	11.0
2051.0	14.0
2052.0	14.0
2053.0	14.0
2054.0	14.0
2055.0	13.0
2056.0	12.0
2057.0	14.0
2058.0	12.0
2059.0	12.0
2060.0	18.0
2061.0	14.0
2062.0	19.0
2063.0	12.0
2064.0	21.0
2065.0	23.0
2066.0	21.0
2067.0	11.0
2068.0	12.0
2069.0	17.0
2070.0	12.0
2071.0	16.0
2072.0	12.0
2073.0	20.0
2074.0	14.0
2075.0	15.0
2076.0	18.0
2077.0	13.0
2078.0	7.0
2079.0	16.0
2080.0	9.0
2081.0	17.0
2082.0	13.0
2083.0	17.0
2084.0	16.0
2085.0	19.0
2086.0	17.0
2087.0	17.0
2088.0	18.0
2089.0	20.0
2090.0	15.0
2091.0	22.0
2092.0	16.0
2093.0	19.0
2094.0	22.0
2095.0	12.0
2096.0	24.0
2097.0	15.0
2098.0	17.0
2099.0	17.0
2100.0	19.0
2101.0	15.0
2102.0	16.0
2103.0	13.0
2104.0	18.0
2105.0	19.0
2106.0	19.0
2107.0	19.0
2108.0	16.0
2109.0	16.0
2110.0	23.0
2111.0	11.0
2112.0	20.0
2113.0	13.0
2114.0	9.0
2115.0	15.0
2116.0	17.0
2117.0	10.0
2118.0	13.0
2119.0	9.0
2120.0	10.0
2121.0	9.0
2122.0	14.0
2123.0	15.0
2124.0	8.0
2125.0	6.0
2126.0	8.0
2127.0	11.0
2128.0	15.0
2129.0	6.0
2130.0	13.0
2131.0	9.0
2132.0	22.0
2133.0	13.0
2134.0	11.0
2135.0	18.0
2136.0	10.0
2137.0	16.0
2138.0	17.0
2139.0	11.0
2140.0	11.0
2141.0	16.0
2142.0	14.0
2143.0	8.0
2144.0	14.0
2145.0	12.0
2146.0	13.0
2147.0	13.0
2148.0	7.0
2149.0	12.0
2150.0	12.0
2151.0	14.0
2152.0	11.0
2153.0	10.0
2154.0	3.0
2155.0	14.0
2156.0	10.0
2157.0	9.0
2158.0	10.0
2159.0	12.0
2160.0	9.0
2161.0	15.0
2162.0	10.0
2163.0	7.0
2164.0	5.0
2165.0	9.0
2166.0	12.0
2167.0	15.0
2168.0	12.0
2169.0	13.0
2170.0	15.0
2171.0	11.0
2172.0	14.0
2173.0	16.0
2174.0	10.0
2175.0	7.0
2176.0	15.0
2177.0	11.0
2178.0	9.0
2179.0	7.0
2180.0	9.0
2181.0	11.0
2182.0	6.0
2183.0	13.0
2184.0	16.0
2185.0	9.0
2186.0	4.0
2187.0	14.0
2188.0	11.0
2189.0	9.0
2190.0	9.0
2191.0	6.0
2192.0	8.0
2193.0	16.0
2194.0	6.0
2195.0	13.0
2196.0	12.0
2197.0	7.0
2198.0	10.0
2199.0	13.0
2200.0	14.0
2201.0	16.0
2202.0	19.0
2203.0	9.0
2204.0	13.0
2205.0	10.0
2206.0	14.0
2207.0	9.0
2208.0	12.0
2209.0	5.0
2210.0	9.0
2211.0	18.0
2212.0	17.0
2213.0	7.0
2214.0	11.0
2215.0	11.0
2216.0	14.0
2217.0	10.0
2218.0	6.0
2219.0	14.0
2220.0	12.0
2221.0	7.0
2222.0	10.0
2223.0	6.0
2224.0	14.0
2225.0	6.0
2226.0	12.0
2227.0	11.0
2228.0	6.0
2229.0	14.0
2230.0	7.0
2231.0	13.0
2232.0	8.0
2233.0	11.0
2234.0	11.0
2235.0	13.0
2236.0	6.0
2237.0	12.0
2238.0	15.0
2239.0	16.0
2240.0	8.0
2241.0	7.0
2242.0	15.0
2243.0	17.0
2244.0	20.0
2245.0	8.0
2246.0	14.0
2247.0	9.0
2248.0	17.0
2249.0	11.0
2250.0	12.0
2251.0	12.0
2252.0	12.0
2253.0	13.0
2254.0	13.0
2255.0	18.0
2256.0	14.0
2257.0	19.0
2258.0	12.0
2259.0	10.0
2260.0	17.0
2261.0	7.0
2262.0	10.0
2263.0	10.0
2264.0	8.0
2265.0	14.0
2266.0	7.0
2267.0	15.0
2268.0	9.0
2269.0	5.0
2270.0	19.0
2271.0	19.0
2272.0	16.0
2273.0	10.0
2274.0	13.0
2275.0	19.0
2276.0	9.0
2277.0	8.0
2278.0	9.0
2279.0	9.0
2280.0	18.0
2281.0	15.0
2282.0	7.0
2283.0	12.0
2284.0	11.0
2285.0	8.0
2286.0	13.0
2287.0	11.0
2288.0	13.0
2289.0	10.0
2290.0	8.0
2291.0	9.0
2292.0	8.0
2293.0	11.0
2294.0	12.0
2295.0	7.0
2296.0	8.0
2297.0	8.0
2298.0	10.0
2299.0	7.0
2300.0	13.0
2301.0	12.0
2302.0	8.0
2303.0	10.0
2304.0	8.0
2305.0	5.0
2306.0	9.0
2307.0	8.0
2308.0	13.0
2309.0	6.0
2310.0	7.0
2311.0	8.0
2312.0	5.0
2313.0	4.0
2314.0	9.0
2315.0	6.0
2316.0	7.0
2317.0	7.0
2318.0	6.0
2319.0	3.0
2320.0	9.0
2321.0	5.0
2322.0	9.0
2323.0	7.0
2324.0	3.0
2325.0	8.0
2326.0	5.0
2327.0	4.0
2328.0	9.0
2329.0	10.0
2330.0	12.0
2331.0	2.0
2332.0	6.0
2333.0	6.0
2334.0	7.0
2335.0	6.0
2336.0	9.0
2337.0	11.0
2338.0	11.0
2339.0	6.0
2340.0	4.0
2341.0	9.0
2342.0	2.0
2343.0	3.0
2344.0	6.0
2345.0	3.0
2346.0	6.0
2347.0	7.0
2348.0	5.0
2349.0	3.0
2350.0	9.0
2351.0	4.0
2352.0	7.0
2353.0	2.0
2354.0	7.0
2355.0	3.0
2356.0	5.0
2357.0	6.0
2358.0	5.0
2359.0	6.0
2360.0	10.0
2361.0	7.0
2362.0	6.0
2363.0	5.0
2364.0	4.0
2365.0	3.0
2366.0	4.0
2367.0	6.0
2368.0	8.0
2369.0	4.0
2370.0	5.0
2371.0	5.0
2372.0	8.0
2373.0	3.0
2374.0	4.0
2375.0	2.0
2376.0	4.0
2377.0	5.0
2378.0	4.0
2379.0	7.0
2380.0	11.0
2381.0	2.0
2382.0	7.0
2383.0	7.0
2384.0	8.0
2385.0	4.0
2386.0	4.0
2387.0	4.0
2388.0	11.0
2389.0	9.0
2390.0	5.0
2391.0	2.0
2392.0	4.0
2393.0	6.0
2394.0	10.0
2395.0	3.0
2396.0	4.0
2397.0	3.0
2398.0	8.0
2399.0	4.0
2400.0	1.0
2401.0	4.0
2402.0	6.0
2403.0	7.0
2404.0	9.0
2405.0	8.0
2406.0	9.0
2407.0	2.0
2408.0	6.0
2409.0	4.0
2410.0	8.0
2411.0	4.0
2412.0	8.0
2413.0	4.0
2414.0	12.0
2415.0	4.0
2416.0	7.0
2417.0	2.0
2418.0	4.0
2419.0	3.0
2420.0	7.0
2421.0	9.0
2422.0	12.0
2423.0	4.0
2424.0	8.0
2425.0	4.0
2426.0	5.0
2427.0	6.0
2428.0	9.0
2429.0	8.0
2430.0	6.0
2431.0	9.0
2432.0	10.0
2433.0	5.0
2434.0	7.0
2435.0	7.0
2436.0	6.0
2437.0	8.0
2438.0	15.0
2439.0	9.0
2440.0	11.0
2441.0	7.0
2442.0	5.0
2443.0	9.0
2444.0	8.0
2445.0	9.0
2446.0	9.0
2447.0	5.0
2448.0	8.0
2449.0	4.0
2450.0	7.0
2451.0	5.0
2452.0	8.0
2453.0	11.0
2454.0	4.0
2455.0	7.0
2456.0	8.0
2457.0	11.0
2458.0	8.0
2459.0	5.0
2460.0	7.0
2461.0	10.0
2462.0	5.0
2463.0	14.0
2464.0	5.0
2465.0	7.0
2466.0	6.0
2467.0	7.0
2468.0	9.0
2469.0	7.0
2470.0	10.0
2471.0	8.0
2472.0	7.0
2473.0	14.0
2474.0	11.0
2475.0	10.0
2476.0	11.0
2477.0	9.0
2478.0	8.0
2479.0	10.0
2480.0	8.0
2481.0	10.0
2482.0	10.0
2483.0	9.0
2484.0	8.0
2485.0	10.0
2486.0	10.0
2487.0	10.0
2488.0	7.0
2489.0	7.0
2490.0	7.0
2491.0	8.0
2492.0	10.0
2493.0	5.0
2494.0	6.0
2495.0	8.0
2496.0	8.0
2497.0	9.0
2498.0	3.0
2499.0	7.0
2500.0	9.0
2501.0	7.0
2502.0	5.0
2503.0	8.0
2504.0	4.0
2505.0	7.0
2506.0	10.0
2507.0	8.0
2508.0	5.0
2509.0	10.0
2510.0	8.0
2511.0	10.0
2512.0	9.0
2513.0	6.0
2514.0	7.0
2515.0	4.0
2516.0	7.0
2517.0	5.0
2518.0	3.0
2519.0	6.0
2520.0	7.0
2521.0	5.0
2522.0	6.0
2523.0	4.0
2524.0	16.0
2525.0	8.0
2526.0	7.0
2527.0	4.0
2528.0	9.0
2529.0	13.0
2530.0	3.0
2531.0	5.0
2532.0	9.0
2533.0	6.0
2534.0	9.0
2535.0	4.0
2536.0	3.0
2537.0	6.0
2538.0	5.0
2539.0	9.0
2540.0	5.0
2541.0	2.0
2542.0	8.0
2543.0	9.0
2544.0	10.0
2545.0	1.0
2546.0	1.0
2547.0	9.0
2548.0	7.0
2549.0	7.0
2550.0	4.0
2551.0	10.0
2552.0	4.0
2553.0	7.0
2554.0	5.0
2555.0	6.0
2556.0	5.0
2557.0	5.0
2558.0	7.0
2559.0	7.0
2560.0	5.0
2561.0	9.0
2562.0	3.0
2563.0	10.0
2564.0	10.0
2565.0	5.0
2566.0	8.0
2567.0	8.0
2568.0	5.0
2569.0	11.0
2570.0	8.0
2571.0	9.0
2572.0	6.0
2573.0	5.0
2574.0	4.0
2575.0	3.0
2576.0	8.0
2577.0	8.0
2578.0	6.0
2579.0	3.0
2580.0	7.0
2581.0	9.0
2582.0	6.0
2583.0	5.0
2584.0	7.0
2585.0	6.0
2586.0	7.0
2587.0	6.0
2588.0	5.0
2589.0	8.0
2590.0	10.0
2591.0	4.0
2592.0	4.0
2593.0	8.0
2594.0	14.0
2595.0	5.0
2596.0	7.0
2597.0	8.0
2598.0	8.0
2599.0	6.0
2600.0	6.0
2601.0	4.0
2602.0	7.0
2603.0	5.0
2604.0	7.0
2605.0	7.0
2606.0	4.0
2607.0	9.0
2608.0	11.0
2609.0	8.0
2610.0	5.0
2611.0	6.0
2612.0	8.0
2613.0	5.0
2614.0	8.0
2616.0	5.0
2617.0	3.0
2618.0	5.0
2619.0	4.0
2620.0	6.0
2621.0	6.0
2622.0	7.0
2623.0	8.0
2624.0	8.0
2625.0	5.0
2626.0	11.0
2627.0	8.0
2628.0	9.0
2629.0	8.0
2630.0	5.0
2631.0	8.0
2632.0	6.0
2633.0	5.0
2634.0	8.0
2635.0	12.0
2636.0	9.0
2637.0	9.0
2638.0	9.0
2639.0	7.0
2640.0	6.0
2641.0	7.0
2642.0	2.0
2643.0	8.0
2644.0	10.0
2645.0	5.0
2646.0	13.0
2647.0	6.0
2648.0	5.0
2649.0	5.0
2650.0	6.0
2651.0	8.0
2652.0	5.0
2653.0	11.0
2654.0	5.0
2655.0	8.0
2656.0	3.0
2657.0	11.0
2658.0	11.0
2659.0	5.0
2660.0	11.0
2661.0	6.0
2662.0	6.0
2663.0	12.0
2664.0	4.0
2665.0	8.0
2666.0	12.0
2667.0	6.0
2668.0	9.0
2669.0	8.0
2670.0	7.0
2671.0	10.0
2672.0	7.0
2673.0	3.0
2674.0	4.0
2675.0	9.0
2676.0	8.0
2677.0	7.0
2678.0	7.0
2679.0	6.0
2680.0	4.0
2681.0	4.0
2682.0	5.0
2683.0	5.0
2684.0	9.0
2685.0	6.0
2686.0	8.0
2687.0	6.0
2688.0	7.0
2689.0	8.0
2690.0	9.0
2691.0	7.0
2692.0	9.0
2693.0	6.0
2694.0	7.0
2695.0	5.0
2696.0	6.0
2697.0	3.0
2698.0	6.0
2699.0	5.0
2700.0	5.0
2701.0	8.0
2702.0	4.0
2703.0	5.0
2704.0	4.0
2705.0	7.0
2706.0	7.0
2707.0	4.0
2708.0	5.0
2709.0	2.0
2710.0	4.0
2711.0	7.0
2712.0	5.0
2713.0	4.0
2714.0	1.0
2715.0	3.0
2716.0	3.0
2717.0	9.0
2718.0	5.0
2719.0	3.0
2720.0	2.0
2721.0	4.0
2722.0	5.0
2723.0	3.0
2724.0	1.0
2725.0	8.0
2726.0	8.0
2727.0	4.0
2728.0	5.0
2729.0	2.0
2730.0	3.0
2731.0	1.0
2732.0	5.0
2733.0	3.0
2734.0	4.0
2735.0	4.0
2736.0	4.0
2737.0	4.0
2738.0	2.0
2739.0	2.0
2740.0	3.0
2741.0	2.0
2742.0	3.0
2743.0	1.0
2744.0	4.0
2745.0	8.0
2746.0	2.0
2747.0	4.0
2748.0	2.0
2749.0	5.0
2750.0	2.0
2751.0	6.0
2752.0	3.0
2753.0	2.0
2755.0	1.0
2756.0	3.0
2759.0	1.0
2760.0	3.0
2762.0	5.0
2763.0	5.0
2764.0	3.0
2765.0	3.0
2766.0	2.0
2767.0	7.0
2768.0	1.0
2769.0	3.0
2770.0	1.0
2771.0	1.0
2772.0	3.0
2773.0	3.0
2774.0	5.0
2775.0	4.0
2776.0	4.0
2777.0	1.0
2778.0	3.0
2779.0	7.0
2780.0	4.0
2781.0	3.0
2782.0	6.0
2783.0	2.0
2784.0	4.0
2785.0	3.0
2786.0	1.0
2787.0	5.0
2788.0	5.0
2789.0	1.0
2790.0	3.0
2791.0	2.0
2792.0	2.0
2794.0	3.0
2795.0	6.0
2796.0	1.0
2797.0	6.0
2798.0	3.0
2799.0	1.0
2800.0	2.0
2801.0	1.0
2802.0	3.0
2803.0	4.0
2804.0	2.0
2805.0	3.0
2807.0	4.0
2808.0	3.0
2809.0	5.0
2810.0	1.0
2811.0	6.0
2812.0	1.0
2813.0	2.0
2814.0	1.0
2815.0	3.0
2816.0	1.0
2817.0	3.0
2818.0	5.0
2819.0	2.0
2820.0	4.0
2821.0	3.0
2822.0	3.0
2823.0	2.0
2824.0	2.0
2825.0	1.0
2826.0	1.0
2827.0	1.0
2829.0	2.0
2830.0	5.0
2831.0	6.0
2832.0	2.0
2833.0	2.0
2834.0	4.0
2835.0	3.0
2836.0	4.0
2837.0	2.0
2838.0	6.0
2839.0	12.0
2840.0	1.0
2841.0	6.0
2842.0	7.0
2843.0	3.0
2844.0	2.0
2845.0	3.0
2846.0	1.0
2847.0	1.0
2848.0	4.0
2849.0	3.0
2850.0	3.0
2851.0	3.0
2852.0	3.0
2853.0	3.0
2854.0	2.0
2855.0	1.0
2856.0	1.0
2857.0	4.0
2858.0	3.0
2859.0	1.0
2860.0	5.0
2861.0	3.0
2862.0	1.0
2863.0	2.0
2864.0	2.0
2865.0	3.0
2866.0	4.0
2867.0	1.0
2869.0	1.0
2870.0	5.0
2872.0	2.0
2874.0	1.0
2875.0	1.0
2877.0	4.0
2878.0	2.0
2879.0	1.0
2882.0	3.0
2883.0	3.0
2884.0	1.0
2885.0	1.0
2886.0	5.0
2887.0	1.0
2888.0	3.0
2889.0	4.0
2890.0	4.0
2891.0	2.0
2892.0	1.0
2893.0	3.0
2894.0	3.0
2895.0	2.0
2896.0	1.0
2897.0	1.0
2898.0	3.0
2899.0	2.0
2900.0	1.0
2901.0	2.0
2902.0	2.0
2903.0	2.0
2905.0	2.0
2906.0	2.0
2907.0	2.0
2908.0	4.0
2909.0	2.0
2910.0	3.0
2911.0	1.0
2912.0	4.0
2914.0	2.0
2915.0	3.0
2916.0	4.0
2917.0	2.0
2918.0	3.0
2920.0	2.0
2921.0	2.0
2922.0	2.0
2923.0	2.0
2924.0	2.0
2925.0	1.0
2927.0	1.0
2928.0	1.0
2929.0	3.0
2930.0	2.0
2931.0	4.0
2932.0	4.0
2933.0	3.0
2934.0	6.0
2935.0	6.0
2938.0	1.0
2939.0	3.0
2940.0	3.0
2941.0	4.0
2942.0	3.0
2943.0	2.0
2944.0	3.0
2945.0	5.0
2946.0	4.0
2947.0	3.0
2949.0	3.0
2950.0	2.0
2951.0	5.0
2952.0	7.0
2953.0	4.0
2954.0	2.0
2955.0	2.0
2956.0	2.0
2957.0	4.0
2958.0	4.0
2960.0	1.0
2961.0	3.0
2962.0	1.0
2963.0	4.0
2964.0	1.0
2965.0	2.0
2966.0	1.0
2967.0	3.0
2968.0	2.0
2969.0	4.0
2970.0	4.0
2972.0	1.0
2974.0	2.0
2975.0	2.0
2976.0	3.0
2977.0	2.0
2978.0	3.0
2979.0	2.0
2980.0	2.0
2981.0	3.0
2982.0	7.0
2983.0	3.0
2984.0	3.0
2985.0	5.0
2986.0	7.0
2987.0	6.0
2988.0	1.0
2989.0	2.0
2990.0	2.0
2992.0	3.0
2993.0	3.0
2994.0	1.0
2995.0	4.0
2996.0	5.0
2997.0	4.0
2998.0	4.0
2999.0	2.0
3000.0	3.0
3001.0	5.0
3002.0	1.0
3003.0	2.0
3005.0	2.0
3006.0	1.0
3007.0	6.0
3008.0	1.0
3009.0	2.0
3010.0	2.0
3011.0	1.0
3012.0	5.0
3013.0	1.0
3014.0	1.0
3015.0	5.0
3016.0	2.0
3017.0	2.0
3018.0	5.0
3019.0	3.0
3020.0	4.0
3021.0	1.0
3022.0	2.0
3023.0	2.0
3024.0	3.0
3025.0	2.0
3026.0	2.0
3027.0	3.0
3029.0	1.0
3031.0	2.0
3033.0	1.0
3035.0	1.0
3036.0	1.0
3037.0	1.0
3038.0	2.0
3039.0	1.0
3040.0	3.0
3041.0	4.0
3042.0	1.0
3043.0	3.0
3044.0	2.0
3045.0	2.0
3046.0	2.0
3047.0	3.0
3050.0	3.0
3052.0	1.0
3053.0	1.0
3054.0	1.0
3055.0	2.0
3056.0	1.0
3057.0	2.0
3058.0	2.0
3059.0	2.0
3060.0	3.0
3061.0	1.0
3062.0	3.0
3063.0	1.0
3064.0	2.0
3065.0	3.0
3066.0	2.0
3067.0	1.0
3068.0	1.0
3069.0	5.0
3070.0	3.0
3071.0	5.0
3072.0	4.0
3073.0	2.0
3074.0	3.0
3077.0	1.0
3080.0	1.0
3081.0	3.0
3082.0	1.0
3083.0	3.0
3084.0	2.0
3085.0	4.0
3086.0	2.0
3087.0	3.0
3088.0	1.0
3089.0	1.0
3090.0	1.0
3092.0	1.0
3094.0	1.0
3095.0	2.0
3096.0	1.0
3099.0	1.0
3100.0	1.0
3101.0	1.0
3102.0	1.0
3104.0	2.0
3106.0	2.0
3107.0	1.0
3109.0	2.0
3111.0	2.0
3112.0	1.0
3113.0	1.0
3115.0	2.0
3116.0	1.0
3117.0	1.0
3118.0	1.0
3119.0	7.0
3120.0	3.0
3121.0	1.0
3123.0	2.0
3124.0	2.0
3125.0	3.0
3127.0	3.0
3128.0	4.0
3129.0	1.0
3130.0	1.0
3131.0	2.0
3132.0	1.0
3134.0	2.0
3136.0	2.0
3138.0	2.0
3139.0	2.0
3140.0	1.0
3142.0	1.0
3144.0	2.0
3146.0	1.0
3147.0	1.0
3148.0	1.0
3149.0	1.0
3150.0	4.0
3151.0	4.0
3152.0	3.0
3153.0	1.0
3154.0	2.0
3155.0	2.0
3156.0	3.0
3158.0	2.0
3159.0	1.0
3160.0	2.0
3161.0	1.0
3162.0	1.0
3166.0	1.0
3167.0	2.0
3168.0	1.0
3169.0	1.0
3171.0	1.0
3172.0	1.0
3174.0	1.0
3175.0	1.0
3176.0	4.0
3177.0	1.0
3178.0	1.0
3182.0	1.0
3184.0	2.0
3186.0	1.0
3187.0	3.0
3188.0	1.0
3189.0	1.0
3191.0	1.0
3194.0	1.0
3195.0	3.0
3196.0	1.0
3199.0	2.0
3200.0	1.0
3202.0	1.0
3203.0	1.0
3204.0	1.0
3206.0	1.0
3208.0	3.0
3209.0	2.0
3214.0	2.0
3215.0	1.0
3216.0	1.0
3220.0	1.0
3222.0	2.0
3229.0	2.0
3230.0	1.0
3231.0	3.0
3233.0	1.0
3235.0	2.0
3237.0	2.0
3238.0	1.0
3240.0	1.0
3241.0	2.0
3242.0	3.0
3246.0	2.0
3248.0	4.0
3249.0	2.0
3250.0	1.0
3251.0	1.0
3253.0	1.0
3254.0	1.0
3255.0	1.0
3256.0	2.0
3259.0	1.0
3260.0	2.0
3262.0	1.0
3264.0	1.0
3266.0	3.0
3267.0	1.0
3270.0	1.0
3271.0	1.0
3272.0	1.0
3273.0	1.0
3276.0	1.0
3277.0	1.0
3278.0	1.0
3279.0	1.0
3282.0	1.0
3287.0	1.0
3291.0	1.0
3292.0	2.0
3293.0	1.0
3295.0	2.0
3296.0	1.0
3298.0	3.0
3299.0	1.0
3301.0	1.0
3302.0	2.0
3303.0	1.0
3307.0	2.0
3310.0	1.0
3311.0	1.0
3312.0	2.0
3313.0	1.0
3314.0	1.0
3316.0	2.0
3317.0	1.0
3319.0	2.0
3321.0	1.0
3323.0	1.0
3325.0	2.0
3326.0	1.0
3327.0	1.0
3328.0	1.0
3330.0	2.0
3331.0	1.0
3334.0	1.0
3335.0	2.0
3336.0	1.0
3337.0	1.0
3338.0	1.0
3339.0	1.0
3343.0	1.0
3347.0	1.0
3348.0	1.0
3349.0	2.0
3351.0	1.0
3352.0	1.0
3353.0	1.0
3354.0	1.0
3356.0	2.0
3357.0	2.0
3361.0	2.0
3363.0	1.0
3364.0	1.0
3365.0	2.0
3366.0	1.0
3368.0	1.0
3369.0	1.0
3370.0	1.0
3371.0	2.0
3373.0	1.0
3375.0	2.0
3376.0	1.0
3377.0	1.0
3378.0	2.0
3379.0	2.0
3380.0	1.0
3382.0	2.0
3383.0	1.0
3384.0	1.0
3385.0	1.0
3389.0	3.0
3393.0	2.0
3395.0	1.0
3400.0	2.0
3401.0	2.0
3402.0	4.0
3403.0	4.0
3404.0	2.0
3405.0	1.0
3406.0	1.0
3407.0	2.0
3408.0	1.0
3409.0	1.0
3411.0	1.0
3412.0	1.0
3413.0	3.0
3415.0	2.0
3416.0	1.0
3417.0	2.0
3418.0	2.0
3419.0	1.0
3420.0	1.0
3422.0	6.0
3424.0	2.0
3425.0	1.0
3426.0	1.0
3427.0	1.0
3428.0	1.0
3430.0	2.0
3432.0	3.0
3434.0	1.0
3435.0	2.0
3436.0	1.0
3437.0	1.0
3440.0	3.0
3443.0	1.0
3444.0	1.0
3445.0	1.0
3447.0	3.0
3448.0	4.0
3451.0	3.0
3452.0	2.0
3453.0	2.0
3454.0	1.0
3455.0	1.0
3456.0	1.0
3459.0	3.0
3460.0	1.0
3462.0	3.0
3463.0	2.0
3464.0	1.0
3465.0	1.0
3466.0	1.0
3467.0	2.0
3468.0	1.0
3469.0	1.0
3470.0	1.0
3471.0	3.0
3473.0	2.0
3474.0	2.0
3475.0	2.0
3478.0	1.0
3479.0	1.0
3480.0	1.0
3481.0	2.0
3482.0	3.0
3483.0	3.0
3484.0	1.0
3487.0	1.0
3488.0	1.0
3489.0	1.0
3490.0	1.0
3491.0	1.0
3493.0	1.0
3494.0	1.0
3496.0	1.0
3497.0	4.0
3499.0	1.0
3500.0	1.0
3501.0	2.0
3502.0	1.0
3504.0	1.0
3505.0	1.0
3507.0	1.0
3508.0	2.0
3510.0	1.0
3511.0	2.0
3513.0	1.0
3516.0	2.0
3517.0	2.0
3518.0	2.0
3519.0	2.0
3520.0	1.0
3523.0	2.0
3525.0	1.0
3526.0	1.0
3527.0	3.0
3528.0	1.0
3529.0	1.0
3530.0	1.0
3532.0	1.0
3533.0	1.0
3534.0	1.0
3535.0	1.0
3536.0	1.0
3537.0	1.0
3539.0	1.0
3540.0	1.0
3541.0	2.0
3542.0	1.0
3544.0	1.0
3545.0	2.0
3546.0	1.0
3547.0	1.0
3549.0	4.0
3550.0	2.0
3551.0	1.0
3552.0	1.0
3553.0	3.0
3554.0	2.0
3558.0	1.0
3559.0	3.0
3560.0	1.0
3561.0	3.0
3562.0	1.0
3563.0	2.0
3564.0	1.0
3565.0	2.0
3566.0	2.0
3569.0	2.0
3572.0	3.0
3573.0	1.0
3574.0	2.0
3576.0	1.0
3577.0	2.0
3579.0	2.0
3581.0	1.0
3583.0	5.0
3584.0	1.0
3585.0	1.0
3586.0	1.0
3587.0	4.0
3589.0	1.0
3590.0	1.0
3591.0	3.0
3592.0	3.0
3593.0	1.0
3594.0	2.0
3595.0	1.0
3597.0	2.0
3598.0	1.0
3599.0	1.0
3600.0	2.0
3601.0	1.0
3602.0	2.0
3603.0	4.0
3605.0	2.0
3606.0	1.0
3607.0	1.0
3608.0	3.0
3610.0	2.0
3611.0	1.0
3612.0	4.0
3613.0	3.0
3615.0	1.0
3616.0	2.0
3617.0	2.0
3618.0	2.0
3619.0	1.0
3620.0	1.0
3621.0	1.0
3622.0	2.0
3623.0	2.0
3625.0	3.0
3626.0	3.0
3627.0	1.0
3628.0	1.0
3630.0	1.0
3632.0	2.0
3633.0	1.0
3634.0	2.0
3636.0	2.0
3637.0	3.0
3638.0	1.0
3640.0	1.0
3641.0	2.0
3643.0	2.0
3644.0	1.0
3645.0	1.0
3647.0	1.0
3648.0	3.0
3651.0	1.0
3653.0	1.0
3655.0	1.0
3657.0	1.0
3658.0	1.0
3660.0	1.0
3661.0	1.0
3662.0	1.0
3663.0	2.0
3664.0	1.0
3666.0	3.0
3667.0	2.0
3669.0	2.0
3671.0	3.0
3672.0	1.0
3673.0	1.0
3674.0	1.0
3676.0	1.0
3677.0	1.0
3679.0	1.0
3682.0	1.0
3687.0	1.0
3688.0	1.0
3689.0	1.0
3690.0	1.0
3691.0	1.0
3692.0	1.0
3693.0	1.0
3695.0	1.0
3697.0	1.0
3698.0	1.0
3699.0	1.0
3702.0	1.0
3703.0	1.0
3704.0	1.0
3705.0	2.0
3706.0	3.0
3710.0	4.0
3711.0	2.0
3716.0	1.0
3717.0	2.0
3718.0	2.0
3719.0	1.0
3720.0	1.0
3721.0	1.0
3723.0	1.0
3724.0	1.0
3727.0	1.0
3729.0	1.0
3732.0	2.0
3733.0	2.0
3734.0	1.0
3736.0	1.0
3737.0	1.0
3738.0	1.0
3743.0	1.0
3745.0	2.0
3749.0	1.0
3751.0	2.0
3755.0	2.0
3756.0	1.0
3757.0	1.0
3758.0	1.0
3759.0	1.0
3760.0	1.0
3762.0	1.0
3763.0	2.0
3764.0	1.0
3766.0	1.0
3767.0	2.0
3768.0	1.0
3769.0	1.0
3772.0	1.0
3773.0	1.0
3780.0	1.0
3781.0	1.0
3783.0	1.0
3784.0	1.0
3785.0	1.0
3786.0	1.0
3788.0	2.0
3789.0	3.0
3790.0	3.0
3791.0	2.0
3792.0	2.0
3793.0	1.0
3794.0	1.0
3795.0	1.0
3796.0	2.0
3798.0	1.0
3799.0	2.0
3801.0	2.0
3802.0	3.0
3803.0	1.0
3804.0	5.0
3805.0	1.0
3806.0	4.0
3807.0	4.0
3808.0	2.0
3809.0	1.0
3811.0	1.0
3812.0	1.0
3817.0	1.0
3818.0	1.0
3820.0	2.0
3821.0	2.0
3822.0	1.0
3823.0	1.0
3825.0	1.0
3827.0	2.0
3830.0	1.0
3831.0	1.0
3834.0	2.0
3836.0	4.0
3837.0	1.0
3838.0	2.0
3841.0	2.0
3842.0	1.0
3843.0	2.0
3844.0	2.0
3847.0	1.0
3849.0	2.0
3851.0	1.0
3852.0	1.0
3857.0	2.0
3860.0	2.0
3861.0	1.0
3863.0	1.0
3864.0	1.0
3866.0	2.0
3870.0	2.0
3872.0	4.0
3874.0	2.0
3877.0	1.0
3878.0	1.0
3880.0	1.0
3883.0	1.0
3884.0	4.0
3885.0	1.0
3886.0	1.0
3888.0	1.0
3889.0	1.0
3890.0	1.0
3893.0	3.0
3896.0	2.0
3899.0	1.0
3901.0	1.0
3904.0	2.0
3905.0	2.0
3907.0	2.0
3909.0	2.0
3911.0	2.0
3914.0	3.0
3918.0	4.0
3920.0	1.0
3921.0	3.0
3922.0	1.0
3923.0	1.0
3925.0	1.0
3926.0	2.0
3928.0	1.0
3929.0	1.0
3930.0	1.0
3931.0	1.0
3932.0	2.0
3933.0	1.0
3934.0	1.0
3935.0	1.0
3936.0	1.0
3937.0	1.0
3938.0	1.0
3940.0	1.0
3941.0	2.0
3942.0	4.0
3943.0	1.0
3944.0	1.0
3945.0	3.0
3946.0	1.0
3947.0	1.0
3948.0	1.0
3949.0	2.0
3951.0	1.0
3952.0	1.0
3955.0	2.0
3956.0	1.0
3957.0	2.0
3958.0	1.0
3959.0	1.0
3961.0	2.0
3962.0	1.0
3964.0	1.0
3965.0	3.0
3966.0	2.0
3968.0	2.0
3969.0	4.0
3970.0	1.0
3971.0	2.0
3974.0	2.0
3976.0	2.0
3977.0	3.0
3978.0	2.0
3980.0	3.0
3982.0	1.0
3983.0	2.0
3984.0	1.0
3988.0	1.0
3990.0	1.0
3991.0	2.0
3992.0	4.0
3993.0	5.0
3996.0	1.0
3997.0	1.0
3998.0	1.0
3999.0	1.0
4000.0	1.0
4001.0	2.0
4002.0	1.0
4003.0	1.0
4004.0	1.0
4007.0	2.0
4009.0	1.0
4011.0	2.0
4012.0	1.0
4013.0	2.0
4014.0	2.0
4016.0	3.0
4017.0	1.0
4018.0	1.0
4021.0	1.0
4022.0	2.0
4023.0	4.0
4024.0	1.0
4025.0	3.0
4026.0	2.0
4027.0	2.0
4028.0	1.0
4030.0	1.0
4032.0	3.0
4033.0	2.0
4034.0	1.0
4035.0	2.0
4037.0	1.0
4038.0	1.0
4040.0	2.0
4041.0	2.0
4042.0	1.0
4043.0	2.0
4044.0	2.0
4045.0	2.0
4047.0	2.0
4048.0	6.0
4049.0	1.0
4050.0	1.0
4051.0	1.0
4052.0	3.0
4053.0	1.0
4054.0	2.0
4055.0	3.0
4056.0	3.0
4057.0	5.0
4058.0	2.0
4059.0	3.0
4060.0	3.0
4062.0	2.0
4063.0	3.0
4064.0	3.0
4065.0	2.0
4066.0	1.0
4067.0	1.0
4068.0	1.0
4069.0	1.0
4071.0	1.0
4072.0	3.0
4073.0	1.0
4074.0	1.0
4075.0	1.0
4077.0	1.0
4079.0	1.0
4080.0	2.0
4081.0	1.0
4082.0	2.0
4083.0	1.0
4084.0	1.0
4085.0	1.0
4086.0	3.0
4090.0	1.0
4091.0	1.0
4092.0	1.0
4093.0	2.0
4094.0	1.0
4095.0	3.0
4098.0	1.0
4099.0	2.0
4103.0	1.0
4104.0	2.0
4105.0	2.0
4106.0	1.0
4107.0	3.0
4108.0	2.0
4110.0	4.0
4112.0	1.0
4113.0	2.0
4114.0	3.0
4115.0	3.0
4116.0	3.0
4117.0	3.0
4118.0	3.0
4119.0	1.0
4122.0	2.0
4123.0	1.0
4124.0	2.0
4125.0	2.0
4129.0	3.0
4130.0	4.0
4131.0	2.0
4132.0	1.0
4133.0	2.0
4134.0	1.0
4140.0	2.0
4142.0	1.0
4143.0	2.0
4144.0	1.0
4145.0	1.0
4146.0	1.0
4148.0	3.0
4149.0	2.0
4151.0	1.0
4153.0	2.0
4154.0	1.0
4156.0	1.0
4158.0	1.0
4159.0	2.0
4161.0	1.0
4164.0	1.0
4165.0	1.0
4166.0	1.0
4168.0	1.0
4170.0	1.0
4173.0	1.0
4174.0	2.0
4175.0	3.0
4176.0	2.0
4178.0	1.0
4182.0	1.0
4184.0	2.0
4185.0	1.0
4188.0	3.0
4189.0	1.0
4190.0	1.0
4191.0	1.0
4194.0	2.0
4197.0	1.0
4199.0	2.0
4200.0	1.0
4201.0	1.0
4202.0	3.0
4203.0	1.0
4204.0	2.0
4206.0	1.0
4207.0	5.0
4208.0	1.0
4210.0	1.0
4212.0	2.0
4213.0	3.0
4215.0	1.0
4217.0	1.0
4218.0	2.0
4220.0	1.0
4221.0	2.0
4223.0	2.0
4224.0	2.0
4225.0	2.0
4226.0	1.0
4227.0	1.0
4228.0	2.0
4229.0	1.0
4231.0	2.0
4232.0	1.0
4233.0	2.0
4234.0	1.0
4235.0	1.0
4236.0	2.0
4238.0	2.0
4239.0	3.0
4241.0	1.0
4243.0	2.0
4244.0	2.0
4245.0	1.0
4246.0	2.0
4247.0	1.0
4248.0	7.0
4249.0	11.0
4251.0	2.0
4252.0	1.0
4253.0	1.0
4254.0	1.0
4256.0	2.0
4257.0	2.0
4259.0	2.0
4260.0	2.0
4261.0	1.0
4262.0	1.0
4263.0	1.0
4264.0	2.0
4265.0	3.0
4266.0	1.0
4270.0	1.0
4271.0	1.0
4272.0	1.0
4273.0	1.0
4276.0	1.0
4277.0	1.0
4279.0	1.0
4280.0	2.0
4281.0	2.0
4282.0	1.0
4283.0	1.0
4285.0	2.0
4286.0	2.0
4289.0	2.0
4291.0	1.0
4292.0	1.0
4293.0	1.0
4295.0	1.0
4296.0	2.0
4297.0	2.0
4298.0	5.0
4299.0	1.0
4300.0	3.0
4301.0	2.0
4302.0	4.0
4303.0	2.0
4304.0	5.0
4305.0	3.0
4306.0	1.0
4309.0	3.0
4310.0	2.0
4311.0	2.0
4312.0	2.0
4313.0	2.0
4315.0	1.0
4316.0	3.0
4318.0	3.0
4321.0	2.0
4323.0	1.0
4326.0	2.0
4328.0	2.0
4330.0	1.0
4331.0	2.0
4333.0	2.0
4334.0	1.0
4335.0	2.0
4336.0	2.0
4337.0	1.0
4340.0	1.0
4341.0	2.0
4345.0	2.0
4346.0	2.0
4347.0	1.0
4348.0	1.0
4350.0	4.0
4351.0	1.0
4354.0	1.0
4355.0	1.0
4356.0	3.0
4357.0	1.0
4358.0	1.0
4359.0	2.0
4360.0	3.0
4361.0	2.0
4364.0	2.0
4365.0	2.0
4366.0	1.0
4367.0	3.0
4368.0	2.0
4369.0	2.0
4370.0	1.0
4371.0	2.0
4372.0	2.0
4373.0	1.0
4374.0	1.0
4375.0	2.0
4376.0	3.0
4377.0	1.0
4378.0	2.0
4379.0	2.0
4380.0	2.0
4381.0	1.0
4382.0	1.0
4383.0	4.0
4384.0	3.0
4385.0	5.0
4387.0	1.0
4389.0	4.0
4390.0	2.0
4391.0	2.0
4392.0	1.0
4394.0	2.0
4395.0	2.0
4396.0	4.0
4397.0	2.0
4398.0	1.0
4399.0	2.0
4400.0	2.0
4401.0	2.0
4402.0	2.0
4403.0	2.0
4405.0	3.0
4406.0	2.0
4407.0	3.0
4408.0	3.0
4409.0	4.0
4410.0	2.0
4412.0	2.0
4413.0	1.0
4414.0	1.0
4415.0	1.0
4416.0	2.0
4417.0	1.0
4418.0	2.0
4420.0	4.0
4421.0	4.0
4422.0	1.0
4423.0	1.0
4424.0	4.0
4425.0	3.0
4427.0	5.0
4428.0	2.0
4429.0	3.0
4430.0	1.0
4432.0	1.0
4433.0	2.0
4434.0	2.0
4435.0	2.0
4436.0	1.0
4438.0	1.0
4439.0	1.0
4440.0	2.0
4441.0	2.0
4442.0	3.0
4443.0	5.0
4444.0	3.0
4446.0	2.0
4447.0	1.0
4448.0	2.0
4450.0	3.0
4451.0	2.0
4452.0	8.0
4454.0	2.0
4455.0	2.0
4457.0	1.0
4458.0	1.0
4459.0	3.0
4460.0	1.0
4462.0	1.0
4463.0	1.0
4464.0	1.0
4466.0	2.0
4468.0	3.0
4469.0	1.0
4470.0	2.0
4472.0	3.0
4473.0	3.0
4474.0	3.0
4478.0	1.0
4479.0	2.0
4484.0	1.0
4485.0	2.0
4487.0	2.0
4488.0	2.0
4489.0	1.0
4492.0	3.0
4493.0	1.0
4494.0	1.0
4495.0	1.0
4496.0	1.0
4497.0	1.0
4498.0	1.0
4500.0	2.0
4501.0	1.0
4502.0	2.0
4504.0	1.0
4508.0	1.0
4509.0	3.0
4510.0	2.0
4512.0	2.0
4515.0	1.0
4516.0	2.0
4517.0	3.0
4518.0	1.0
4519.0	1.0
4520.0	1.0
4521.0	1.0
4523.0	2.0
4525.0	1.0
4528.0	1.0
4530.0	1.0
4533.0	1.0
4536.0	1.0
4538.0	2.0
4539.0	1.0
4541.0	1.0
4545.0	1.0
4546.0	1.0
4547.0	1.0
4548.0	2.0
4549.0	1.0
4550.0	1.0
4551.0	1.0
4552.0	1.0
4554.0	1.0
4555.0	2.0
4564.0	2.0
4569.0	1.0
4571.0	1.0
4572.0	1.0
4573.0	1.0
4577.0	1.0
4578.0	1.0
4579.0	1.0
4580.0	2.0
4581.0	3.0
4582.0	1.0
4583.0	1.0
4589.0	1.0
4590.0	2.0
4592.0	1.0
4593.0	1.0
4596.0	1.0
4597.0	1.0
4600.0	1.0
4602.0	2.0
4606.0	1.0
4612.0	1.0
4613.0	1.0
4614.0	2.0
4615.0	1.0
4617.0	2.0
4619.0	2.0
4620.0	2.0
4624.0	1.0
4626.0	1.0
4628.0	1.0
4632.0	2.0
4633.0	1.0
4634.0	1.0
4637.0	2.0
4639.0	1.0
4640.0	1.0
4641.0	1.0
4642.0	2.0
4644.0	1.0
4645.0	5.0
4646.0	1.0
4647.0	1.0
4649.0	6.0
4650.0	2.0
4651.0	2.0
4653.0	3.0
4654.0	4.0
4655.0	2.0
4657.0	1.0
4658.0	1.0
4659.0	1.0
4662.0	2.0
4663.0	1.0
4666.0	3.0
4668.0	1.0
4669.0	3.0
4676.0	1.0
4680.0	1.0
4686.0	2.0
4687.0	2.0
4690.0	1.0
4696.0	1.0
4702.0	2.0
4703.0	1.0
4712.0	1.0
4715.0	1.0
4717.0	2.0
4719.0	2.0
4723.0	1.0
4724.0	2.0
4729.0	1.0
4730.0	1.0
4733.0	1.0
4736.0	1.0
4739.0	1.0
4740.0	1.0
4741.0	1.0
4742.0	1.0
4747.0	2.0
4749.0	1.0
4752.0	1.0
4753.0	1.0
4757.0	1.0
4759.0	2.0
4760.0	1.0
4761.0	2.0
4765.0	1.0
4766.0	1.0
4767.0	2.0
4771.0	1.0
4774.0	1.0
4782.0	1.0
4785.0	4.0
4788.0	2.0
4790.0	1.0
4792.0	2.0
4793.0	1.0
4794.0	1.0
4796.0	1.0
4797.0	1.0
4798.0	1.0
4799.0	1.0
4801.0	1.0
4802.0	1.0
4803.0	1.0
4804.0	1.0
4806.0	1.0
4809.0	1.0
4811.0	1.0
4813.0	2.0
4814.0	1.0
4816.0	1.0
4818.0	1.0
4819.0	2.0
4822.0	2.0
4825.0	2.0
4826.0	2.0
4830.0	1.0
4837.0	1.0
4840.0	1.0
4841.0	1.0
4842.0	1.0
4845.0	3.0
4846.0	1.0
4850.0	1.0
4854.0	2.0
4855.0	1.0
4856.0	1.0
4857.0	2.0
4858.0	4.0
4860.0	1.0
4862.0	1.0
4867.0	3.0
4869.0	1.0
4870.0	1.0
4871.0	1.0
4872.0	1.0
4875.0	1.0
4877.0	1.0
4880.0	1.0
4883.0	1.0
4884.0	3.0
4886.0	2.0
4887.0	2.0
4889.0	1.0
4899.0	3.0
4900.0	1.0
4902.0	2.0
4903.0	1.0
4905.0	1.0
4906.0	1.0
4907.0	1.0
4913.0	1.0
4915.0	1.0
4916.0	2.0
4919.0	1.0
4920.0	1.0
4921.0	2.0
4924.0	1.0
4927.0	1.0
4928.0	2.0
4929.0	1.0
4930.0	1.0
4934.0	1.0
4941.0	1.0
4943.0	1.0
4944.0	2.0
4946.0	1.0
4947.0	2.0
4948.0	1.0
4949.0	1.0
4951.0	1.0
4961.0	1.0
4962.0	1.0
4965.0	1.0
4967.0	1.0
4968.0	2.0
4974.0	2.0
4976.0	1.0
4981.0	1.0
4982.0	2.0
4983.0	1.0
4985.0	1.0
4986.0	1.0
4987.0	4.0
4991.0	1.0
4993.0	1.0
4995.0	1.0
4996.0	1.0
5003.0	2.0
5004.0	1.0
5009.0	2.0
5012.0	1.0
5014.0	2.0
5021.0	1.0
5022.0	1.0
5028.0	1.0
5030.0	1.0
5032.0	1.0
5037.0	1.0
5040.0	1.0
5045.0	1.0
5046.0	1.0
5047.0	1.0
5055.0	2.0
5058.0	1.0
5060.0	1.0
5065.0	1.0
5067.0	1.0
5071.0	1.0
5079.0	2.0
5080.0	1.0
5083.0	1.0
5084.0	2.0
5085.0	1.0
5090.0	1.0
5091.0	1.0
5095.0	1.0
5096.0	1.0
5098.0	1.0
5101.0	1.0
5103.0	1.0
5111.0	1.0
5113.0	1.0
5114.0	1.0
5116.0	2.0
5117.0	1.0
5136.0	1.0
5139.0	1.0
5141.0	1.0
5147.0	2.0
5152.0	1.0
5162.0	1.0
5164.0	1.0
5169.0	1.0
5172.0	1.0
5175.0	1.0
5181.0	1.0
5186.0	1.0
5187.0	1.0
5189.0	1.0
5191.0	1.0
5198.0	1.0
5203.0	1.0
5204.0	1.0
5207.0	3.0
5210.0	1.0
5213.0	1.0
5215.0	2.0
5217.0	1.0
5218.0	1.0
5222.0	1.0
5224.0	1.0
5225.0	1.0
5227.0	1.0
5228.0	2.0
5233.0	1.0
5234.0	1.0
5236.0	1.0
5238.0	1.0
5243.0	1.0
5257.0	2.0
5261.0	1.0
5264.0	1.0
5266.0	1.0
5268.0	1.0
5272.0	1.0
5273.0	1.0
5274.0	1.0
5276.0	1.0
5281.0	1.0
5287.0	2.0
5288.0	1.0
5289.0	4.0
5293.0	1.0
5295.0	1.0
5296.0	1.0
5300.0	2.0
5301.0	2.0
5303.0	2.0
5304.0	2.0
5306.0	1.0
5312.0	1.0
5314.0	1.0
5316.0	1.0
5319.0	1.0
5321.0	2.0
5322.0	2.0
5323.0	1.0
5324.0	1.0
5326.0	1.0
5327.0	1.0
5330.0	2.0
5331.0	3.0
5332.0	2.0
5336.0	2.0
5337.0	3.0
5338.0	2.0
5340.0	1.0
5342.0	1.0
5343.0	1.0
5344.0	1.0
5345.0	1.0
5346.0	1.0
5347.0	1.0
5349.0	1.0
5354.0	1.0
5361.0	1.0
5366.0	1.0
5368.0	1.0
5369.0	1.0
5373.0	1.0
5378.0	1.0
5379.0	1.0
5380.0	3.0
5381.0	3.0
5382.0	4.0
5383.0	7.0
5384.0	2.0
5387.0	1.0
5389.0	1.0
5391.0	1.0
5395.0	1.0
5396.0	1.0
5397.0	1.0
5398.0	1.0
5406.0	1.0
5407.0	1.0
5408.0	2.0
5413.0	1.0
5414.0	1.0
5418.0	1.0
5422.0	2.0
5427.0	1.0
5429.0	1.0
5433.0	1.0
5436.0	1.0
5438.0	1.0
5442.0	1.0
5461.0	1.0
5463.0	2.0
5471.0	1.0
5474.0	2.0
5477.0	2.0
5478.0	1.0
5480.0	1.0
5481.0	2.0
5482.0	1.0
5483.0	2.0
5484.0	1.0
5485.0	2.0
5487.0	2.0
5488.0	1.0
5489.0	1.0
5490.0	1.0
5492.0	2.0
5495.0	2.0
5496.0	1.0
5498.0	2.0
5500.0	2.0
5502.0	1.0
5503.0	9.0
5504.0	13.0
5505.0	1.0
5512.0	1.0
5516.0	1.0
5519.0	1.0
5522.0	1.0
5528.0	1.0
5535.0	1.0
5537.0	1.0
5539.0	1.0
5540.0	1.0
5541.0	1.0
5554.0	1.0
5558.0	1.0
5562.0	1.0
5563.0	1.0
5571.0	1.0
5572.0	1.0
5578.0	1.0
5579.0	1.0
5594.0	2.0
5597.0	1.0
5599.0	1.0
5600.0	2.0
5602.0	1.0
5604.0	1.0
5605.0	1.0
5607.0	2.0
5611.0	1.0
5612.0	1.0
5614.0	3.0
5618.0	1.0
5623.0	1.0
5625.0	1.0
5628.0	1.0
5629.0	1.0
5633.0	1.0
5638.0	1.0
5640.0	1.0
5644.0	1.0
5656.0	3.0
5658.0	1.0
5659.0	1.0
5661.0	1.0
5674.0	1.0
5678.0	1.0
5681.0	1.0
5685.0	1.0
5686.0	2.0
5692.0	1.0
5696.0	1.0
5697.0	1.0
5698.0	1.0
5721.0	1.0
5729.0	2.0
5740.0	2.0
5741.0	1.0
5748.0	1.0
5749.0	1.0
5758.0	1.0
5761.0	1.0
5762.0	1.0
5763.0	1.0
5765.0	1.0
5767.0	1.0
5774.0	1.0
5783.0	1.0
5795.0	1.0
5798.0	1.0
5805.0	1.0
5813.0	1.0
5814.0	1.0
5818.0	1.0
5819.0	1.0
5822.0	1.0
5823.0	2.0
5827.0	1.0
5828.0	1.0
5831.0	1.0
5837.0	1.0
5841.0	1.0
5842.0	1.0
5843.0	2.0
5846.0	1.0
5848.0	1.0
5855.0	1.0
5861.0	2.0
5865.0	1.0
5872.0	1.0
5873.0	1.0
5874.0	1.0
5875.0	1.0
5883.0	1.0
5887.0	1.0
5889.0	1.0
5891.0	1.0
5897.0	2.0
5902.0	2.0
5903.0	1.0
5906.0	1.0
5909.0	1.0
5915.0	1.0
5916.0	1.0
5920.0	1.0
5926.0	1.0
5927.0	1.0
5929.0	1.0
5931.0	1.0
5952.0	1.0
5955.0	1.0
5968.0	1.0
5970.0	2.0
5977.0	1.0
5979.0	1.0
5983.0	1.0
5985.0	1.0
5988.0	1.0
5993.0	1.0
5994.0	1.0
6005.0	1.0
6015.0	2.0
6019.0	1.0
6022.0	1.0
6034.0	1.0
6037.0	1.0
6043.0	1.0
6047.0	1.0
6048.0	1.0
6049.0	1.0
6050.0	1.0
6054.0	2.0
6065.0	1.0
6069.0	1.0
6070.0	1.0
6071.0	1.0
6083.0	1.0
6085.0	1.0
6094.0	1.0
6098.0	1.0
6102.0	1.0
6114.0	2.0
6115.0	1.0
6117.0	1.0
6118.0	1.0
6129.0	3.0
6132.0	1.0
6136.0	1.0
6140.0	2.0
6144.0	1.0
6146.0	1.0
6152.0	1.0
6155.0	2.0
6157.0	2.0
6161.0	1.0
6164.0	2.0
6168.0	2.0
6169.0	1.0
6171.0	1.0
6175.0	1.0
6177.0	1.0
6188.0	2.0
6190.0	1.0
6194.0	1.0
6195.0	1.0
6200.0	2.0
6201.0	2.0
6203.0	1.0
6204.0	2.0
6205.0	7.0
6217.0	1.0
6225.0	2.0
6231.0	1.0
6238.0	1.0
6245.0	2.0
6246.0	1.0
6247.0	1.0
6251.0	1.0
6257.0	1.0
6261.0	1.0
6270.0	1.0
6271.0	1.0
6273.0	1.0
6282.0	1.0
6285.0	1.0
6287.0	1.0
6288.0	1.0
6295.0	1.0
6296.0	1.0
6298.0	1.0
6301.0	1.0
6308.0	1.0
6311.0	1.0
6314.0	1.0
6316.0	1.0
6320.0	1.0
6323.0	1.0
6326.0	1.0
6328.0	1.0
6330.0	1.0
6331.0	3.0
6332.0	4.0
6333.0	6.0
6335.0	3.0
6339.0	1.0
6355.0	1.0
6360.0	1.0
6363.0	1.0
6366.0	2.0
6372.0	1.0
6386.0	1.0
6388.0	1.0
6391.0	2.0
6395.0	1.0
6405.0	2.0
6407.0	1.0
6416.0	1.0
6427.0	1.0
6434.0	1.0
6436.0	1.0
6448.0	2.0
6449.0	1.0
6450.0	1.0
6454.0	1.0
6457.0	1.0
6459.0	2.0
6465.0	2.0
6474.0	1.0
6482.0	1.0
6483.0	1.0
6485.0	1.0
6486.0	1.0
6493.0	1.0
6500.0	1.0
6501.0	2.0
6502.0	1.0
6505.0	1.0
6512.0	1.0
6514.0	1.0
6529.0	1.0
6530.0	1.0
6531.0	1.0
6533.0	1.0
6540.0	1.0
6541.0	1.0
6546.0	1.0
6549.0	1.0
6551.0	2.0
6561.0	1.0
6562.0	1.0
6565.0	1.0
6568.0	1.0
6570.0	1.0
6578.0	1.0
6585.0	1.0
6588.0	1.0
6595.0	1.0
6596.0	1.0
6598.0	1.0
6599.0	2.0
6600.0	1.0
6602.0	1.0
6605.0	2.0
6606.0	1.0
6608.0	1.0
6609.0	1.0
6610.0	1.0
6611.0	1.0
6615.0	1.0
6616.0	1.0
6617.0	1.0
6620.0	1.0
6621.0	1.0
6622.0	3.0
6623.0	4.0
6624.0	1.0
6630.0	1.0
6636.0	1.0
6647.0	1.0
6649.0	1.0
6662.0	1.0
6670.0	1.0
6676.0	1.0
6680.0	1.0
6688.0	1.0
6701.0	1.0
6702.0	1.0
6704.0	1.0
6705.0	1.0
6711.0	1.0
6726.0	2.0
6730.0	1.0
6736.0	1.0
6750.0	1.0
6773.0	1.0
6776.0	1.0
6778.0	1.0
6780.0	1.0
6783.0	1.0
6790.0	1.0
6795.0	1.0
6800.0	1.0
6813.0	1.0
6834.0	2.0
6841.0	1.0
6844.0	1.0
6852.0	1.0
6855.0	1.0
6862.0	1.0
6863.0	1.0
6864.0	1.0
6867.0	1.0
6875.0	1.0
6881.0	1.0
6886.0	2.0
6896.0	1.0
6924.0	1.0
6927.0	1.0
6937.0	2.0
6946.0	1.0
6949.0	1.0
6955.0	1.0
6961.0	1.0
6963.0	1.0
6969.0	1.0
6986.0	1.0
6987.0	1.0
6993.0	1.0
7018.0	1.0
7022.0	1.0
7023.0	2.0
7025.0	1.0
7027.0	1.0
7028.0	1.0
7042.0	1.0
7047.0	1.0
7048.0	1.0
7055.0	1.0
7061.0	1.0
7063.0	1.0
7066.0	1.0
7069.0	1.0
7074.0	1.0
7076.0	1.0
7080.0	1.0
7089.0	1.0
7092.0	1.0
7117.0	1.0
7122.0	1.0
7131.0	1.0
7136.0	1.0
7140.0	1.0
7144.0	1.0
7151.0	1.0
7155.0	1.0
7156.0	2.0
7157.0	1.0
7160.0	2.0
7166.0	1.0
7173.0	1.0
7182.0	1.0
7186.0	1.0
7187.0	1.0
7194.0	1.0
7196.0	1.0
7197.0	1.0
7200.0	1.0
7210.0	1.0
7217.0	1.0
7219.0	1.0
7221.0	1.0
7224.0	1.0
7227.0	1.0
7247.0	1.0
7253.0	1.0
7270.0	2.0
7276.0	1.0
7284.0	1.0
7291.0	2.0
7296.0	3.0
7310.0	2.0
7320.0	1.0
7332.0	2.0
7343.0	1.0
7347.0	1.0
7351.0	1.0
7354.0	2.0
7366.0	1.0
7378.0	1.0
7382.0	1.0
7385.0	1.0
7388.0	1.0
7394.0	1.0
7406.0	2.0
7419.0	1.0
7423.0	1.0
7426.0	1.0
7432.0	1.0
7452.0	1.0
7455.0	2.0
7461.0	1.0
7464.0	1.0
7475.0	1.0
7479.0	2.0
7484.0	1.0
7489.0	2.0
7493.0	1.0
7501.0	1.0
7513.0	1.0
7516.0	1.0
7522.0	1.0
7532.0	1.0
7538.0	1.0
7547.0	1.0
7548.0	1.0
7549.0	1.0
7562.0	1.0
7579.0	1.0
7584.0	1.0
7585.0	1.0
7591.0	1.0
7592.0	1.0
7598.0	1.0
7601.0	1.0
7605.0	1.0
7612.0	1.0
7614.0	1.0
7620.0	1.0
7625.0	1.0
7634.0	1.0
7640.0	1.0
7641.0	1.0
7642.0	1.0
7643.0	1.0
7647.0	1.0
7651.0	1.0
7665.0	1.0
7666.0	1.0
7669.0	1.0
7673.0	1.0
7674.0	1.0
7686.0	1.0
7695.0	1.0
7699.0	1.0
7701.0	1.0
7703.0	1.0
7707.0	2.0
7708.0	1.0
7710.0	1.0
7719.0	1.0
7735.0	1.0
7738.0	1.0
7739.0	1.0
7747.0	1.0
7748.0	1.0
7753.0	1.0
7766.0	1.0
7779.0	1.0
7781.0	1.0
7783.0	1.0
7786.0	1.0
7787.0	1.0
7800.0	1.0
7806.0	1.0
7809.0	1.0
7818.0	1.0
7822.0	1.0
7829.0	1.0
7833.0	1.0
7838.0	1.0
7842.0	1.0
7847.0	1.0
7850.0	1.0
7852.0	2.0
7856.0	1.0
7864.0	1.0
7868.0	1.0
7869.0	1.0
7870.0	1.0
7871.0	1.0
7881.0	1.0
7888.0	1.0
7889.0	1.0
7894.0	1.0
7898.0	1.0
7899.0	1.0
7903.0	1.0
7919.0	1.0
7929.0	1.0
7933.0	1.0
7937.0	1.0
7938.0	1.0
7942.0	1.0
7961.0	1.0
7963.0	1.0
7964.0	2.0
7967.0	1.0
7974.0	1.0
7977.0	1.0
7983.0	1.0
7986.0	1.0
7990.0	1.0
8000.0	1.0
8008.0	1.0
8012.0	2.0
8015.0	2.0
8020.0	1.0
8028.0	1.0
8032.0	1.0
8041.0	1.0
8048.0	1.0
8049.0	1.0
8071.0	1.0
8082.0	1.0
8085.0	1.0
8088.0	1.0
8094.0	1.0
8102.0	1.0
8108.0	1.0
8113.0	1.0
8115.0	1.0
8117.0	1.0
8118.0	1.0
8119.0	1.0
8131.0	1.0
8135.0	1.0
8139.0	1.0
8146.0	1.0
8152.0	2.0
8156.0	1.0
8159.0	1.0
8162.0	1.0
8163.0	1.0
8170.0	1.0
8178.0	1.0
8181.0	1.0
8185.0	1.0
8189.0	1.0
8194.0	1.0
8198.0	2.0
8205.0	2.0
8210.0	2.0
8214.0	1.0
8221.0	1.0
8223.0	1.0
8224.0	1.0
8229.0	1.0
8232.0	1.0
8237.0	1.0
8238.0	1.0
8241.0	1.0
8245.0	1.0
8255.0	1.0
8261.0	1.0
8264.0	1.0
8266.0	1.0
8268.0	1.0
8270.0	1.0
8276.0	1.0
8279.0	1.0
8281.0	2.0
8282.0	1.0
8284.0	1.0
8298.0	2.0
8301.0	1.0
8311.0	1.0
8314.0	1.0
8316.0	1.0
8327.0	2.0
8329.0	1.0
8338.0	1.0
8344.0	1.0
8346.0	1.0
8350.0	1.0
8361.0	1.0
8372.0	1.0
8382.0	1.0
8383.0	1.0
8391.0	1.0
8399.0	2.0
8401.0	1.0
8404.0	1.0
8411.0	1.0
8417.0	1.0
8422.0	1.0
8424.0	1.0
8425.0	3.0
8429.0	1.0
8443.0	1.0
8447.0	3.0
8452.0	1.0
8460.0	1.0
8461.0	1.0
8467.0	1.0
8469.0	1.0
8471.0	1.0
8473.0	1.0
8474.0	1.0
8476.0	1.0
8477.0	1.0
8483.0	1.0
8486.0	2.0
8508.0	1.0
8509.0	1.0
8512.0	1.0
8517.0	1.0
8525.0	1.0
8526.0	1.0
8527.0	1.0
8529.0	1.0
8540.0	1.0
8546.0	1.0
8547.0	1.0
8550.0	1.0
8551.0	1.0
8553.0	1.0
8559.0	2.0
8568.0	1.0
8574.0	2.0
8577.0	2.0
8578.0	1.0
8586.0	1.0
8589.0	1.0
8593.0	1.0
8594.0	1.0
8604.0	3.0
8609.0	1.0
8611.0	1.0
8612.0	1.0
8618.0	1.0
8622.0	1.0
8623.0	1.0
8626.0	1.0
8628.0	2.0
8634.0	1.0
8636.0	1.0
8641.0	1.0
8646.0	1.0
8648.0	1.0
8650.0	2.0
8651.0	1.0
8652.0	1.0
8657.0	1.0
8659.0	1.0
8660.0	2.0
8663.0	2.0
8667.0	2.0
8670.0	1.0
8671.0	1.0
8676.0	1.0
8677.0	1.0
8679.0	2.0
8680.0	1.0
8683.0	2.0
8687.0	2.0
8688.0	1.0
8691.0	1.0
8692.0	1.0
8694.0	1.0
8696.0	1.0
8701.0	2.0
8702.0	2.0
8704.0	1.0
8705.0	1.0
8706.0	2.0
8707.0	1.0
8710.0	1.0
8712.0	1.0
8713.0	1.0
8715.0	1.0
8717.0	1.0
8722.0	1.0
8737.0	1.0
8739.0	1.0
8740.0	2.0
8748.0	1.0
8749.0	2.0
8753.0	1.0
8754.0	1.0
8755.0	1.0
8760.0	1.0
8762.0	1.0
8763.0	1.0
8766.0	1.0
8768.0	1.0
8774.0	1.0
8778.0	1.0
8784.0	1.0
8786.0	2.0
8788.0	1.0
8790.0	1.0
8794.0	1.0
8795.0	1.0
8800.0	1.0
8807.0	1.0
8813.0	1.0
8814.0	1.0
8816.0	1.0
8826.0	2.0
8830.0	1.0
8834.0	1.0
8837.0	1.0
8838.0	2.0
8840.0	1.0
8846.0	1.0
8847.0	1.0
8848.0	2.0
8856.0	1.0
8857.0	1.0
8859.0	1.0
8866.0	1.0
8867.0	1.0
8872.0	1.0
8873.0	1.0
8874.0	1.0
8879.0	1.0
8884.0	1.0
8885.0	1.0
8886.0	1.0
8890.0	1.0
8892.0	1.0
8901.0	1.0
8904.0	1.0
8907.0	1.0
8910.0	1.0
8911.0	1.0
8913.0	3.0
8914.0	1.0
8915.0	1.0
8918.0	1.0
8923.0	1.0
8924.0	1.0
8925.0	1.0
8929.0	1.0
8933.0	1.0
8934.0	1.0
8935.0	1.0
8937.0	2.0
8938.0	1.0
8939.0	1.0
8946.0	1.0
8953.0	1.0
8966.0	1.0
8969.0	1.0
8971.0	1.0
8975.0	1.0
8982.0	1.0
8998.0	1.0
8999.0	1.0
9001.0	1.0
9003.0	1.0
9011.0	1.0
9021.0	1.0
9046.0	1.0
9048.0	1.0
9052.0	1.0
9059.0	1.0
9061.0	1.0
9068.0	1.0
9070.0	1.0
9079.0	1.0
9083.0	1.0
9092.0	1.0
9094.0	1.0
9096.0	1.0
9097.0	1.0
9102.0	1.0
9106.0	1.0
9121.0	1.0
9122.0	1.0
9127.0	1.0
9132.0	1.0
9146.0	1.0
9150.0	1.0
9151.0	1.0
9159.0	2.0
9164.0	1.0
9165.0	1.0
9171.0	1.0
9173.0	1.0
9191.0	1.0
9194.0	1.0
9204.0	1.0
9211.0	1.0
9213.0	1.0
9217.0	1.0
9221.0	2.0
9226.0	1.0
9227.0	1.0
9230.0	1.0
9233.0	2.0
9239.0	2.0
9242.0	1.0
9244.0	1.0
9253.0	1.0
9260.0	1.0
9261.0	1.0
9262.0	1.0
9263.0	1.0
9264.0	1.0
9273.0	1.0
9277.0	1.0
9284.0	1.0
9287.0	1.0
9295.0	1.0
9296.0	1.0
9298.0	1.0
9302.0	1.0
9303.0	1.0
9311.0	1.0
9312.0	1.0
9319.0	1.0
9320.0	1.0
9324.0	1.0
9342.0	1.0
9343.0	1.0
9345.0	2.0
9348.0	1.0
9349.0	2.0
9351.0	1.0
9352.0	1.0
9354.0	1.0
9355.0	1.0
9357.0	1.0
9361.0	1.0
9363.0	1.0
9365.0	1.0
9366.0	2.0
9373.0	1.0
9377.0	1.0
9379.0	1.0
9385.0	1.0
9387.0	1.0
9388.0	1.0
9389.0	1.0
9391.0	1.0
9392.0	5.0
9393.0	12.0
9394.0	1.0
9397.0	2.0
9414.0	2.0
9419.0	1.0
9420.0	1.0
9428.0	1.0
9443.0	1.0
9449.0	1.0
9450.0	1.0
9456.0	1.0
9459.0	1.0
9466.0	1.0
9472.0	1.0
9476.0	1.0
9483.0	1.0
9487.0	1.0
9498.0	1.0
9510.0	1.0
9518.0	1.0
9520.0	1.0
9523.0	1.0
9525.0	1.0
9530.0	2.0
9531.0	1.0
9540.0	1.0
9544.0	1.0
9545.0	1.0
9560.0	1.0
9564.0	1.0
9574.0	2.0
9582.0	1.0
9583.0	1.0
9585.0	2.0
9590.0	1.0
9601.0	1.0
9603.0	2.0
9607.0	1.0
9616.0	1.0
9618.0	1.0
9624.0	1.0
9631.0	1.0
9635.0	1.0
9639.0	1.0
9643.0	1.0
9650.0	1.0
9652.0	1.0
9655.0	1.0
9664.0	2.0
9671.0	1.0
9673.0	1.0
9678.0	1.0
9686.0	1.0
9689.0	1.0
9690.0	1.0
9694.0	1.0
9700.0	1.0
9702.0	1.0
9706.0	1.0
9713.0	1.0
9715.0	1.0
9717.0	2.0
9722.0	1.0
9726.0	1.0
9730.0	1.0
9733.0	1.0
9734.0	1.0
9737.0	1.0
9738.0	1.0
9744.0	1.0
9752.0	1.0
9757.0	1.0
9763.0	1.0
9768.0	1.0
9771.0	1.0
9774.0	1.0
9779.0	1.0
9787.0	1.0
9789.0	1.0
9790.0	1.0
9791.0	1.0
9794.0	1.0
9798.0	1.0
9800.0	1.0
9802.0	1.0
9804.0	1.0
9806.0	1.0
9813.0	1.0
9816.0	1.0
9817.0	1.0
9818.0	1.0
9819.0	2.0
9821.0	1.0
9824.0	1.0
9826.0	1.0
9837.0	2.0
9840.0	1.0
9841.0	2.0
9842.0	2.0
9845.0	1.0
9848.0	1.0
9849.0	1.0
9852.0	1.0
9854.0	1.0
9857.0	1.0
9863.0	1.0
9865.0	1.0
9866.0	1.0
9868.0	1.0
9869.0	1.0
9871.0	2.0
9872.0	1.0
9876.0	1.0
9877.0	1.0
9878.0	1.0
9881.0	1.0
9883.0	1.0
9885.0	2.0
9887.0	2.0
9889.0	1.0
9890.0	1.0
9893.0	1.0
9895.0	1.0
9896.0	1.0
9902.0	1.0
9903.0	1.0
9905.0	1.0
9906.0	1.0
9910.0	1.0
9912.0	1.0
9914.0	1.0
9916.0	1.0
9919.0	1.0
9923.0	1.0
9924.0	1.0
9925.0	1.0
9928.0	1.0
9929.0	1.0
9932.0	1.0
9934.0	1.0
9935.0	1.0
9941.0	1.0
9942.0	1.0
9946.0	1.0
9954.0	1.0
9955.0	1.0
9956.0	1.0
9959.0	1.0
9961.0	1.0
9964.0	1.0
9969.0	1.0
9970.0	1.0
9972.0	3.0
9973.0	1.0
9974.0	2.0
9983.0	1.0
9984.0	1.0
9985.0	1.0
9995.0	1.0
9996.0	1.0
10002.0	2.0
10005.0	1.0
10007.0	1.0
10016.0	1.0
10020.0	2.0
10023.0	1.0
10024.0	1.0
10042.0	1.0
10047.0	1.0
10048.0	1.0
10092.0	1.0
10113.0	1.0
10114.0	1.0
10131.0	1.0
10132.0	1.0
10135.0	1.0
10140.0	1.0
10158.0	1.0
10165.0	1.0
10166.0	1.0
10169.0	1.0
10175.0	1.0
10176.0	1.0
10180.0	2.0
10193.0	1.0
10195.0	3.0
10207.0	1.0
10213.0	1.0
10223.0	1.0
10226.0	1.0
10229.0	1.0
10244.0	1.0
10245.0	1.0
10253.0	1.0
10254.0	1.0
10258.0	1.0
10281.0	1.0
10282.0	1.0
10293.0	1.0
10313.0	1.0
10317.0	1.0
10318.0	1.0
10329.0	1.0
10336.0	1.0
10352.0	1.0
10356.0	1.0
10358.0	1.0
10369.0	1.0
10371.0	1.0
10377.0	2.0
10378.0	1.0
10384.0	1.0
10391.0	1.0
10399.0	1.0
10415.0	1.0
10417.0	2.0
10428.0	3.0
10435.0	1.0
10439.0	1.0
10442.0	1.0
10448.0	1.0
10451.0	1.0
10452.0	1.0
10455.0	2.0
10458.0	1.0
10460.0	1.0
10463.0	1.0
10465.0	1.0
10468.0	1.0
10469.0	1.0
10491.0	1.0
10493.0	2.0
10494.0	2.0
10495.0	1.0
10496.0	1.0
10502.0	1.0
10508.0	1.0
10531.0	1.0
10540.0	1.0
10558.0	1.0
10562.0	1.0
10563.0	1.0
10567.0	2.0
10570.0	1.0
10575.0	1.0
10581.0	1.0
10585.0	1.0
10593.0	1.0
10599.0	1.0
10600.0	1.0
10610.0	1.0
10612.0	1.0
10614.0	1.0
10621.0	1.0
10629.0	1.0
10644.0	1.0
10660.0	1.0
10668.0	1.0
10672.0	1.0
10675.0	1.0
10676.0	1.0
10683.0	1.0
10690.0	1.0
10698.0	1.0
10701.0	1.0
10707.0	1.0
10709.0	1.0
10719.0	1.0
10726.0	1.0
10729.0	1.0
10731.0	1.0
10744.0	1.0
10764.0	1.0
10766.0	1.0
10770.0	1.0
10773.0	1.0
10792.0	1.0
10796.0	1.0
10803.0	2.0
10808.0	1.0
10814.0	1.0
10819.0	1.0
10822.0	1.0
10825.0	1.0
10827.0	1.0
10833.0	1.0
10854.0	1.0
10861.0	1.0
10862.0	1.0
10863.0	1.0
10866.0	1.0
10870.0	1.0
10872.0	1.0
10879.0	1.0
10886.0	1.0
10888.0	1.0
10899.0	1.0
10904.0	1.0
10916.0	1.0
10922.0	1.0
10932.0	1.0
10933.0	1.0
10935.0	1.0
10957.0	1.0
10963.0	1.0
10966.0	1.0
10981.0	1.0
10982.0	1.0
10985.0	1.0
10989.0	1.0
10991.0	1.0
11002.0	1.0
11004.0	4.0
11007.0	1.0
11012.0	1.0
11017.0	2.0
11025.0	1.0
11032.0	1.0
11040.0	2.0
11041.0	1.0
11043.0	1.0
11044.0	1.0
11045.0	1.0
11047.0	1.0
11051.0	1.0
11052.0	2.0
11059.0	1.0
11061.0	2.0
11064.0	1.0
11065.0	1.0
11068.0	1.0
11073.0	1.0
11079.0	2.0
11082.0	1.0
11085.0	2.0
11086.0	1.0
11091.0	1.0
11103.0	1.0
11104.0	1.0
11113.0	1.0
11120.0	1.0
11124.0	1.0
11136.0	2.0
11137.0	1.0
11155.0	1.0
11167.0	2.0
11168.0	1.0
11173.0	1.0
11175.0	1.0
11177.0	1.0
11182.0	2.0
11183.0	2.0
11184.0	1.0
11189.0	1.0
11192.0	1.0
11202.0	1.0
11208.0	1.0
11228.0	1.0
11234.0	1.0
11235.0	1.0
11240.0	1.0
11248.0	1.0
11254.0	1.0
11258.0	1.0
11266.0	1.0
11269.0	1.0
11280.0	1.0
11284.0	1.0
11288.0	1.0
11294.0	1.0
11300.0	1.0
11307.0	1.0
11313.0	1.0
11319.0	1.0
11320.0	1.0
11327.0	1.0
11333.0	2.0
11347.0	1.0
11363.0	1.0
11364.0	1.0
11369.0	1.0
11370.0	2.0
11371.0	1.0
11382.0	1.0
11383.0	1.0
11384.0	1.0
11386.0	1.0
11390.0	1.0
11400.0	1.0
11406.0	1.0
11414.0	1.0
11416.0	1.0
11428.0	1.0
11429.0	1.0
11432.0	1.0
11434.0	1.0
11437.0	1.0
11440.0	1.0
11451.0	1.0
11454.0	1.0
11455.0	1.0
11460.0	1.0
11463.0	1.0
11474.0	1.0
11476.0	1.0
11479.0	1.0
11487.0	1.0
11492.0	2.0
11493.0	1.0
11494.0	1.0
11495.0	2.0
11496.0	1.0
11497.0	1.0
11498.0	1.0
11499.0	1.0
11500.0	2.0
11501.0	1.0
11502.0	2.0
11507.0	1.0
11508.0	1.0
11512.0	1.0
11515.0	1.0
11516.0	1.0
11518.0	1.0
11519.0	2.0
11521.0	1.0
11522.0	1.0
11527.0	1.0
11543.0	1.0
11549.0	1.0
11555.0	1.0
11562.0	1.0
11563.0	1.0
11577.0	1.0
11583.0	1.0
11606.0	1.0
11607.0	1.0
11610.0	1.0
11614.0	2.0
11622.0	1.0
11626.0	1.0
11633.0	1.0
11635.0	2.0
11645.0	2.0
11657.0	1.0
11658.0	1.0
11667.0	1.0
11669.0	1.0
11673.0	1.0
11674.0	1.0
11686.0	2.0
11691.0	1.0
11701.0	1.0
11713.0	1.0
11714.0	2.0
11715.0	1.0
11731.0	1.0
11750.0	1.0
11774.0	1.0
11784.0	1.0
11786.0	2.0
11795.0	1.0
11820.0	2.0
11832.0	1.0
11834.0	1.0
11839.0	1.0
11856.0	1.0
11864.0	1.0
11868.0	1.0
11878.0	2.0
11892.0	1.0
11899.0	1.0
11900.0	1.0
11904.0	1.0
11910.0	1.0
11916.0	1.0
11942.0	1.0
11955.0	1.0
11964.0	1.0
11966.0	2.0
11971.0	2.0
11975.0	1.0
11978.0	1.0
11981.0	1.0
11993.0	1.0
12005.0	1.0
12006.0	1.0
12014.0	1.0
12017.0	1.0
12021.0	1.0
12033.0	2.0
12041.0	1.0
12042.0	1.0
12044.0	1.0
12077.0	1.0
12099.0	1.0
12102.0	1.0
12106.0	1.0
12129.0	1.0
12162.0	1.0
12164.0	1.0
12188.0	1.0
12197.0	1.0
12198.0	1.0
12202.0	1.0
12230.0	1.0
12232.0	1.0
12250.0	1.0
12261.0	1.0
12269.0	1.0
12279.0	1.0
12298.0	1.0
12340.0	1.0
12345.0	1.0
12356.0	1.0
12382.0	1.0
12426.0	1.0
12430.0	1.0
12433.0	1.0
12440.0	1.0
12441.0	1.0
12447.0	1.0
12451.0	1.0
12466.0	1.0
12495.0	1.0
12502.0	1.0
12513.0	1.0
12516.0	2.0
12530.0	1.0
12559.0	1.0
12563.0	1.0
12590.0	1.0
12599.0	1.0
12611.0	1.0
12650.0	1.0
12661.0	1.0
12674.0	1.0
12692.0	1.0
12708.0	1.0
12713.0	1.0
12726.0	1.0
12741.0	1.0
12748.0	1.0
12769.0	1.0
12798.0	1.0
12864.0	1.0
12897.0	1.0
12908.0	1.0
12922.0	1.0
12930.0	1.0
12938.0	1.0
12947.0	1.0
12966.0	1.0
12990.0	1.0
12998.0	1.0
13006.0	1.0
13016.0	1.0
13024.0	2.0
13026.0	1.0
13032.0	1.0
13038.0	1.0
13045.0	1.0
13046.0	1.0
13054.0	1.0
13055.0	2.0
13058.0	1.0
13065.0	1.0
13066.0	1.0
13067.0	1.0
13069.0	1.0
13070.0	1.0
13073.0	1.0
13074.0	2.0
13075.0	1.0
13078.0	1.0
13080.0	1.0
13081.0	2.0
13082.0	2.0
13083.0	2.0
13097.0	1.0
13103.0	1.0
13116.0	2.0
13122.0	1.0
13137.0	1.0
13173.0	1.0
13223.0	1.0
13246.0	1.0
13259.0	1.0
13273.0	1.0
13279.0	1.0
13298.0	1.0
13318.0	1.0
13322.0	1.0
13337.0	1.0
13342.0	1.0
13349.0	1.0
13439.0	1.0
13443.0	1.0
13445.0	1.0
13449.0	1.0
13451.0	1.0
13457.0	1.0
13460.0	1.0
13470.0	1.0
13475.0	1.0
13477.0	1.0
13485.0	1.0
13491.0	1.0
13532.0	1.0
13560.0	1.0
13618.0	1.0
13620.0	1.0
13622.0	1.0
13643.0	1.0
13650.0	1.0
13682.0	1.0
13730.0	1.0
13784.0	1.0
13787.0	1.0
13792.0	1.0
13826.0	1.0
13827.0	1.0
13831.0	1.0
13843.0	2.0
13848.0	1.0
13853.0	1.0
13887.0	1.0
13894.0	1.0
13906.0	1.0
13908.0	1.0
13916.0	1.0
13927.0	1.0
13945.0	1.0
13951.0	1.0
13977.0	1.0
14024.0	1.0
14029.0	1.0
14031.0	1.0
14034.0	1.0
14082.0	1.0
14092.0	1.0
14150.0	1.0
14179.0	1.0
14192.0	1.0
14210.0	1.0
14211.0	1.0
14212.0	1.0
14223.0	1.0
14257.0	1.0
14272.0	1.0
14275.0	1.0
14281.0	1.0
14294.0	1.0
14306.0	1.0
14309.0	1.0
14312.0	1.0
14328.0	1.0
14334.0	1.0
14351.0	1.0
14360.0	1.0
14369.0	1.0
14372.0	1.0
14376.0	1.0
14380.0	1.0
14382.0	1.0
14391.0	1.0
14402.0	1.0
14414.0	1.0
14416.0	1.0
14441.0	1.0
14452.0	1.0
14455.0	1.0
14478.0	1.0
14488.0	1.0
14497.0	1.0
14503.0	1.0
14508.0	1.0
14512.0	1.0
14518.0	1.0
14526.0	1.0
14527.0	1.0
14530.0	1.0
14540.0	1.0
14547.0	1.0
14549.0	1.0
14557.0	2.0
14562.0	1.0
14570.0	1.0
14571.0	1.0
14584.0	1.0
14585.0	1.0
14588.0	1.0
14589.0	1.0
14593.0	1.0
14594.0	1.0
14599.0	1.0
14600.0	1.0
14601.0	1.0
14609.0	1.0
14610.0	1.0
14612.0	1.0
14619.0	1.0
14624.0	2.0
14625.0	1.0
14626.0	3.0
14627.0	1.0
14629.0	1.0
14631.0	1.0
14634.0	1.0
14651.0	1.0
14655.0	1.0
14658.0	1.0
14664.0	1.0
14668.0	1.0
14669.0	2.0
14670.0	1.0
14671.0	1.0
14672.0	1.0
14678.0	1.0
14679.0	1.0
14686.0	1.0
14690.0	1.0
14692.0	1.0
14693.0	1.0
14694.0	1.0
14696.0	1.0
14698.0	1.0
14699.0	1.0
14700.0	1.0
14701.0	1.0
14702.0	1.0
14706.0	1.0
14707.0	2.0
14708.0	1.0
14709.0	2.0
14710.0	1.0
14712.0	1.0
14713.0	1.0
14714.0	1.0
14723.0	1.0
14726.0	1.0
14733.0	1.0
14739.0	1.0
14746.0	1.0
14748.0	1.0
14755.0	1.0
14756.0	3.0
14760.0	1.0
14762.0	2.0
14765.0	1.0
14809.0	1.0
14832.0	1.0
14835.0	1.0
14848.0	1.0
14851.0	1.0
14867.0	1.0
14873.0	1.0
14904.0	1.0
14936.0	1.0
14947.0	1.0
14959.0	1.0
14969.0	1.0
15007.0	1.0
15086.0	1.0
15091.0	1.0
15108.0	1.0
15136.0	1.0
15170.0	1.0
15193.0	1.0
15215.0	1.0
15260.0	1.0
15264.0	1.0
15268.0	1.0
15335.0	1.0
15358.0	1.0
15460.0	1.0
15461.0	1.0
15476.0	1.0
15487.0	1.0
15536.0	1.0
15544.0	1.0
15586.0	1.0
15590.0	1.0
15596.0	1.0
15599.0	1.0
15621.0	1.0
15741.0	1.0
15755.0	1.0
15797.0	1.0
15837.0	1.0
15844.0	1.0
15855.0	1.0
15882.0	1.0
15888.0	1.0
15940.0	1.0
15967.0	1.0
16007.0	1.0
16013.0	1.0
16017.0	1.0
16019.0	1.0
16027.0	1.0
16064.0	1.0
16078.0	1.0
16084.0	1.0
16085.0	1.0
16101.0	1.0
16104.0	1.0
16108.0	1.0
16138.0	1.0
16170.0	1.0
16177.0	1.0
16217.0	1.0
16238.0	1.0
16248.0	1.0
16270.0	1.0
16277.0	1.0
16288.0	1.0
16308.0	1.0
16314.0	1.0
16367.0	1.0
16371.0	1.0
16439.0	1.0
16452.0	1.0
16486.0	1.0
16503.0	1.0
16515.0	1.0
16527.0	1.0
16531.0	1.0
16532.0	1.0
16533.0	1.0
16571.0	1.0
16606.0	1.0
16637.0	1.0
16648.0	1.0
16650.0	1.0
16747.0	1.0
16791.0	1.0
16806.0	1.0
16833.0	1.0
16837.0	1.0
16870.0	1.0
16905.0	1.0
16917.0	1.0
16925.0	1.0
16959.0	1.0
16965.0	1.0
17013.0	1.0
17015.0	1.0
17050.0	1.0
17058.0	1.0
17124.0	1.0
17149.0	1.0
17151.0	1.0
17169.0	1.0
17234.0	1.0
17247.0	1.0
17267.0	1.0
17279.0	1.0
17384.0	1.0
17407.0	1.0
17409.0	1.0
17440.0	1.0
17485.0	1.0
17505.0	1.0
17532.0	1.0
17535.0	1.0
17537.0	1.0
17541.0	1.0
17581.0	1.0
17593.0	1.0
17596.0	1.0
17619.0	1.0
17654.0	1.0
17700.0	1.0
17709.0	1.0
17717.0	1.0
17732.0	1.0
17751.0	1.0
17775.0	1.0
17804.0	1.0
17815.0	1.0
17827.0	1.0
17829.0	1.0
17867.0	2.0
17886.0	1.0
17888.0	1.0
17894.0	1.0
17910.0	1.0
17955.0	1.0
17999.0	1.0
18032.0	1.0
18037.0	1.0
18047.0	1.0
18059.0	1.0
18067.0	1.0
18085.0	1.0
18091.0	1.0
18132.0	1.0
18144.0	1.0
18145.0	1.0
18167.0	1.0
18243.0	1.0
18262.0	1.0
18308.0	1.0
18319.0	1.0
18359.0	1.0
18375.0	1.0
18381.0	1.0
18382.0	1.0
18394.0	1.0
18407.0	1.0
18432.0	1.0
18448.0	1.0
18457.0	1.0
18473.0	1.0
18483.0	1.0
18494.0	1.0
18535.0	1.0
18545.0	1.0
18570.0	1.0
18602.0	1.0
18606.0	1.0
18629.0	1.0
18633.0	1.0
18654.0	1.0
18708.0	1.0
18722.0	1.0
18725.0	1.0
18732.0	1.0
18748.0	1.0
18767.0	1.0
18782.0	1.0
18788.0	1.0
18833.0	1.0
18887.0	1.0
18899.0	1.0
18926.0	1.0
18967.0	1.0
18980.0	2.0
19001.0	1.0
19080.0	1.0
19098.0	1.0
19112.0	1.0
19120.0	1.0
19139.0	1.0
19161.0	1.0
19185.0	1.0
19188.0	1.0
19197.0	1.0
19221.0	1.0
19223.0	1.0
19244.0	1.0
19246.0	1.0
19256.0	1.0
19266.0	1.0
19281.0	1.0
19283.0	1.0
19295.0	1.0
19305.0	1.0
19338.0	1.0
19364.0	1.0
19371.0	1.0
19377.0	1.0
19418.0	1.0
19436.0	1.0
19450.0	1.0
19451.0	1.0
19459.0	1.0
19464.0	1.0
19474.0	1.0
19477.0	1.0
19481.0	1.0
19494.0	1.0
19517.0	1.0
19575.0	1.0
19595.0	1.0
19614.0	1.0
19634.0	1.0
19648.0	1.0
19658.0	1.0
19684.0	1.0
19699.0	1.0
19707.0	1.0
19737.0	1.0
19745.0	1.0
19774.0	1.0
19777.0	1.0
19787.0	1.0
19793.0	1.0
19802.0	1.0
19818.0	1.0
19826.0	1.0
19829.0	1.0
19831.0	1.0
19838.0	1.0
19839.0	1.0
19849.0	1.0
19850.0	1.0
19852.0	1.0
19858.0	1.0
19869.0	1.0
19870.0	1.0
19872.0	1.0
19882.0	1.0
19883.0	1.0
19899.0	1.0
19914.0	1.0
19933.0	1.0
19942.0	1.0
19948.0	1.0
19949.0	1.0
19983.0	1.0
19996.0	1.0
20002.0	1.0
20010.0	1.0
20033.0	1.0
20049.0	1.0
20074.0	1.0
20081.0	1.0
20119.0	1.0
20129.0	1.0
20167.0	1.0
20215.0	1.0
20220.0	1.0
20222.0	2.0
20223.0	1.0
20227.0	1.0
20228.0	2.0
20232.0	1.0
20234.0	1.0
20252.0	1.0
20255.0	1.0
20257.0	1.0
20258.0	1.0
20269.0	1.0
20277.0	1.0
20278.0	1.0
20288.0	1.0
20299.0	1.0
20314.0	1.0
20319.0	1.0
20329.0	1.0
20341.0	1.0
20364.0	1.0
20413.0	1.0
20451.0	1.0
20452.0	1.0
20457.0	1.0
20461.0	1.0
20486.0	1.0
20495.0	1.0
20509.0	1.0
20522.0	1.0
20534.0	1.0
20552.0	1.0
20566.0	1.0
20568.0	1.0
20572.0	1.0
20584.0	1.0
20599.0	1.0
20621.0	1.0
20632.0	1.0
20635.0	1.0
20641.0	1.0
20661.0	1.0
20669.0	1.0
20672.0	2.0
20686.0	2.0
20697.0	1.0
20719.0	1.0
20720.0	1.0
20728.0	1.0
20732.0	1.0
20743.0	1.0
20771.0	1.0
20787.0	1.0
20800.0	1.0
20815.0	1.0
20827.0	1.0
20851.0	1.0
20864.0	1.0
20910.0	2.0
20913.0	1.0
20932.0	1.0
20964.0	1.0
20970.0	1.0
20978.0	1.0
20982.0	1.0
20985.0	1.0
21018.0	1.0
21038.0	1.0
21048.0	1.0
21066.0	1.0
21096.0	1.0
21104.0	1.0
21140.0	1.0
21191.0	2.0
21193.0	1.0
21205.0	1.0
21216.0	1.0
21259.0	1.0
21266.0	1.0
21298.0	1.0
21302.0	1.0
21389.0	1.0
21403.0	1.0
21409.0	1.0
21414.0	1.0
21417.0	1.0
21461.0	1.0
21487.0	1.0
21503.0	1.0
21527.0	1.0
21627.0	1.0
21628.0	1.0
21640.0	1.0
21689.0	1.0
21690.0	1.0
21692.0	1.0
21708.0	1.0
21769.0	1.0
21771.0	1.0
21792.0	1.0
21799.0	1.0
21801.0	1.0
21848.0	1.0
21869.0	1.0
21873.0	1.0
21879.0	1.0
21923.0	1.0
21930.0	1.0
21943.0	1.0
22015.0	1.0
22040.0	1.0
22112.0	1.0
22114.0	1.0
22115.0	1.0
22123.0	1.0
22124.0	1.0
22134.0	1.0
22145.0	1.0
22209.0	1.0
22237.0	1.0
22255.0	1.0
22266.0	1.0
22279.0	1.0
22285.0	1.0
22292.0	1.0
22303.0	1.0
22344.0	1.0
22389.0	1.0
22403.0	1.0
22437.0	1.0
22440.0	1.0
22453.0	1.0
22498.0	1.0
22504.0	1.0
22539.0	1.0
22575.0	2.0
22600.0	1.0
22608.0	1.0
22618.0	1.0
22628.0	1.0
22654.0	1.0
22656.0	1.0
22705.0	1.0
22718.0	1.0
22736.0	1.0
22737.0	1.0
22747.0	1.0
22756.0	1.0
22765.0	1.0
22781.0	1.0
22786.0	1.0
22815.0	1.0
22821.0	1.0
22832.0	1.0
22845.0	1.0
22867.0	1.0
22875.0	1.0
22882.0	1.0
22895.0	1.0
22899.0	1.0
22918.0	1.0
22923.0	1.0
22931.0	1.0
22936.0	1.0
22950.0	1.0
22995.0	1.0
23053.0	1.0
23064.0	1.0
23065.0	1.0
23069.0	1.0
23084.0	1.0
23085.0	3.0
23088.0	1.0
23104.0	1.0
23124.0	1.0
23136.0	1.0
23148.0	2.0
23149.0	1.0
23152.0	1.0
23158.0	1.0
23211.0	1.0
23213.0	1.0
23216.0	1.0
23270.0	1.0
23297.0	1.0
23313.0	1.0
23328.0	1.0
23342.0	1.0
23366.0	1.0
23370.0	1.0
23377.0	1.0
23386.0	1.0
23397.0	1.0
23412.0	1.0
23429.0	1.0
23442.0	1.0
23470.0	1.0
23474.0	1.0
23587.0	1.0
23626.0	1.0
23648.0	1.0
23655.0	1.0
23739.0	1.0
23811.0	1.0
23830.0	1.0
23873.0	1.0
23877.0	1.0
23882.0	1.0
23904.0	1.0
23947.0	1.0
23948.0	1.0
23951.0	1.0
23953.0	1.0
23964.0	1.0
23983.0	1.0
23989.0	1.0
23996.0	1.0
24018.0	1.0
24043.0	1.0
24059.0	1.0
24083.0	1.0
24098.0	1.0
24121.0	1.0
24145.0	1.0
24152.0	1.0
24166.0	2.0
24172.0	1.0
24177.0	1.0
24184.0	1.0
24196.0	1.0
24198.0	1.0
24216.0	1.0
24244.0	1.0
24267.0	1.0
24290.0	1.0
24293.0	1.0
24301.0	1.0
24307.0	1.0
24351.0	1.0
24361.0	1.0
24368.0	1.0
24372.0	1.0
24393.0	1.0
24394.0	1.0
24398.0	1.0
24401.0	1.0
24420.0	1.0
24421.0	1.0
24508.0	1.0
24518.0	1.0
24534.0	1.0
24538.0	1.0
24543.0	1.0
24550.0	1.0
24575.0	1.0
24577.0	1.0
24589.0	1.0
24607.0	1.0
24622.0	1.0
24626.0	1.0
24642.0	1.0
24656.0	1.0
24678.0	1.0
24715.0	1.0
24718.0	1.0
24738.0	1.0
24758.0	1.0
24782.0	1.0
24796.0	1.0
24832.0	1.0
24834.0	1.0
24836.0	1.0
24846.0	1.0
24851.0	1.0
24860.0	1.0
24867.0	1.0
24870.0	1.0
24892.0	1.0
24924.0	1.0
24927.0	1.0
24944.0	1.0
24947.0	2.0
24977.0	1.0
24983.0	1.0
24990.0	1.0
25009.0	1.0
25021.0	1.0
25033.0	1.0
25053.0	1.0
25054.0	1.0
25060.0	1.0
25067.0	1.0
25089.0	1.0
25121.0	1.0
25129.0	1.0
25141.0	1.0
25149.0	1.0
25166.0	1.0
25172.0	1.0
25175.0	2.0
25200.0	1.0
25205.0	1.0
25216.0	1.0
25224.0	1.0
25235.0	1.0
25236.0	1.0
25244.0	2.0
25245.0	1.0
25250.0	1.0
25251.0	2.0
25252.0	1.0
25253.0	1.0
25256.0	2.0
25276.0	1.0
25281.0	1.0
25304.0	2.0
25310.0	1.0
25327.0	1.0
25332.0	1.0
25334.0	1.0
25335.0	1.0
25345.0	1.0
25355.0	1.0
25367.0	1.0
25371.0	1.0
25379.0	1.0
25383.0	1.0
25405.0	1.0
25411.0	1.0
25420.0	1.0
25422.0	1.0
25431.0	1.0
25436.0	1.0
25440.0	1.0
25445.0	1.0
25448.0	1.0
25449.0	1.0
25454.0	1.0
25455.0	2.0
25458.0	1.0
25459.0	1.0
25460.0	2.0
25461.0	1.0
25462.0	1.0
25465.0	1.0
25467.0	1.0
25475.0	1.0
25477.0	1.0
25478.0	1.0
25480.0	1.0
25497.0	1.0
25498.0	1.0
25517.0	1.0
25538.0	1.0
25540.0	1.0
25569.0	1.0
25591.0	1.0
25597.0	1.0
25605.0	1.0
25607.0	1.0
25631.0	1.0
25647.0	1.0
25663.0	1.0
25687.0	2.0
25689.0	1.0
25718.0	1.0
25723.0	1.0
25738.0	1.0
25747.0	1.0
25761.0	1.0
25766.0	1.0
25780.0	1.0
25791.0	1.0
25803.0	1.0
25806.0	1.0
25811.0	2.0
25813.0	1.0
25815.0	1.0
25817.0	1.0
25821.0	1.0
25854.0	1.0
25882.0	1.0
25951.0	1.0
25960.0	1.0
25975.0	1.0
26060.0	1.0
26064.0	1.0
26124.0	1.0
26139.0	1.0
26197.0	1.0
26204.0	1.0
26291.0	1.0
26315.0	1.0
26330.0	1.0
26333.0	1.0
26338.0	1.0
26433.0	1.0
26447.0	1.0
26572.0	1.0
26580.0	1.0
26608.0	1.0
26705.0	1.0
26713.0	1.0
26717.0	1.0
26757.0	1.0
26805.0	1.0
26840.0	1.0
26854.0	1.0
26906.0	1.0
26917.0	1.0
26957.0	1.0
26960.0	1.0
26971.0	1.0
27045.0	1.0
27064.0	1.0
27118.0	1.0
27135.0	1.0
27152.0	1.0
27197.0	1.0
27222.0	1.0
27239.0	1.0
27260.0	1.0
27269.0	1.0
27302.0	1.0
27372.0	1.0
27389.0	1.0
27434.0	1.0
27460.0	1.0
27491.0	1.0
27492.0	1.0
27526.0	1.0
27556.0	1.0
27570.0	1.0
27583.0	1.0
27587.0	1.0
27594.0	1.0
27617.0	1.0
27671.0	1.0
27712.0	1.0
27716.0	1.0
27721.0	1.0
27787.0	1.0
27801.0	1.0
27828.0	1.0
27952.0	1.0
27954.0	1.0
27970.0	1.0
27976.0	1.0
27977.0	1.0
28060.0	1.0
28098.0	1.0
28135.0	1.0
28154.0	1.0
28187.0	1.0
28207.0	1.0
28232.0	1.0
28288.0	2.0
28316.0	1.0
28350.0	1.0
28378.0	1.0
28387.0	1.0
28483.0	1.0
28485.0	1.0
28570.0	1.0
28576.0	1.0
28603.0	1.0
28613.0	1.0
28633.0	1.0
28689.0	1.0
28716.0	1.0
28724.0	1.0
28776.0	1.0
28788.0	1.0
28872.0	1.0
28905.0	1.0
28922.0	1.0
28956.0	1.0
29028.0	1.0
29029.0	1.0
29040.0	1.0
29049.0	1.0
29084.0	1.0
29189.0	1.0
29210.0	1.0
29227.0	1.0
29284.0	1.0
29292.0	1.0
29355.0	1.0
29357.0	1.0
29366.0	1.0
29384.0	1.0
29399.0	1.0
29447.0	1.0
29460.0	1.0
29465.0	1.0
29545.0	1.0
29587.0	1.0
29598.0	1.0
29612.0	1.0
29641.0	1.0
29644.0	1.0
29680.0	1.0
29687.0	1.0
29711.0	1.0
29718.0	1.0
29724.0	1.0
29726.0	1.0
29745.0	1.0
29753.0	1.0
29762.0	1.0
29784.0	1.0
29811.0	1.0
29824.0	1.0
29832.0	1.0
29882.0	2.0
29967.0	1.0
30018.0	1.0
30044.0	1.0
30050.0	1.0
30094.0	1.0
30100.0	1.0
30116.0	1.0
30117.0	1.0
30121.0	1.0
30151.0	1.0
30179.0	1.0
30223.0	1.0
30234.0	1.0
30238.0	1.0
30242.0	1.0
30255.0	1.0
30273.0	1.0
30291.0	1.0
30312.0	1.0
30342.0	1.0
30359.0	1.0
30369.0	1.0
30443.0	1.0
30448.0	1.0
30467.0	1.0
30481.0	1.0
30501.0	1.0
30513.0	1.0
30615.0	1.0
30625.0	1.0
30638.0	1.0
30682.0	1.0
30722.0	1.0
30732.0	1.0
30841.0	1.0
30860.0	1.0
30872.0	1.0
30895.0	1.0
30927.0	1.0
30971.0	1.0
30985.0	1.0
30986.0	1.0
31020.0	1.0
31061.0	1.0
31082.0	1.0
31151.0	1.0
31161.0	2.0
31177.0	1.0
31277.0	1.0
31286.0	1.0
31291.0	1.0
31297.0	1.0
31312.0	1.0
31314.0	1.0
31315.0	1.0
31317.0	1.0
31336.0	1.0
31425.0	1.0
31437.0	2.0
31441.0	1.0
31474.0	1.0
31527.0	1.0
31602.0	1.0
31654.0	1.0
31675.0	1.0
31677.0	1.0
31683.0	1.0
31716.0	1.0
31742.0	1.0
31807.0	1.0
31896.0	1.0
31903.0	1.0
31970.0	1.0
31979.0	1.0
32010.0	1.0
32066.0	1.0
32088.0	1.0
32170.0	1.0
32193.0	1.0
32213.0	1.0
32247.0	1.0
32272.0	1.0
32282.0	1.0
32355.0	1.0
32410.0	1.0
32417.0	1.0
32507.0	1.0
32559.0	1.0
32579.0	1.0
32597.0	1.0
32625.0	1.0
32636.0	1.0
32738.0	1.0
32753.0	1.0
32762.0	1.0
32843.0	1.0
32853.0	1.0
32927.0	1.0
32941.0	1.0
33004.0	1.0
33028.0	1.0
33080.0	1.0
33085.0	1.0
33150.0	1.0
33235.0	1.0
33253.0	1.0
33303.0	1.0
33327.0	1.0
33331.0	1.0
33431.0	1.0
33443.0	1.0
33552.0	1.0
33566.0	1.0
33572.0	1.0
33597.0	1.0
33684.0	1.0
33753.0	1.0
33766.0	1.0
33809.0	1.0
33889.0	1.0
33903.0	1.0
33976.0	1.0
33981.0	1.0
33982.0	1.0
34015.0	1.0
34023.0	1.0
34123.0	1.0
34127.0	1.0
34154.0	1.0
34160.0	1.0
34161.0	1.0
34218.0	1.0
34221.0	1.0
34251.0	1.0
34319.0	1.0
34323.0	1.0
34372.0	1.0
34378.0	1.0
34383.0	1.0
34396.0	1.0
34413.0	1.0
34435.0	1.0
34440.0	1.0
34447.0	1.0
34450.0	1.0
34455.0	1.0
34462.0	1.0
34465.0	1.0
34470.0	2.0
34476.0	1.0
34482.0	1.0
34533.0	1.0
34559.0	1.0
34597.0	1.0
34672.0	1.0
34724.0	1.0
34744.0	1.0
34753.0	1.0
34911.0	1.0
34942.0	1.0
34954.0	1.0
35030.0	1.0
35087.0	1.0
35141.0	1.0
35156.0	1.0
35168.0	1.0
35258.0	1.0
35278.0	1.0
35301.0	1.0
35380.0	1.0
35385.0	1.0
35419.0	1.0
35477.0	1.0
35524.0	1.0
35562.0	1.0
35629.0	1.0
35671.0	1.0
35701.0	1.0
35749.0	1.0
35816.0	1.0
35826.0	1.0
35830.0	1.0
35844.0	1.0
35859.0	1.0
35891.0	1.0
35914.0	1.0
35939.0	1.0
35955.0	1.0
36038.0	1.0
36112.0	1.0
36115.0	1.0
36168.0	1.0
36176.0	1.0
36258.0	1.0
36283.0	1.0
36324.0	1.0
36415.0	1.0
36416.0	1.0
36428.0	1.0
36498.0	1.0
36509.0	1.0
36555.0	1.0
36590.0	1.0
36593.0	1.0
36620.0	1.0
36632.0	1.0
36637.0	1.0
36647.0	1.0
36670.0	1.0
36684.0	1.0
36732.0	1.0
36853.0	1.0
36861.0	1.0
36918.0	1.0
36924.0	1.0
36999.0	1.0
37062.0	1.0
37076.0	1.0
37088.0	1.0
37123.0	1.0
37132.0	1.0
37240.0	1.0
37298.0	1.0
37443.0	1.0
37480.0	1.0
37560.0	1.0
37620.0	1.0
37697.0	1.0
37706.0	1.0
37789.0	1.0
37803.0	1.0
37812.0	1.0
37908.0	1.0
37912.0	1.0
37955.0	1.0
38032.0	1.0
38067.0	1.0
38090.0	1.0
38106.0	1.0
38195.0	1.0
38230.0	1.0
38288.0	1.0
38326.0	1.0
38357.0	2.0
38380.0	1.0
38419.0	1.0
38436.0	1.0
38480.0	1.0
38507.0	1.0
38533.0	1.0
38599.0	1.0
38673.0	1.0
38722.0	1.0
38730.0	1.0
38748.0	1.0
38768.0	1.0
38796.0	1.0
38839.0	1.0
38846.0	1.0
38855.0	1.0
38871.0	1.0
38970.0	1.0
39013.0	1.0
39036.0	1.0
39047.0	1.0
39093.0	2.0
39117.0	1.0
39128.0	1.0
39140.0	1.0
39148.0	1.0
39150.0	1.0
39161.0	1.0
39191.0	1.0
39198.0	1.0
39243.0	1.0
39377.0	1.0
39387.0	1.0
39422.0	1.0
39446.0	1.0
39513.0	1.0
39515.0	1.0
39520.0	1.0
39555.0	1.0
39566.0	1.0
39575.0	1.0
39602.0	1.0
39624.0	1.0
39659.0	1.0
39669.0	1.0
39676.0	1.0
39691.0	1.0
39737.0	1.0
39782.0	1.0
39836.0	1.0
39919.0	1.0
39991.0	1.0
39995.0	1.0
40051.0	1.0
40130.0	1.0
40165.0	1.0
40208.0	1.0
40223.0	1.0
40256.0	1.0
40309.0	1.0
40376.0	1.0
40428.0	1.0
40431.0	1.0
40532.0	1.0
40628.0	1.0
40634.0	1.0
40643.0	1.0
40666.0	1.0
40668.0	1.0
40686.0	1.0
40715.0	1.0
40752.0	1.0
40767.0	1.0
40770.0	1.0
40774.0	1.0
40782.0	1.0
40808.0	1.0
40841.0	1.0
40860.0	1.0
40863.0	1.0
40903.0	1.0
40912.0	1.0
40913.0	1.0
40917.0	1.0
40927.0	2.0
40928.0	1.0
41003.0	1.0
41042.0	1.0
41082.0	1.0
41118.0	1.0
41184.0	1.0
41250.0	1.0
41270.0	1.0
41329.0	1.0
41392.0	1.0
41416.0	1.0
41446.0	1.0
41456.0	1.0
41526.0	1.0
41530.0	1.0
41578.0	1.0
41616.0	1.0
41678.0	1.0
41681.0	1.0
41686.0	1.0
41720.0	1.0
41736.0	1.0
41755.0	2.0
41790.0	1.0
41803.0	1.0
41804.0	1.0
41824.0	1.0
41825.0	1.0
41855.0	1.0
41892.0	1.0
41905.0	1.0
41914.0	1.0
41936.0	1.0
41953.0	1.0
41963.0	1.0
41982.0	1.0
41984.0	1.0
41997.0	1.0
42014.0	1.0
42021.0	1.0
42026.0	1.0
42030.0	1.0
42039.0	1.0
42041.0	1.0
42104.0	1.0
42199.0	1.0
42232.0	1.0
42310.0	1.0
42322.0	1.0
42367.0	1.0
42434.0	1.0
42524.0	1.0
42555.0	1.0
42629.0	1.0
42683.0	1.0
42742.0	1.0
42800.0	1.0
42867.0	1.0
42914.0	1.0
42963.0	1.0
43045.0	1.0
43051.0	1.0
43095.0	1.0
43156.0	1.0
43196.0	1.0
43238.0	1.0
43258.0	1.0
43269.0	1.0
43278.0	1.0
43280.0	1.0
43287.0	1.0
43318.0	1.0
43326.0	1.0
43361.0	1.0
43391.0	1.0
43409.0	1.0
43412.0	1.0
43422.0	1.0
43424.0	1.0
43431.0	1.0
43459.0	1.0
43464.0	1.0
43733.0	1.0
43824.0	1.0
44058.0	1.0
44288.0	1.0
44442.0	1.0
44566.0	1.0
44659.0	1.0
44700.0	1.0
44702.0	1.0
44750.0	1.0
44797.0	1.0
44935.0	1.0
44974.0	1.0
45005.0	1.0
45023.0	1.0
45041.0	1.0
45049.0	1.0
45056.0	1.0
45063.0	1.0
45064.0	1.0
45065.0	1.0
45070.0	1.0
45071.0	1.0
45072.0	1.0
45075.0	1.0
45488.0	1.0
48792.0	1.0
51431.0	1.0
57005.0	1.0
64401.0	1.0
65175.0	1.0
66758.0	1.0
69896.0	1.0
73735.0	1.0
74863.0	1.0
77761.0	1.0
87612.0	1.0
94002.0	1.0
97239.0	1.0
102946.0	1.0
105669.0	1.0
108654.0	1.0
111210.0	1.0
113995.0	1.0
116923.0	1.0
119196.0	1.0
123119.0	1.0
129510.0	1.0
130851.0	1.0
133599.0	1.0
135733.0	1.0
136059.0	1.0
143742.0	1.0
146255.0	1.0
148523.0	1.0
149969.0	1.0
152998.0	1.0
156706.0	1.0
162160.0	1.0
166619.0	1.0
167921.0	1.0
170965.0	1.0
175591.0	1.0
182124.0	1.0
185589.0	1.0
186411.0	1.0
187461.0	1.0
192926.0	1.0
194948.0	1.0
201234.0	1.0
204032.0	1.0
207523.0	1.0
209574.0	1.0
210250.0	1.0
217275.0	1.0
222080.0	1.0
223104.0	1.0
226788.0	1.0
230085.0	1.0
232432.0	1.0
234023.0	1.0
238586.0	1.0
241304.0	1.0
245999.0	1.0
251173.0	1.0
256588.0	1.0
259260.0	1.0
261059.0	1.0
263852.0	1.0
266915.0	1.0
267692.0	1.0
271384.0	1.0
273386.0	1.0
275832.0	1.0
278642.0	1.0
280445.0	1.0
280453.0	1.0
282316.0	1.0
285724.0	1.0
289771.0	1.0
294271.0	1.0
298253.0	1.0
302900.0	1.0
303514.0	1.0
305610.0	1.0
307391.0	1.0
307993.0	1.0
308829.0	1.0
310197.0	1.0
311345.0	1.0
313377.0	1.0
313698.0	1.0
316875.0	1.0
318774.0	1.0
319896.0	1.0
321563.0	1.0
322653.0	1.0
324180.0	1.0
324217.0	1.0
325487.0	1.0
327229.0	1.0
327304.0	1.0
327725.0	1.0
327768.0	1.0
327857.0	1.0
327948.0	1.0
328208.0	1.0
329182.0	1.0
329754.0	1.0
330757.0	1.0
331825.0	1.0
332358.0	1.0
332693.0	1.0
332848.0	1.0
332900.0	1.0
332905.0	1.0
332959.0	1.0
332994.0	1.0
333550.0	1.0
333612.0	1.0
333866.0	1.0
334460.0	1.0
334989.0	1.0
336385.0	1.0
337660.0	1.0
338587.0	1.0
341435.0	1.0
342059.0	1.0
343450.0	1.0
348055.0	1.0
352068.0	1.0
354016.0	1.0
355425.0	1.0
356513.0	1.0
357709.0	1.0
358502.0	1.0
358864.0	1.0
359847.0	1.0
364487.0	1.0
365324.0	1.0
367345.0	1.0
367471.0	1.0
369374.0	1.0
370586.0	1.0
370633.0	1.0
371313.0	1.0
371689.0	1.0
371709.0	1.0
373658.0	1.0
373864.0	1.0
373893.0	1.0
373914.0	1.0
373932.0	1.0
374309.0	1.0
374488.0	1.0
374915.0	1.0
375100.0	1.0
375116.0	1.0
375628.0	1.0
375682.0	1.0
375826.0	1.0
376164.0	1.0
376201.0	1.0
376561.0	1.0
376869.0	1.0
