#Coverage	Number of genomic locations
0.0	7.9421918E7
1.0	6.7719741E7
2.0	7.6785787E7
3.0	7.8970108E7
4.0	7.9462704E7
5.0	7.8199219E7
6.0	7.5800907E7
7.0	7.2608838E7
8.0	6.8802323E7
9.0	6.4387645E7
10.0	5.9523113E7
11.0	5.4293634E7
12.0	4.8876534E7
13.0	4.3433408E7
14.0	3.8115278E7
15.0	3.3035354E7
16.0	2.8237961E7
17.0	2.3857413E7
18.0	1.9948261E7
19.0	1.6481123E7
20.0	1.3502691E7
21.0	1.094442E7
22.0	8798253.0
23.0	7036810.0
24.0	5575229.0
25.0	4397118.0
26.0	3459866.0
27.0	2728473.0
28.0	2149365.0
29.0	1689924.0
30.0	1340039.0
31.0	1069542.0
32.0	860609.0
33.0	695370.0
34.0	566716.0
35.0	466605.0
36.0	387843.0
37.0	329215.0
38.0	280679.0
39.0	242160.0
40.0	208771.0
41.0	183588.0
42.0	159894.0
43.0	143140.0
44.0	128726.0
45.0	117302.0
46.0	104609.0
47.0	96370.0
48.0	88680.0
49.0	81542.0
50.0	75562.0
51.0	69375.0
52.0	65256.0
53.0	60590.0
54.0	57453.0
55.0	54543.0
56.0	52423.0
57.0	49631.0
58.0	46903.0
59.0	44993.0
60.0	42001.0
61.0	40685.0
62.0	38689.0
63.0	37996.0
64.0	36345.0
65.0	34868.0
66.0	33854.0
67.0	32645.0
68.0	32134.0
69.0	30659.0
70.0	29778.0
71.0	27945.0
72.0	27171.0
73.0	26192.0
74.0	25451.0
75.0	24682.0
76.0	24015.0
77.0	23473.0
78.0	23072.0
79.0	22614.0
80.0	21363.0
81.0	20757.0
82.0	20271.0
83.0	19986.0
84.0	19066.0
85.0	18475.0
86.0	17905.0
87.0	17507.0
88.0	17347.0
89.0	17121.0
90.0	16255.0
91.0	15956.0
92.0	15269.0
93.0	15217.0
94.0	15062.0
95.0	14305.0
96.0	13884.0
97.0	13926.0
98.0	13244.0
99.0	13421.0
100.0	13071.0
101.0	12939.0
102.0	12766.0
103.0	12600.0
104.0	12090.0
105.0	11828.0
106.0	11520.0
107.0	11285.0
108.0	11065.0
109.0	11009.0
110.0	10629.0
111.0	10472.0
112.0	10360.0
113.0	10335.0
114.0	9918.0
115.0	9694.0
116.0	9411.0
117.0	9411.0
118.0	9310.0
119.0	9327.0
120.0	9058.0
121.0	8736.0
122.0	8569.0
123.0	8409.0
124.0	8393.0
125.0	8519.0
126.0	8341.0
127.0	7959.0
128.0	7910.0
129.0	7621.0
130.0	7520.0
131.0	7276.0
132.0	7220.0
133.0	7267.0
134.0	7125.0
135.0	7162.0
136.0	7068.0
137.0	6907.0
138.0	6731.0
139.0	6664.0
140.0	6455.0
141.0	6286.0
142.0	6348.0
143.0	6348.0
144.0	6192.0
145.0	6191.0
146.0	6179.0
147.0	6146.0
148.0	6027.0
149.0	5899.0
150.0	5748.0
151.0	5858.0
152.0	5741.0
153.0	5791.0
154.0	5657.0
155.0	5498.0
156.0	5422.0
157.0	5371.0
158.0	5324.0
159.0	5136.0
160.0	5117.0
161.0	5077.0
162.0	4977.0
163.0	5075.0
164.0	4984.0
165.0	4901.0
166.0	4917.0
167.0	4923.0
168.0	4874.0
169.0	4651.0
170.0	4717.0
171.0	4645.0
172.0	4571.0
173.0	4385.0
174.0	4384.0
175.0	4293.0
176.0	4349.0
177.0	4234.0
178.0	4164.0
179.0	4105.0
180.0	4136.0
181.0	4189.0
182.0	3965.0
183.0	3924.0
184.0	3831.0
185.0	3885.0
186.0	3840.0
187.0	3926.0
188.0	3687.0
189.0	3764.0
190.0	3717.0
191.0	3592.0
192.0	3503.0
193.0	3593.0
194.0	3593.0
195.0	3265.0
196.0	3479.0
197.0	3272.0
198.0	3353.0
199.0	3328.0
200.0	3276.0
201.0	3246.0
202.0	3211.0
203.0	3160.0
204.0	3052.0
205.0	3008.0
206.0	2870.0
207.0	2879.0
208.0	2814.0
209.0	2672.0
210.0	2735.0
211.0	2672.0
212.0	2599.0
213.0	2629.0
214.0	2617.0
215.0	2578.0
216.0	2594.0
217.0	2526.0
218.0	2439.0
219.0	2395.0
220.0	2416.0
221.0	2428.0
222.0	2358.0
223.0	2413.0
224.0	2288.0
225.0	2292.0
226.0	2274.0
227.0	2334.0
228.0	2148.0
229.0	2149.0
230.0	2157.0
231.0	2004.0
232.0	2006.0
233.0	2133.0
234.0	2065.0
235.0	2141.0
236.0	2042.0
237.0	1941.0
238.0	1994.0
239.0	1977.0
240.0	2003.0
241.0	1953.0
242.0	1945.0
243.0	2001.0
244.0	2024.0
245.0	1922.0
246.0	1848.0
247.0	1860.0
248.0	1900.0
249.0	1896.0
250.0	1889.0
251.0	1909.0
252.0	1801.0
253.0	1783.0
254.0	1787.0
255.0	1751.0
256.0	1773.0
257.0	1711.0
258.0	1811.0
259.0	1708.0
260.0	1715.0
261.0	1607.0
262.0	1666.0
263.0	1642.0
264.0	1605.0
265.0	1592.0
266.0	1544.0
267.0	1556.0
268.0	1579.0
269.0	1532.0
270.0	1581.0
271.0	1489.0
272.0	1474.0
273.0	1531.0
274.0	1518.0
275.0	1568.0
276.0	1502.0
277.0	1405.0
278.0	1365.0
279.0	1362.0
280.0	1352.0
281.0	1352.0
282.0	1391.0
283.0	1336.0
284.0	1333.0
285.0	1382.0
286.0	1402.0
287.0	1369.0
288.0	1331.0
289.0	1300.0
290.0	1281.0
291.0	1330.0
292.0	1315.0
293.0	1300.0
294.0	1302.0
295.0	1272.0
296.0	1361.0
297.0	1259.0
298.0	1301.0
299.0	1234.0
300.0	1341.0
301.0	1325.0
302.0	1247.0
303.0	1186.0
304.0	1244.0
305.0	1228.0
306.0	1251.0
307.0	1191.0
308.0	1172.0
309.0	1198.0
310.0	1236.0
311.0	1161.0
312.0	1126.0
313.0	1135.0
314.0	1157.0
315.0	1116.0
316.0	1097.0
317.0	993.0
318.0	1077.0
319.0	1005.0
320.0	1060.0
321.0	1005.0
322.0	1080.0
323.0	1045.0
324.0	1077.0
325.0	990.0
326.0	1042.0
327.0	1038.0
328.0	993.0
329.0	1000.0
330.0	1049.0
331.0	1013.0
332.0	994.0
333.0	1050.0
334.0	954.0
335.0	945.0
336.0	967.0
337.0	1007.0
338.0	962.0
339.0	1056.0
340.0	950.0
341.0	933.0
342.0	963.0
343.0	976.0
344.0	981.0
345.0	983.0
346.0	948.0
347.0	959.0
348.0	938.0
349.0	856.0
350.0	915.0
351.0	857.0
352.0	908.0
353.0	938.0
354.0	888.0
355.0	861.0
356.0	821.0
357.0	875.0
358.0	844.0
359.0	851.0
360.0	793.0
361.0	848.0
362.0	893.0
363.0	930.0
364.0	913.0
365.0	879.0
366.0	885.0
367.0	840.0
368.0	857.0
369.0	812.0
370.0	874.0
371.0	834.0
372.0	811.0
373.0	819.0
374.0	814.0
375.0	841.0
376.0	823.0
377.0	807.0
378.0	786.0
379.0	790.0
380.0	814.0
381.0	740.0
382.0	782.0
383.0	770.0
384.0	840.0
385.0	818.0
386.0	755.0
387.0	787.0
388.0	833.0
389.0	770.0
390.0	767.0
391.0	752.0
392.0	793.0
393.0	717.0
394.0	736.0
395.0	703.0
396.0	713.0
397.0	732.0
398.0	684.0
399.0	662.0
400.0	671.0
401.0	678.0
402.0	639.0
403.0	632.0
404.0	651.0
405.0	702.0
406.0	715.0
407.0	693.0
408.0	737.0
409.0	672.0
410.0	673.0
411.0	669.0
412.0	694.0
413.0	656.0
414.0	689.0
415.0	671.0
416.0	670.0
417.0	662.0
418.0	622.0
419.0	652.0
420.0	616.0
421.0	593.0
422.0	568.0
423.0	628.0
424.0	565.0
425.0	695.0
426.0	594.0
427.0	592.0
428.0	623.0
429.0	594.0
430.0	642.0
431.0	589.0
432.0	598.0
433.0	622.0
434.0	589.0
435.0	579.0
436.0	565.0
437.0	549.0
438.0	591.0
439.0	596.0
440.0	609.0
441.0	588.0
442.0	629.0
443.0	601.0
444.0	590.0
445.0	597.0
446.0	618.0
447.0	610.0
448.0	584.0
449.0	601.0
450.0	579.0
451.0	615.0
452.0	614.0
453.0	583.0
454.0	592.0
455.0	597.0
456.0	530.0
457.0	561.0
458.0	589.0
459.0	541.0
460.0	567.0
461.0	525.0
462.0	552.0
463.0	513.0
464.0	513.0
465.0	532.0
466.0	539.0
467.0	507.0
468.0	525.0
469.0	466.0
470.0	501.0
471.0	501.0
472.0	527.0
473.0	515.0
474.0	514.0
475.0	520.0
476.0	520.0
477.0	532.0
478.0	539.0
479.0	541.0
480.0	535.0
481.0	509.0
482.0	500.0
483.0	474.0
484.0	526.0
485.0	548.0
486.0	501.0
487.0	490.0
488.0	486.0
489.0	492.0
490.0	459.0
491.0	507.0
492.0	430.0
493.0	487.0
494.0	462.0
495.0	517.0
496.0	452.0
497.0	488.0
498.0	475.0
499.0	457.0
500.0	453.0
501.0	445.0
502.0	461.0
503.0	447.0
504.0	455.0
505.0	483.0
506.0	491.0
507.0	449.0
508.0	401.0
509.0	446.0
510.0	439.0
511.0	456.0
512.0	431.0
513.0	447.0
514.0	373.0
515.0	406.0
516.0	391.0
517.0	404.0
518.0	367.0
519.0	397.0
520.0	411.0
521.0	393.0
522.0	415.0
523.0	408.0
524.0	390.0
525.0	422.0
526.0	456.0
527.0	383.0
528.0	423.0
529.0	433.0
530.0	401.0
531.0	438.0
532.0	442.0
533.0	429.0
534.0	421.0
535.0	405.0
536.0	460.0
537.0	358.0
538.0	378.0
539.0	418.0
540.0	345.0
541.0	403.0
542.0	410.0
543.0	368.0
544.0	371.0
545.0	371.0
546.0	394.0
547.0	401.0
548.0	377.0
549.0	385.0
550.0	381.0
551.0	376.0
552.0	397.0
553.0	347.0
554.0	397.0
555.0	371.0
556.0	364.0
557.0	346.0
558.0	325.0
559.0	324.0
560.0	359.0
561.0	365.0
562.0	340.0
563.0	342.0
564.0	356.0
565.0	335.0
566.0	365.0
567.0	321.0
568.0	372.0
569.0	345.0
570.0	294.0
571.0	313.0
572.0	316.0
573.0	296.0
574.0	296.0
575.0	333.0
576.0	325.0
577.0	280.0
578.0	341.0
579.0	315.0
580.0	301.0
581.0	329.0
582.0	335.0
583.0	343.0
584.0	285.0
585.0	333.0
586.0	343.0
587.0	304.0
588.0	316.0
589.0	330.0
590.0	345.0
591.0	344.0
592.0	354.0
593.0	321.0
594.0	341.0
595.0	357.0
596.0	321.0
597.0	298.0
598.0	314.0
599.0	322.0
600.0	310.0
601.0	307.0
602.0	359.0
603.0	306.0
604.0	334.0
605.0	337.0
606.0	314.0
607.0	306.0
608.0	339.0
609.0	330.0
610.0	320.0
611.0	310.0
612.0	316.0
613.0	308.0
614.0	287.0
615.0	327.0
616.0	281.0
617.0	290.0
618.0	289.0
619.0	291.0
620.0	276.0
621.0	263.0
622.0	275.0
623.0	275.0
624.0	310.0
625.0	263.0
626.0	281.0
627.0	277.0
628.0	236.0
629.0	294.0
630.0	256.0
631.0	267.0
632.0	276.0
633.0	258.0
634.0	239.0
635.0	254.0
636.0	245.0
637.0	246.0
638.0	236.0
639.0	226.0
640.0	268.0
641.0	253.0
642.0	305.0
643.0	283.0
644.0	257.0
645.0	271.0
646.0	290.0
647.0	240.0
648.0	264.0
649.0	230.0
650.0	263.0
651.0	266.0
652.0	226.0
653.0	238.0
654.0	218.0
655.0	211.0
656.0	234.0
657.0	205.0
658.0	215.0
659.0	231.0
660.0	190.0
661.0	212.0
662.0	229.0
663.0	182.0
664.0	209.0
665.0	223.0
666.0	221.0
667.0	229.0
668.0	194.0
669.0	217.0
670.0	210.0
671.0	193.0
672.0	207.0
673.0	183.0
674.0	174.0
675.0	179.0
676.0	196.0
677.0	183.0
678.0	181.0
679.0	161.0
680.0	181.0
681.0	180.0
682.0	180.0
683.0	160.0
684.0	176.0
685.0	183.0
686.0	177.0
687.0	158.0
688.0	182.0
689.0	172.0
690.0	174.0
691.0	187.0
692.0	198.0
693.0	174.0
694.0	172.0
695.0	193.0
696.0	204.0
697.0	182.0
698.0	196.0
699.0	188.0
700.0	178.0
701.0	178.0
702.0	188.0
703.0	192.0
704.0	168.0
705.0	183.0
706.0	175.0
707.0	160.0
708.0	178.0
709.0	177.0
710.0	190.0
711.0	192.0
712.0	174.0
713.0	177.0
714.0	176.0
715.0	194.0
716.0	173.0
717.0	204.0
718.0	197.0
719.0	199.0
720.0	193.0
721.0	174.0
722.0	203.0
723.0	177.0
724.0	207.0
725.0	180.0
726.0	191.0
727.0	174.0
728.0	168.0
729.0	175.0
730.0	186.0
731.0	190.0
732.0	175.0
733.0	216.0
734.0	186.0
735.0	206.0
736.0	214.0
737.0	208.0
738.0	183.0
739.0	173.0
740.0	181.0
741.0	194.0
742.0	201.0
743.0	195.0
744.0	174.0
745.0	203.0
746.0	178.0
747.0	193.0
748.0	184.0
749.0	187.0
750.0	190.0
751.0	192.0
752.0	190.0
753.0	173.0
754.0	191.0
755.0	196.0
756.0	146.0
757.0	170.0
758.0	187.0
759.0	167.0
760.0	167.0
761.0	166.0
762.0	180.0
763.0	163.0
764.0	152.0
765.0	171.0
766.0	171.0
767.0	180.0
768.0	177.0
769.0	178.0
770.0	201.0
771.0	184.0
772.0	165.0
773.0	168.0
774.0	176.0
775.0	167.0
776.0	170.0
777.0	158.0
778.0	172.0
779.0	171.0
780.0	171.0
781.0	150.0
782.0	148.0
783.0	157.0
784.0	150.0
785.0	181.0
786.0	174.0
787.0	164.0
788.0	158.0
789.0	162.0
790.0	152.0
791.0	155.0
792.0	143.0
793.0	144.0
794.0	171.0
795.0	157.0
796.0	147.0
797.0	164.0
798.0	152.0
799.0	164.0
800.0	156.0
801.0	134.0
802.0	168.0
803.0	147.0
804.0	152.0
805.0	130.0
806.0	134.0
807.0	155.0
808.0	123.0
809.0	139.0
810.0	133.0
811.0	131.0
812.0	124.0
813.0	125.0
814.0	119.0
815.0	132.0
816.0	130.0
817.0	132.0
818.0	107.0
819.0	108.0
820.0	123.0
821.0	129.0
822.0	121.0
823.0	127.0
824.0	123.0
825.0	107.0
826.0	113.0
827.0	124.0
828.0	116.0
829.0	136.0
830.0	133.0
831.0	135.0
832.0	115.0
833.0	128.0
834.0	143.0
835.0	114.0
836.0	138.0
837.0	120.0
838.0	140.0
839.0	129.0
840.0	118.0
841.0	125.0
842.0	93.0
843.0	132.0
844.0	114.0
845.0	119.0
846.0	104.0
847.0	109.0
848.0	130.0
849.0	103.0
850.0	116.0
851.0	121.0
852.0	135.0
853.0	109.0
854.0	123.0
855.0	118.0
856.0	98.0
857.0	129.0
858.0	112.0
859.0	115.0
860.0	111.0
861.0	122.0
862.0	138.0
863.0	115.0
864.0	99.0
865.0	109.0
866.0	132.0
867.0	96.0
868.0	95.0
869.0	124.0
870.0	108.0
871.0	118.0
872.0	127.0
873.0	118.0
874.0	126.0
875.0	119.0
876.0	111.0
877.0	111.0
878.0	111.0
879.0	115.0
880.0	110.0
881.0	120.0
882.0	116.0
883.0	150.0
884.0	110.0
885.0	127.0
886.0	118.0
887.0	114.0
888.0	109.0
889.0	117.0
890.0	101.0
891.0	119.0
892.0	118.0
893.0	106.0
894.0	115.0
895.0	112.0
896.0	112.0
897.0	115.0
898.0	103.0
899.0	127.0
900.0	113.0
901.0	90.0
902.0	111.0
903.0	111.0
904.0	115.0
905.0	104.0
906.0	118.0
907.0	96.0
908.0	102.0
909.0	115.0
910.0	129.0
911.0	107.0
912.0	121.0
913.0	110.0
914.0	115.0
915.0	89.0
916.0	95.0
917.0	108.0
918.0	111.0
919.0	96.0
920.0	105.0
921.0	112.0
922.0	94.0
923.0	108.0
924.0	103.0
925.0	91.0
926.0	101.0
927.0	96.0
928.0	96.0
929.0	92.0
930.0	104.0
931.0	75.0
932.0	88.0
933.0	72.0
934.0	76.0
935.0	95.0
936.0	82.0
937.0	85.0
938.0	107.0
939.0	94.0
940.0	88.0
941.0	94.0
942.0	88.0
943.0	104.0
944.0	80.0
945.0	81.0
946.0	104.0
947.0	89.0
948.0	84.0
949.0	92.0
950.0	78.0
951.0	102.0
952.0	76.0
953.0	97.0
954.0	95.0
955.0	62.0
956.0	83.0
957.0	77.0
958.0	86.0
959.0	73.0
960.0	87.0
961.0	86.0
962.0	76.0
963.0	85.0
964.0	82.0
965.0	96.0
966.0	84.0
967.0	88.0
968.0	74.0
969.0	85.0
970.0	111.0
971.0	99.0
972.0	95.0
973.0	97.0
974.0	82.0
975.0	84.0
976.0	70.0
977.0	90.0
978.0	98.0
979.0	86.0
980.0	84.0
981.0	83.0
982.0	93.0
983.0	87.0
984.0	77.0
985.0	90.0
986.0	94.0
987.0	89.0
988.0	96.0
989.0	74.0
990.0	73.0
991.0	75.0
992.0	95.0
993.0	76.0
994.0	88.0
995.0	85.0
996.0	75.0
997.0	88.0
998.0	94.0
999.0	68.0
1000.0	75.0
1001.0	72.0
1002.0	78.0
1003.0	53.0
1004.0	82.0
1005.0	97.0
1006.0	88.0
1007.0	81.0
1008.0	82.0
1009.0	79.0
1010.0	78.0
1011.0	114.0
1012.0	65.0
1013.0	68.0
1014.0	93.0
1015.0	73.0
1016.0	82.0
1017.0	70.0
1018.0	68.0
1019.0	67.0
1020.0	75.0
1021.0	68.0
1022.0	71.0
1023.0	76.0
1024.0	57.0
1025.0	66.0
1026.0	64.0
1027.0	52.0
1028.0	91.0
1029.0	68.0
1030.0	65.0
1031.0	59.0
1032.0	75.0
1033.0	77.0
1034.0	74.0
1035.0	95.0
1036.0	72.0
1037.0	65.0
1038.0	66.0
1039.0	81.0
1040.0	85.0
1041.0	77.0
1042.0	84.0
1043.0	65.0
1044.0	76.0
1045.0	73.0
1046.0	72.0
1047.0	63.0
1048.0	66.0
1049.0	70.0
1050.0	77.0
1051.0	56.0
1052.0	78.0
1053.0	83.0
1054.0	52.0
1055.0	53.0
1056.0	72.0
1057.0	57.0
1058.0	78.0
1059.0	86.0
1060.0	87.0
1061.0	69.0
1062.0	78.0
1063.0	83.0
1064.0	70.0
1065.0	84.0
1066.0	60.0
1067.0	62.0
1068.0	67.0
1069.0	73.0
1070.0	79.0
1071.0	73.0
1072.0	95.0
1073.0	70.0
1074.0	91.0
1075.0	61.0
1076.0	71.0
1077.0	72.0
1078.0	70.0
1079.0	65.0
1080.0	72.0
1081.0	68.0
1082.0	75.0
1083.0	86.0
1084.0	79.0
1085.0	90.0
1086.0	92.0
1087.0	71.0
1088.0	66.0
1089.0	82.0
1090.0	75.0
1091.0	76.0
1092.0	105.0
1093.0	93.0
1094.0	78.0
1095.0	77.0
1096.0	90.0
1097.0	90.0
1098.0	93.0
1099.0	93.0
1100.0	90.0
1101.0	80.0
1102.0	97.0
1103.0	96.0
1104.0	79.0
1105.0	83.0
1106.0	84.0
1107.0	81.0
1108.0	68.0
1109.0	100.0
1110.0	78.0
1111.0	88.0
1112.0	79.0
1113.0	74.0
1114.0	73.0
1115.0	63.0
1116.0	67.0
1117.0	67.0
1118.0	65.0
1119.0	60.0
1120.0	58.0
1121.0	90.0
1122.0	54.0
1123.0	67.0
1124.0	66.0
1125.0	60.0
1126.0	51.0
1127.0	74.0
1128.0	65.0
1129.0	70.0
1130.0	64.0
1131.0	58.0
1132.0	57.0
1133.0	57.0
1134.0	52.0
1135.0	62.0
1136.0	60.0
1137.0	53.0
1138.0	69.0
1139.0	68.0
1140.0	66.0
1141.0	70.0
1142.0	65.0
1143.0	61.0
1144.0	64.0
1145.0	67.0
1146.0	69.0
1147.0	68.0
1148.0	60.0
1149.0	46.0
1150.0	74.0
1151.0	75.0
1152.0	64.0
1153.0	75.0
1154.0	72.0
1155.0	60.0
1156.0	81.0
1157.0	63.0
1158.0	71.0
1159.0	47.0
1160.0	67.0
1161.0	82.0
1162.0	71.0
1163.0	60.0
1164.0	72.0
1165.0	67.0
1166.0	66.0
1167.0	71.0
1168.0	61.0
1169.0	59.0
1170.0	70.0
1171.0	58.0
1172.0	68.0
1173.0	78.0
1174.0	55.0
1175.0	74.0
1176.0	69.0
1177.0	56.0
1178.0	65.0
1179.0	57.0
1180.0	59.0
1181.0	47.0
1182.0	55.0
1183.0	65.0
1184.0	64.0
1185.0	61.0
1186.0	63.0
1187.0	68.0
1188.0	69.0
1189.0	46.0
1190.0	71.0
1191.0	73.0
1192.0	66.0
1193.0	36.0
1194.0	65.0
1195.0	64.0
1196.0	57.0
1197.0	68.0
1198.0	64.0
1199.0	54.0
1200.0	54.0
1201.0	79.0
1202.0	63.0
1203.0	63.0
1204.0	78.0
1205.0	60.0
1206.0	64.0
1207.0	56.0
1208.0	52.0
1209.0	60.0
1210.0	62.0
1211.0	67.0
1212.0	64.0
1213.0	66.0
1214.0	59.0
1215.0	58.0
1216.0	59.0
1217.0	61.0
1218.0	66.0
1219.0	67.0
1220.0	57.0
1221.0	49.0
1222.0	64.0
1223.0	59.0
1224.0	67.0
1225.0	58.0
1226.0	59.0
1227.0	45.0
1228.0	56.0
1229.0	45.0
1230.0	40.0
1231.0	46.0
1232.0	46.0
1233.0	48.0
1234.0	41.0
1235.0	48.0
1236.0	59.0
1237.0	44.0
1238.0	44.0
1239.0	53.0
1240.0	42.0
1241.0	51.0
1242.0	60.0
1243.0	51.0
1244.0	46.0
1245.0	53.0
1246.0	54.0
1247.0	46.0
1248.0	63.0
1249.0	67.0
1250.0	55.0
1251.0	55.0
1252.0	50.0
1253.0	43.0
1254.0	41.0
1255.0	53.0
1256.0	47.0
1257.0	45.0
1258.0	44.0
1259.0	41.0
1260.0	36.0
1261.0	43.0
1262.0	69.0
1263.0	64.0
1264.0	49.0
1265.0	52.0
1266.0	64.0
1267.0	50.0
1268.0	57.0
1269.0	48.0
1270.0	50.0
1271.0	53.0
1272.0	45.0
1273.0	39.0
1274.0	51.0
1275.0	57.0
1276.0	57.0
1277.0	58.0
1278.0	45.0
1279.0	46.0
1280.0	43.0
1281.0	41.0
1282.0	49.0
1283.0	57.0
1284.0	54.0
1285.0	49.0
1286.0	58.0
1287.0	48.0
1288.0	36.0
1289.0	52.0
1290.0	50.0
1291.0	57.0
1292.0	51.0
1293.0	44.0
1294.0	48.0
1295.0	39.0
1296.0	47.0
1297.0	50.0
1298.0	45.0
1299.0	45.0
1300.0	32.0
1301.0	36.0
1302.0	39.0
1303.0	47.0
1304.0	41.0
1305.0	44.0
1306.0	51.0
1307.0	47.0
1308.0	42.0
1309.0	50.0
1310.0	36.0
1311.0	44.0
1312.0	47.0
1313.0	44.0
1314.0	49.0
1315.0	48.0
1316.0	40.0
1317.0	48.0
1318.0	41.0
1319.0	50.0
1320.0	37.0
1321.0	35.0
1322.0	41.0
1323.0	48.0
1324.0	38.0
1325.0	32.0
1326.0	39.0
1327.0	35.0
1328.0	60.0
1329.0	47.0
1330.0	45.0
1331.0	42.0
1332.0	62.0
1333.0	42.0
1334.0	41.0
1335.0	45.0
1336.0	53.0
1337.0	36.0
1338.0	43.0
1339.0	39.0
1340.0	45.0
1341.0	43.0
1342.0	40.0
1343.0	36.0
1344.0	43.0
1345.0	42.0
1346.0	37.0
1347.0	41.0
1348.0	40.0
1349.0	33.0
1350.0	31.0
1351.0	37.0
1352.0	32.0
1353.0	49.0
1354.0	46.0
1355.0	44.0
1356.0	43.0
1357.0	45.0
1358.0	46.0
1359.0	39.0
1360.0	35.0
1361.0	44.0
1362.0	43.0
1363.0	47.0
1364.0	44.0
1365.0	48.0
1366.0	36.0
1367.0	42.0
1368.0	62.0
1369.0	43.0
1370.0	42.0
1371.0	38.0
1372.0	38.0
1373.0	35.0
1374.0	50.0
1375.0	34.0
1376.0	44.0
1377.0	39.0
1378.0	37.0
1379.0	39.0
1380.0	41.0
1381.0	38.0
1382.0	53.0
1383.0	34.0
1384.0	41.0
1385.0	43.0
1386.0	48.0
1387.0	46.0
1388.0	46.0
1389.0	46.0
1390.0	44.0
1391.0	41.0
1392.0	47.0
1393.0	50.0
1394.0	48.0
1395.0	55.0
1396.0	38.0
1397.0	48.0
1398.0	43.0
1399.0	38.0
1400.0	51.0
1401.0	34.0
1402.0	38.0
1403.0	44.0
1404.0	28.0
1405.0	38.0
1406.0	44.0
1407.0	24.0
1408.0	45.0
1409.0	26.0
1410.0	49.0
1411.0	40.0
1412.0	47.0
1413.0	31.0
1414.0	38.0
1415.0	35.0
1416.0	40.0
1417.0	39.0
1418.0	34.0
1419.0	33.0
1420.0	55.0
1421.0	37.0
1422.0	35.0
1423.0	31.0
1424.0	25.0
1425.0	35.0
1426.0	26.0
1427.0	24.0
1428.0	37.0
1429.0	22.0
1430.0	54.0
1431.0	43.0
1432.0	35.0
1433.0	39.0
1434.0	29.0
1435.0	30.0
1436.0	34.0
1437.0	34.0
1438.0	35.0
1439.0	32.0
1440.0	42.0
1441.0	40.0
1442.0	27.0
1443.0	47.0
1444.0	36.0
1445.0	45.0
1446.0	32.0
1447.0	32.0
1448.0	34.0
1449.0	45.0
1450.0	27.0
1451.0	35.0
1452.0	41.0
1453.0	37.0
1454.0	34.0
1455.0	30.0
1456.0	38.0
1457.0	37.0
1458.0	36.0
1459.0	28.0
1460.0	33.0
1461.0	46.0
1462.0	32.0
1463.0	25.0
1464.0	31.0
1465.0	39.0
1466.0	35.0
1467.0	33.0
1468.0	32.0
1469.0	33.0
1470.0	35.0
1471.0	34.0
1472.0	47.0
1473.0	43.0
1474.0	32.0
1475.0	28.0
1476.0	35.0
1477.0	50.0
1478.0	33.0
1479.0	27.0
1480.0	36.0
1481.0	31.0
1482.0	39.0
1483.0	40.0
1484.0	40.0
1485.0	31.0
1486.0	39.0
1487.0	29.0
1488.0	36.0
1489.0	42.0
1490.0	36.0
1491.0	32.0
1492.0	40.0
1493.0	33.0
1494.0	40.0
1495.0	40.0
1496.0	37.0
1497.0	46.0
1498.0	36.0
1499.0	43.0
1500.0	26.0
1501.0	41.0
1502.0	47.0
1503.0	41.0
1504.0	34.0
1505.0	35.0
1506.0	29.0
1507.0	31.0
1508.0	41.0
1509.0	44.0
1510.0	32.0
1511.0	30.0
1512.0	42.0
1513.0	32.0
1514.0	32.0
1515.0	27.0
1516.0	35.0
1517.0	33.0
1518.0	39.0
1519.0	28.0
1520.0	39.0
1521.0	31.0
1522.0	42.0
1523.0	33.0
1524.0	44.0
1525.0	27.0
1526.0	37.0
1527.0	45.0
1528.0	36.0
1529.0	38.0
1530.0	39.0
1531.0	36.0
1532.0	40.0
1533.0	37.0
1534.0	24.0
1535.0	33.0
1536.0	27.0
1537.0	40.0
1538.0	40.0
1539.0	35.0
1540.0	36.0
1541.0	38.0
1542.0	24.0
1543.0	54.0
1544.0	35.0
1545.0	34.0
1546.0	57.0
1547.0	38.0
1548.0	34.0
1549.0	43.0
1550.0	39.0
1551.0	33.0
1552.0	40.0
1553.0	39.0
1554.0	42.0
1555.0	41.0
1556.0	33.0
1557.0	36.0
1558.0	41.0
1559.0	33.0
1560.0	34.0
1561.0	35.0
1562.0	37.0
1563.0	31.0
1564.0	33.0
1565.0	37.0
1566.0	28.0
1567.0	35.0
1568.0	35.0
1569.0	29.0
1570.0	31.0
1571.0	44.0
1572.0	32.0
1573.0	28.0
1574.0	46.0
1575.0	36.0
1576.0	30.0
1577.0	32.0
1578.0	31.0
1579.0	32.0
1580.0	34.0
1581.0	36.0
1582.0	41.0
1583.0	42.0
1584.0	30.0
1585.0	33.0
1586.0	39.0
1587.0	38.0
1588.0	40.0
1589.0	35.0
1590.0	33.0
1591.0	27.0
1592.0	34.0
1593.0	40.0
1594.0	30.0
1595.0	26.0
1596.0	25.0
1597.0	32.0
1598.0	26.0
1599.0	26.0
1600.0	31.0
1601.0	29.0
1602.0	33.0
1603.0	33.0
1604.0	32.0
1605.0	24.0
1606.0	22.0
1607.0	31.0
1608.0	34.0
1609.0	20.0
1610.0	19.0
1611.0	33.0
1612.0	27.0
1613.0	23.0
1614.0	22.0
1615.0	24.0
1616.0	30.0
1617.0	31.0
1618.0	23.0
1619.0	22.0
1620.0	18.0
1621.0	36.0
1622.0	26.0
1623.0	31.0
1624.0	18.0
1625.0	22.0
1626.0	19.0
1627.0	27.0
1628.0	25.0
1629.0	34.0
1630.0	21.0
1631.0	23.0
1632.0	30.0
1633.0	30.0
1634.0	20.0
1635.0	27.0
1636.0	23.0
1637.0	28.0
1638.0	29.0
1639.0	20.0
1640.0	19.0
1641.0	24.0
1642.0	29.0
1643.0	35.0
1644.0	20.0
1645.0	23.0
1646.0	28.0
1647.0	27.0
1648.0	23.0
1649.0	26.0
1650.0	28.0
1651.0	16.0
1652.0	26.0
1653.0	35.0
1654.0	20.0
1655.0	26.0
1656.0	30.0
1657.0	23.0
1658.0	31.0
1659.0	30.0
1660.0	24.0
1661.0	28.0
1662.0	22.0
1663.0	39.0
1664.0	25.0
1665.0	18.0
1666.0	24.0
1667.0	17.0
1668.0	29.0
1669.0	13.0
1670.0	24.0
1671.0	21.0
1672.0	20.0
1673.0	25.0
1674.0	30.0
1675.0	24.0
1676.0	38.0
1677.0	27.0
1678.0	27.0
1679.0	26.0
1680.0	18.0
1681.0	28.0
1682.0	19.0
1683.0	30.0
1684.0	21.0
1685.0	23.0
1686.0	34.0
1687.0	30.0
1688.0	33.0
1689.0	32.0
1690.0	30.0
1691.0	20.0
1692.0	27.0
1693.0	30.0
1694.0	23.0
1695.0	26.0
1696.0	31.0
1697.0	22.0
1698.0	23.0
1699.0	30.0
1700.0	30.0
1701.0	27.0
1702.0	19.0
1703.0	24.0
1704.0	21.0
1705.0	24.0
1706.0	27.0
1707.0	30.0
1708.0	24.0
1709.0	25.0
1710.0	26.0
1711.0	29.0
1712.0	22.0
1713.0	31.0
1714.0	37.0
1715.0	27.0
1716.0	35.0
1717.0	31.0
1718.0	31.0
1719.0	29.0
1720.0	42.0
1721.0	19.0
1722.0	19.0
1723.0	30.0
1724.0	29.0
1725.0	20.0
1726.0	38.0
1727.0	18.0
1728.0	32.0
1729.0	14.0
1730.0	36.0
1731.0	25.0
1732.0	34.0
1733.0	25.0
1734.0	36.0
1735.0	31.0
1736.0	29.0
1737.0	47.0
1738.0	19.0
1739.0	31.0
1740.0	29.0
1741.0	33.0
1742.0	23.0
1743.0	26.0
1744.0	25.0
1745.0	23.0
1746.0	27.0
1747.0	32.0
1748.0	25.0
1749.0	27.0
1750.0	25.0
1751.0	23.0
1752.0	23.0
1753.0	30.0
1754.0	32.0
1755.0	22.0
1756.0	21.0
1757.0	30.0
1758.0	20.0
1759.0	28.0
1760.0	30.0
1761.0	22.0
1762.0	33.0
1763.0	19.0
1764.0	28.0
1765.0	22.0
1766.0	36.0
1767.0	29.0
1768.0	31.0
1769.0	34.0
1770.0	28.0
1771.0	13.0
1772.0	32.0
1773.0	29.0
1774.0	25.0
1775.0	21.0
1776.0	22.0
1777.0	29.0
1778.0	28.0
1779.0	32.0
1780.0	21.0
1781.0	30.0
1782.0	25.0
1783.0	25.0
1784.0	27.0
1785.0	18.0
1786.0	35.0
1787.0	24.0
1788.0	22.0
1789.0	17.0
1790.0	21.0
1791.0	26.0
1792.0	25.0
1793.0	26.0
1794.0	24.0
1795.0	25.0
1796.0	21.0
1797.0	25.0
1798.0	23.0
1799.0	27.0
1800.0	28.0
1801.0	29.0
1802.0	26.0
1803.0	28.0
1804.0	23.0
1805.0	23.0
1806.0	28.0
1807.0	27.0
1808.0	27.0
1809.0	21.0
1810.0	21.0
1811.0	24.0
1812.0	21.0
1813.0	30.0
1814.0	30.0
1815.0	25.0
1816.0	22.0
1817.0	25.0
1818.0	23.0
1819.0	24.0
1820.0	15.0
1821.0	17.0
1822.0	15.0
1823.0	20.0
1824.0	26.0
1825.0	23.0
1826.0	28.0
1827.0	23.0
1828.0	21.0
1829.0	22.0
1830.0	22.0
1831.0	19.0
1832.0	11.0
1833.0	15.0
1834.0	24.0
1835.0	18.0
1836.0	21.0
1837.0	17.0
1838.0	21.0
1839.0	26.0
1840.0	14.0
1841.0	27.0
1842.0	20.0
1843.0	22.0
1844.0	19.0
1845.0	26.0
1846.0	13.0
1847.0	29.0
1848.0	25.0
1849.0	20.0
1850.0	28.0
1851.0	35.0
1852.0	31.0
1853.0	27.0
1854.0	32.0
1855.0	22.0
1856.0	22.0
1857.0	25.0
1858.0	24.0
1859.0	22.0
1860.0	27.0
1861.0	32.0
1862.0	19.0
1863.0	26.0
1864.0	33.0
1865.0	24.0
1866.0	21.0
1867.0	33.0
1868.0	27.0
1869.0	23.0
1870.0	23.0
1871.0	19.0
1872.0	21.0
1873.0	19.0
1874.0	22.0
1875.0	27.0
1876.0	22.0
1877.0	27.0
1878.0	24.0
1879.0	19.0
1880.0	20.0
1881.0	31.0
1882.0	16.0
1883.0	26.0
1884.0	30.0
1885.0	20.0
1886.0	28.0
1887.0	25.0
1888.0	31.0
1889.0	30.0
1890.0	30.0
1891.0	25.0
1892.0	17.0
1893.0	21.0
1894.0	23.0
1895.0	24.0
1896.0	26.0
1897.0	26.0
1898.0	32.0
1899.0	33.0
1900.0	17.0
1901.0	25.0
1902.0	26.0
1903.0	19.0
1904.0	20.0
1905.0	29.0
1906.0	29.0
1907.0	25.0
1908.0	24.0
1909.0	29.0
1910.0	29.0
1911.0	18.0
1912.0	26.0
1913.0	25.0
1914.0	25.0
1915.0	24.0
1916.0	27.0
1917.0	27.0
1918.0	34.0
1919.0	25.0
1920.0	16.0
1921.0	29.0
1922.0	25.0
1923.0	17.0
1924.0	28.0
1925.0	16.0
1926.0	21.0
1927.0	27.0
1928.0	26.0
1929.0	23.0
1930.0	29.0
1931.0	21.0
1932.0	29.0
1933.0	25.0
1934.0	28.0
1935.0	19.0
1936.0	18.0
1937.0	24.0
1938.0	19.0
1939.0	24.0
1940.0	25.0
1941.0	20.0
1942.0	19.0
1943.0	21.0
1944.0	20.0
1945.0	21.0
1946.0	16.0
1947.0	28.0
1948.0	16.0
1949.0	25.0
1950.0	21.0
1951.0	21.0
1952.0	14.0
1953.0	16.0
1954.0	24.0
1955.0	20.0
1956.0	21.0
1957.0	17.0
1958.0	25.0
1959.0	21.0
1960.0	22.0
1961.0	16.0
1962.0	16.0
1963.0	23.0
1964.0	23.0
1965.0	24.0
1966.0	18.0
1967.0	20.0
1968.0	11.0
1969.0	18.0
1970.0	23.0
1971.0	25.0
1972.0	18.0
1973.0	23.0
1974.0	19.0
1975.0	16.0
1976.0	21.0
1977.0	24.0
1978.0	26.0
1979.0	22.0
1980.0	15.0
1981.0	23.0
1982.0	15.0
1983.0	18.0
1984.0	25.0
1985.0	16.0
1986.0	26.0
1987.0	26.0
1988.0	20.0
1989.0	21.0
1990.0	23.0
1991.0	23.0
1992.0	17.0
1993.0	26.0
1994.0	20.0
1995.0	18.0
1996.0	21.0
1997.0	24.0
1998.0	24.0
1999.0	14.0
2000.0	13.0
2001.0	17.0
2002.0	17.0
2003.0	19.0
2004.0	18.0
2005.0	17.0
2006.0	19.0
2007.0	22.0
2008.0	16.0
2009.0	20.0
2010.0	16.0
2011.0	13.0
2012.0	26.0
2013.0	18.0
2014.0	15.0
2015.0	15.0
2016.0	17.0
2017.0	25.0
2018.0	16.0
2019.0	23.0
2020.0	14.0
2021.0	8.0
2022.0	13.0
2023.0	30.0
2024.0	17.0
2025.0	24.0
2026.0	19.0
2027.0	17.0
2028.0	12.0
2029.0	15.0
2030.0	12.0
2031.0	16.0
2032.0	15.0
2033.0	21.0
2034.0	27.0
2035.0	13.0
2036.0	27.0
2037.0	19.0
2038.0	15.0
2039.0	24.0
2040.0	22.0
2041.0	19.0
2042.0	13.0
2043.0	31.0
2044.0	20.0
2045.0	18.0
2046.0	15.0
2047.0	10.0
2048.0	21.0
2049.0	21.0
2050.0	26.0
2051.0	13.0
2052.0	18.0
2053.0	13.0
2054.0	15.0
2055.0	28.0
2056.0	27.0
2057.0	16.0
2058.0	10.0
2059.0	7.0
2060.0	20.0
2061.0	17.0
2062.0	19.0
2063.0	16.0
2064.0	19.0
2065.0	17.0
2066.0	11.0
2067.0	17.0
2068.0	12.0
2069.0	11.0
2070.0	20.0
2071.0	19.0
2072.0	18.0
2073.0	32.0
2074.0	22.0
2075.0	19.0
2076.0	14.0
2077.0	14.0
2078.0	13.0
2079.0	18.0
2080.0	23.0
2081.0	21.0
2082.0	20.0
2083.0	27.0
2084.0	15.0
2085.0	11.0
2086.0	16.0
2087.0	14.0
2088.0	12.0
2089.0	18.0
2090.0	18.0
2091.0	16.0
2092.0	14.0
2093.0	15.0
2094.0	22.0
2095.0	16.0
2096.0	21.0
2097.0	15.0
2098.0	19.0
2099.0	18.0
2100.0	19.0
2101.0	13.0
2102.0	19.0
2103.0	16.0
2104.0	10.0
2105.0	14.0
2106.0	20.0
2107.0	18.0
2108.0	15.0
2109.0	20.0
2110.0	18.0
2111.0	13.0
2112.0	14.0
2113.0	14.0
2114.0	19.0
2115.0	11.0
2116.0	16.0
2117.0	18.0
2118.0	16.0
2119.0	13.0
2120.0	12.0
2121.0	16.0
2122.0	16.0
2123.0	14.0
2124.0	13.0
2125.0	16.0
2126.0	18.0
2127.0	20.0
2128.0	16.0
2129.0	17.0
2130.0	12.0
2131.0	20.0
2132.0	10.0
2133.0	21.0
2134.0	18.0
2135.0	24.0
2136.0	11.0
2137.0	13.0
2138.0	14.0
2139.0	18.0
2140.0	14.0
2141.0	22.0
2142.0	20.0
2143.0	17.0
2144.0	30.0
2145.0	23.0
2146.0	15.0
2147.0	6.0
2148.0	15.0
2149.0	16.0
2150.0	15.0
2151.0	18.0
2152.0	17.0
2153.0	19.0
2154.0	18.0
2155.0	22.0
2156.0	17.0
2157.0	18.0
2158.0	20.0
2159.0	19.0
2160.0	11.0
2161.0	17.0
2162.0	14.0
2163.0	18.0
2164.0	16.0
2165.0	18.0
2166.0	18.0
2167.0	17.0
2168.0	13.0
2169.0	24.0
2170.0	15.0
2171.0	19.0
2172.0	19.0
2173.0	22.0
2174.0	28.0
2175.0	25.0
2176.0	31.0
2177.0	23.0
2178.0	17.0
2179.0	25.0
2180.0	17.0
2181.0	9.0
2182.0	15.0
2183.0	18.0
2184.0	13.0
2185.0	23.0
2186.0	18.0
2187.0	11.0
2188.0	4.0
2189.0	16.0
2190.0	13.0
2191.0	11.0
2192.0	14.0
2193.0	19.0
2194.0	16.0
2195.0	10.0
2196.0	14.0
2197.0	16.0
2198.0	12.0
2199.0	12.0
2200.0	10.0
2201.0	10.0
2202.0	20.0
2203.0	10.0
2204.0	9.0
2205.0	14.0
2206.0	16.0
2207.0	14.0
2208.0	9.0
2209.0	13.0
2210.0	18.0
2211.0	10.0
2212.0	14.0
2213.0	19.0
2214.0	13.0
2215.0	9.0
2216.0	16.0
2217.0	15.0
2218.0	19.0
2219.0	14.0
2220.0	11.0
2221.0	14.0
2222.0	9.0
2223.0	9.0
2224.0	11.0
2225.0	11.0
2226.0	17.0
2227.0	10.0
2228.0	12.0
2229.0	12.0
2230.0	11.0
2231.0	18.0
2232.0	8.0
2233.0	22.0
2234.0	20.0
2235.0	8.0
2236.0	7.0
2237.0	15.0
2238.0	14.0
2239.0	14.0
2240.0	18.0
2241.0	14.0
2242.0	18.0
2243.0	16.0
2244.0	12.0
2245.0	12.0
2246.0	13.0
2247.0	15.0
2248.0	12.0
2249.0	7.0
2250.0	13.0
2251.0	11.0
2252.0	16.0
2253.0	10.0
2254.0	9.0
2255.0	17.0
2256.0	13.0
2257.0	21.0
2258.0	14.0
2259.0	16.0
2260.0	11.0
2261.0	7.0
2262.0	14.0
2263.0	16.0
2264.0	10.0
2265.0	12.0
2266.0	11.0
2267.0	21.0
2268.0	10.0
2269.0	18.0
2270.0	15.0
2271.0	9.0
2272.0	8.0
2273.0	18.0
2274.0	11.0
2275.0	10.0
2276.0	16.0
2277.0	13.0
2278.0	15.0
2279.0	15.0
2280.0	17.0
2281.0	16.0
2282.0	13.0
2283.0	11.0
2284.0	18.0
2285.0	18.0
2286.0	8.0
2287.0	12.0
2288.0	11.0
2289.0	14.0
2290.0	9.0
2291.0	14.0
2292.0	11.0
2293.0	11.0
2294.0	15.0
2295.0	14.0
2296.0	9.0
2297.0	9.0
2298.0	11.0
2299.0	9.0
2300.0	9.0
2301.0	14.0
2302.0	4.0
2303.0	9.0
2304.0	6.0
2305.0	8.0
2306.0	9.0
2307.0	16.0
2308.0	24.0
2309.0	10.0
2310.0	18.0
2311.0	14.0
2312.0	8.0
2313.0	14.0
2314.0	9.0
2315.0	17.0
2316.0	17.0
2317.0	17.0
2318.0	15.0
2319.0	10.0
2320.0	11.0
2321.0	13.0
2322.0	13.0
2323.0	15.0
2324.0	11.0
2325.0	15.0
2326.0	14.0
2327.0	10.0
2328.0	7.0
2329.0	8.0
2330.0	13.0
2331.0	13.0
2332.0	23.0
2333.0	8.0
2334.0	11.0
2335.0	10.0
2336.0	18.0
2337.0	13.0
2338.0	10.0
2339.0	14.0
2340.0	12.0
2341.0	12.0
2342.0	9.0
2343.0	14.0
2344.0	13.0
2345.0	16.0
2346.0	10.0
2347.0	18.0
2348.0	9.0
2349.0	9.0
2350.0	10.0
2351.0	15.0
2352.0	18.0
2353.0	10.0
2354.0	14.0
2355.0	11.0
2356.0	10.0
2357.0	13.0
2358.0	9.0
2359.0	12.0
2360.0	16.0
2361.0	10.0
2362.0	15.0
2363.0	11.0
2364.0	12.0
2365.0	8.0
2366.0	8.0
2367.0	10.0
2368.0	7.0
2369.0	8.0
2370.0	17.0
2371.0	12.0
2372.0	10.0
2373.0	13.0
2374.0	7.0
2375.0	13.0
2376.0	6.0
2377.0	13.0
2378.0	11.0
2379.0	13.0
2380.0	9.0
2381.0	13.0
2382.0	13.0
2383.0	15.0
2384.0	15.0
2385.0	10.0
2386.0	7.0
2387.0	9.0
2388.0	13.0
2389.0	10.0
2390.0	9.0
2391.0	6.0
2392.0	11.0
2393.0	14.0
2394.0	16.0
2395.0	13.0
2396.0	12.0
2397.0	12.0
2398.0	16.0
2399.0	20.0
2400.0	13.0
2401.0	16.0
2402.0	17.0
2403.0	12.0
2404.0	8.0
2405.0	11.0
2406.0	15.0
2407.0	11.0
2408.0	12.0
2409.0	11.0
2410.0	18.0
2411.0	12.0
2412.0	12.0
2413.0	11.0
2414.0	10.0
2415.0	12.0
2416.0	13.0
2417.0	4.0
2418.0	11.0
2419.0	14.0
2420.0	15.0
2421.0	6.0
2422.0	12.0
2423.0	11.0
2424.0	7.0
2425.0	18.0
2426.0	12.0
2427.0	21.0
2428.0	9.0
2429.0	8.0
2430.0	20.0
2431.0	13.0
2432.0	14.0
2433.0	11.0
2434.0	19.0
2435.0	11.0
2436.0	9.0
2437.0	14.0
2438.0	10.0
2439.0	13.0
2440.0	8.0
2441.0	14.0
2442.0	17.0
2443.0	17.0
2444.0	10.0
2445.0	9.0
2446.0	15.0
2447.0	10.0
2448.0	16.0
2449.0	16.0
2450.0	13.0
2451.0	9.0
2452.0	19.0
2453.0	12.0
2454.0	18.0
2455.0	14.0
2456.0	16.0
2457.0	23.0
2458.0	11.0
2459.0	9.0
2460.0	15.0
2461.0	14.0
2462.0	11.0
2463.0	8.0
2464.0	9.0
2465.0	12.0
2466.0	9.0
2467.0	11.0
2468.0	15.0
2469.0	17.0
2470.0	4.0
2471.0	6.0
2472.0	15.0
2473.0	5.0
2474.0	14.0
2475.0	18.0
2476.0	8.0
2477.0	13.0
2478.0	10.0
2479.0	11.0
2480.0	10.0
2481.0	7.0
2482.0	11.0
2483.0	17.0
2484.0	10.0
2485.0	13.0
2486.0	8.0
2487.0	9.0
2488.0	17.0
2489.0	8.0
2490.0	9.0
2491.0	9.0
2492.0	7.0
2493.0	6.0
2494.0	11.0
2495.0	10.0
2496.0	5.0
2497.0	7.0
2498.0	8.0
2499.0	13.0
2500.0	7.0
2501.0	10.0
2502.0	10.0
2503.0	14.0
2504.0	9.0
2505.0	7.0
2506.0	8.0
2507.0	13.0
2508.0	4.0
2509.0	11.0
2510.0	7.0
2511.0	12.0
2512.0	6.0
2513.0	13.0
2514.0	7.0
2515.0	9.0
2516.0	8.0
2517.0	14.0
2518.0	7.0
2519.0	13.0
2520.0	13.0
2521.0	13.0
2522.0	14.0
2523.0	6.0
2524.0	7.0
2525.0	6.0
2526.0	11.0
2527.0	15.0
2528.0	8.0
2529.0	7.0
2530.0	10.0
2531.0	7.0
2532.0	11.0
2533.0	15.0
2534.0	10.0
2535.0	9.0
2536.0	9.0
2537.0	11.0
2538.0	11.0
2539.0	12.0
2540.0	5.0
2541.0	12.0
2542.0	13.0
2543.0	10.0
2544.0	8.0
2545.0	9.0
2546.0	8.0
2547.0	8.0
2548.0	2.0
2549.0	4.0
2550.0	11.0
2551.0	11.0
2552.0	13.0
2553.0	9.0
2554.0	12.0
2555.0	6.0
2556.0	6.0
2557.0	7.0
2558.0	9.0
2559.0	11.0
2560.0	6.0
2561.0	15.0
2562.0	15.0
2563.0	15.0
2564.0	9.0
2565.0	9.0
2566.0	8.0
2567.0	8.0
2568.0	12.0
2569.0	17.0
2570.0	15.0
2571.0	8.0
2572.0	11.0
2573.0	12.0
2574.0	12.0
2575.0	11.0
2576.0	6.0
2577.0	11.0
2578.0	5.0
2579.0	14.0
2580.0	7.0
2581.0	8.0
2582.0	9.0
2583.0	14.0
2584.0	9.0
2585.0	7.0
2586.0	9.0
2587.0	6.0
2588.0	9.0
2589.0	7.0
2590.0	6.0
2591.0	10.0
2592.0	17.0
2593.0	8.0
2594.0	7.0
2595.0	14.0
2596.0	9.0
2597.0	10.0
2598.0	6.0
2599.0	18.0
2600.0	9.0
2601.0	12.0
2602.0	8.0
2603.0	11.0
2604.0	9.0
2605.0	8.0
2606.0	5.0
2607.0	7.0
2608.0	9.0
2609.0	6.0
2610.0	5.0
2611.0	12.0
2612.0	8.0
2613.0	9.0
2614.0	8.0
2615.0	8.0
2616.0	15.0
2617.0	11.0
2618.0	13.0
2619.0	13.0
2620.0	10.0
2621.0	4.0
2622.0	11.0
2623.0	4.0
2624.0	11.0
2625.0	10.0
2626.0	10.0
2627.0	10.0
2628.0	10.0
2629.0	12.0
2630.0	10.0
2631.0	11.0
2632.0	5.0
2633.0	7.0
2634.0	6.0
2635.0	5.0
2636.0	10.0
2637.0	9.0
2638.0	11.0
2639.0	9.0
2640.0	9.0
2641.0	7.0
2642.0	6.0
2643.0	9.0
2644.0	10.0
2645.0	13.0
2646.0	10.0
2647.0	9.0
2648.0	4.0
2649.0	12.0
2650.0	9.0
2651.0	9.0
2652.0	10.0
2653.0	6.0
2654.0	9.0
2655.0	13.0
2656.0	6.0
2657.0	9.0
2658.0	9.0
2659.0	7.0
2660.0	8.0
2661.0	13.0
2662.0	6.0
2663.0	10.0
2664.0	7.0
2665.0	9.0
2666.0	14.0
2667.0	8.0
2668.0	17.0
2669.0	11.0
2670.0	8.0
2671.0	8.0
2672.0	8.0
2673.0	6.0
2674.0	8.0
2675.0	10.0
2676.0	6.0
2677.0	5.0
2678.0	6.0
2679.0	9.0
2680.0	8.0
2681.0	13.0
2682.0	6.0
2683.0	10.0
2684.0	9.0
2685.0	15.0
2686.0	10.0
2687.0	6.0
2688.0	12.0
2689.0	14.0
2690.0	7.0
2691.0	7.0
2692.0	3.0
2693.0	11.0
2694.0	5.0
2695.0	7.0
2696.0	11.0
2697.0	8.0
2698.0	4.0
2699.0	13.0
2700.0	3.0
2701.0	13.0
2702.0	6.0
2703.0	13.0
2704.0	5.0
2705.0	3.0
2706.0	10.0
2707.0	9.0
2708.0	6.0
2709.0	10.0
2710.0	11.0
2711.0	4.0
2712.0	8.0
2713.0	1.0
2714.0	10.0
2715.0	4.0
2716.0	14.0
2717.0	5.0
2718.0	11.0
2719.0	8.0
2720.0	4.0
2721.0	11.0
2722.0	4.0
2723.0	8.0
2724.0	19.0
2725.0	9.0
2726.0	9.0
2727.0	6.0
2728.0	8.0
2729.0	12.0
2730.0	8.0
2731.0	8.0
2732.0	7.0
2733.0	8.0
2734.0	6.0
2735.0	9.0
2736.0	7.0
2737.0	5.0
2738.0	7.0
2739.0	9.0
2740.0	11.0
2741.0	10.0
2742.0	7.0
2743.0	14.0
2744.0	8.0
2745.0	6.0
2746.0	11.0
2747.0	9.0
2748.0	8.0
2749.0	7.0
2750.0	11.0
2751.0	7.0
2752.0	7.0
2753.0	14.0
2754.0	9.0
2755.0	9.0
2756.0	7.0
2757.0	6.0
2758.0	7.0
2759.0	7.0
2760.0	9.0
2761.0	5.0
2762.0	11.0
2763.0	6.0
2764.0	6.0
2765.0	6.0
2766.0	10.0
2767.0	6.0
2768.0	12.0
2769.0	9.0
2770.0	9.0
2771.0	11.0
2772.0	5.0
2773.0	3.0
2774.0	2.0
2775.0	9.0
2776.0	12.0
2777.0	8.0
2778.0	8.0
2779.0	6.0
2780.0	9.0
2781.0	14.0
2782.0	9.0
2783.0	5.0
2784.0	9.0
2785.0	5.0
2786.0	6.0
2787.0	9.0
2788.0	9.0
2789.0	10.0
2790.0	14.0
2791.0	4.0
2792.0	15.0
2793.0	8.0
2794.0	8.0
2795.0	8.0
2796.0	6.0
2797.0	10.0
2798.0	6.0
2799.0	17.0
2800.0	9.0
2801.0	6.0
2802.0	11.0
2803.0	9.0
2804.0	8.0
2805.0	11.0
2806.0	15.0
2807.0	15.0
2808.0	11.0
2809.0	12.0
2810.0	4.0
2811.0	13.0
2812.0	11.0
2813.0	11.0
2814.0	6.0
2815.0	8.0
2816.0	9.0
2817.0	5.0
2818.0	13.0
2819.0	6.0
2820.0	9.0
2821.0	9.0
2822.0	11.0
2823.0	9.0
2824.0	12.0
2825.0	10.0
2826.0	8.0
2827.0	11.0
2828.0	15.0
2829.0	9.0
2830.0	9.0
2831.0	7.0
2832.0	3.0
2833.0	11.0
2834.0	5.0
2835.0	7.0
2836.0	15.0
2837.0	11.0
2838.0	9.0
2839.0	13.0
2840.0	7.0
2841.0	10.0
2842.0	7.0
2843.0	12.0
2844.0	6.0
2845.0	9.0
2846.0	7.0
2847.0	9.0
2848.0	11.0
2849.0	4.0
2850.0	17.0
2851.0	10.0
2852.0	11.0
2853.0	12.0
2854.0	17.0
2855.0	15.0
2856.0	9.0
2857.0	5.0
2858.0	6.0
2859.0	14.0
2860.0	17.0
2861.0	11.0
2862.0	4.0
2863.0	6.0
2864.0	11.0
2865.0	7.0
2866.0	13.0
2867.0	7.0
2868.0	15.0
2869.0	9.0
2870.0	6.0
2871.0	7.0
2872.0	10.0
2873.0	11.0
2874.0	8.0
2875.0	9.0
2876.0	7.0
2877.0	13.0
2878.0	10.0
2879.0	14.0
2880.0	12.0
2881.0	18.0
2882.0	8.0
2883.0	10.0
2884.0	11.0
2885.0	11.0
2886.0	11.0
2887.0	15.0
2888.0	8.0
2889.0	7.0
2890.0	12.0
2891.0	9.0
2892.0	10.0
2893.0	9.0
2894.0	17.0
2895.0	6.0
2896.0	16.0
2897.0	7.0
2898.0	15.0
2899.0	9.0
2900.0	4.0
2901.0	13.0
2902.0	16.0
2903.0	10.0
2904.0	8.0
2905.0	6.0
2906.0	9.0
2907.0	12.0
2908.0	11.0
2909.0	10.0
2910.0	5.0
2911.0	7.0
2912.0	6.0
2913.0	6.0
2914.0	11.0
2915.0	8.0
2916.0	11.0
2917.0	10.0
2918.0	9.0
2919.0	9.0
2920.0	11.0
2921.0	13.0
2922.0	8.0
2923.0	5.0
2924.0	6.0
2925.0	6.0
2926.0	10.0
2927.0	13.0
2928.0	7.0
2929.0	6.0
2930.0	9.0
2931.0	16.0
2932.0	10.0
2933.0	14.0
2934.0	8.0
2935.0	15.0
2936.0	10.0
2937.0	6.0
2938.0	9.0
2939.0	12.0
2940.0	9.0
2941.0	9.0
2942.0	10.0
2943.0	7.0
2944.0	14.0
2945.0	4.0
2946.0	12.0
2947.0	10.0
2948.0	12.0
2949.0	8.0
2950.0	14.0
2951.0	10.0
2952.0	8.0
2953.0	8.0
2954.0	9.0
2955.0	15.0
2956.0	9.0
2957.0	9.0
2958.0	5.0
2959.0	14.0
2960.0	10.0
2961.0	5.0
2962.0	8.0
2963.0	8.0
2964.0	11.0
2965.0	14.0
2966.0	11.0
2967.0	10.0
2968.0	8.0
2969.0	9.0
2970.0	10.0
2971.0	14.0
2972.0	9.0
2973.0	14.0
2974.0	14.0
2975.0	25.0
2976.0	7.0
2977.0	9.0
2978.0	10.0
2979.0	10.0
2980.0	9.0
2981.0	7.0
2982.0	12.0
2983.0	13.0
2984.0	10.0
2985.0	12.0
2986.0	9.0
2987.0	7.0
2988.0	11.0
2989.0	9.0
2990.0	12.0
2991.0	13.0
2992.0	10.0
2993.0	6.0
2994.0	8.0
2995.0	8.0
2996.0	13.0
2997.0	11.0
2998.0	13.0
2999.0	6.0
3000.0	11.0
3001.0	4.0
3002.0	12.0
3003.0	14.0
3004.0	7.0
3005.0	4.0
3006.0	10.0
3007.0	6.0
3008.0	7.0
3009.0	15.0
3010.0	7.0
3011.0	12.0
3012.0	13.0
3013.0	9.0
3014.0	5.0
3015.0	4.0
3016.0	7.0
3017.0	16.0
3018.0	8.0
3019.0	8.0
3020.0	8.0
3021.0	12.0
3022.0	17.0
3023.0	12.0
3024.0	15.0
3025.0	19.0
3026.0	7.0
3027.0	13.0
3028.0	18.0
3029.0	8.0
3030.0	14.0
3031.0	9.0
3032.0	6.0
3033.0	10.0
3034.0	14.0
3035.0	7.0
3036.0	12.0
3037.0	9.0
3038.0	8.0
3039.0	10.0
3040.0	8.0
3041.0	11.0
3042.0	12.0
3043.0	11.0
3044.0	11.0
3045.0	10.0
3046.0	16.0
3047.0	13.0
3048.0	10.0
3049.0	13.0
3050.0	13.0
3051.0	9.0
3052.0	11.0
3053.0	14.0
3054.0	7.0
3055.0	9.0
3056.0	8.0
3057.0	6.0
3058.0	8.0
3059.0	10.0
3060.0	7.0
3061.0	11.0
3062.0	4.0
3063.0	13.0
3064.0	6.0
3065.0	10.0
3066.0	10.0
3067.0	9.0
3068.0	14.0
3069.0	17.0
3070.0	10.0
3071.0	8.0
3072.0	13.0
3073.0	14.0
3074.0	6.0
3075.0	9.0
3076.0	13.0
3077.0	7.0
3078.0	9.0
3079.0	18.0
3080.0	5.0
3081.0	10.0
3082.0	14.0
3083.0	13.0
3084.0	7.0
3085.0	8.0
3086.0	14.0
3087.0	12.0
3088.0	6.0
3089.0	5.0
3090.0	9.0
3091.0	9.0
3092.0	9.0
3093.0	12.0
3094.0	5.0
3095.0	10.0
3096.0	16.0
3097.0	16.0
3098.0	13.0
3099.0	7.0
3100.0	9.0
3101.0	9.0
3102.0	6.0
3103.0	7.0
3104.0	6.0
3105.0	11.0
3106.0	7.0
3107.0	10.0
3108.0	8.0
3109.0	7.0
3110.0	8.0
3111.0	5.0
3112.0	8.0
3113.0	11.0
3114.0	10.0
3115.0	9.0
3116.0	5.0
3117.0	12.0
3118.0	8.0
3119.0	5.0
3120.0	11.0
3121.0	11.0
3122.0	6.0
3123.0	5.0
3124.0	8.0
3125.0	10.0
3126.0	8.0
3127.0	10.0
3128.0	5.0
3129.0	11.0
3130.0	7.0
3131.0	7.0
3132.0	9.0
3133.0	7.0
3134.0	8.0
3135.0	10.0
3136.0	13.0
3137.0	6.0
3138.0	11.0
3139.0	8.0
3140.0	9.0
3141.0	6.0
3142.0	8.0
3143.0	5.0
3144.0	7.0
3145.0	7.0
3146.0	10.0
3147.0	14.0
3148.0	10.0
3149.0	6.0
3150.0	3.0
3151.0	10.0
3152.0	13.0
3153.0	5.0
3154.0	10.0
3155.0	9.0
3156.0	4.0
3157.0	3.0
3158.0	2.0
3159.0	8.0
3160.0	3.0
3161.0	10.0
3162.0	9.0
3163.0	8.0
3164.0	8.0
3165.0	5.0
3166.0	12.0
3167.0	4.0
3168.0	8.0
3169.0	10.0
3170.0	4.0
3171.0	10.0
3172.0	7.0
3173.0	10.0
3174.0	8.0
3175.0	6.0
3176.0	11.0
3177.0	3.0
3178.0	1.0
3179.0	4.0
3180.0	7.0
3181.0	9.0
3182.0	6.0
3183.0	7.0
3184.0	3.0
3185.0	7.0
3186.0	7.0
3187.0	10.0
3188.0	11.0
3189.0	6.0
3190.0	5.0
3191.0	7.0
3192.0	7.0
3193.0	5.0
3194.0	12.0
3195.0	6.0
3196.0	8.0
3197.0	6.0
3198.0	4.0
3199.0	4.0
3200.0	5.0
3201.0	8.0
3202.0	7.0
3203.0	15.0
3204.0	6.0
3205.0	8.0
3206.0	11.0
3207.0	11.0
3208.0	7.0
3209.0	8.0
3210.0	2.0
3211.0	9.0
3212.0	6.0
3213.0	7.0
3214.0	7.0
3215.0	8.0
3216.0	5.0
3217.0	11.0
3218.0	11.0
3219.0	7.0
3220.0	12.0
3221.0	9.0
3222.0	9.0
3223.0	2.0
3224.0	11.0
3225.0	9.0
3226.0	11.0
3227.0	10.0
3228.0	15.0
3229.0	8.0
3230.0	11.0
3231.0	9.0
3232.0	3.0
3233.0	8.0
3234.0	13.0
3235.0	9.0
3236.0	5.0
3237.0	10.0
3238.0	8.0
3239.0	6.0
3240.0	10.0
3241.0	12.0
3242.0	4.0
3243.0	9.0
3244.0	6.0
3245.0	9.0
3246.0	6.0
3247.0	12.0
3248.0	9.0
3249.0	8.0
3250.0	6.0
3251.0	4.0
3252.0	13.0
3253.0	6.0
3254.0	8.0
3255.0	12.0
3256.0	13.0
3257.0	11.0
3258.0	7.0
3259.0	7.0
3260.0	4.0
3261.0	5.0
3262.0	6.0
3263.0	9.0
3264.0	10.0
3265.0	7.0
3266.0	11.0
3267.0	10.0
3268.0	12.0
3269.0	7.0
3270.0	3.0
3271.0	10.0
3272.0	6.0
3273.0	10.0
3274.0	10.0
3275.0	13.0
3276.0	3.0
3277.0	5.0
3278.0	8.0
3279.0	8.0
3280.0	6.0
3281.0	7.0
3282.0	12.0
3283.0	16.0
3284.0	9.0
3285.0	7.0
3286.0	8.0
3287.0	7.0
3288.0	11.0
3289.0	6.0
3290.0	9.0
3291.0	10.0
3292.0	7.0
3293.0	10.0
3294.0	12.0
3295.0	10.0
3296.0	8.0
3297.0	8.0
3298.0	8.0
3299.0	16.0
3300.0	12.0
3301.0	6.0
3302.0	9.0
3303.0	9.0
3304.0	14.0
3305.0	7.0
3306.0	15.0
3307.0	6.0
3308.0	4.0
3309.0	12.0
3310.0	10.0
3311.0	7.0
3312.0	7.0
3313.0	5.0
3314.0	6.0
3315.0	10.0
3316.0	8.0
3317.0	9.0
3318.0	3.0
3319.0	7.0
3320.0	5.0
3321.0	7.0
3322.0	5.0
3323.0	5.0
3324.0	5.0
3325.0	5.0
3326.0	9.0
3327.0	7.0
3328.0	11.0
3329.0	10.0
3330.0	3.0
3331.0	10.0
3332.0	8.0
3333.0	8.0
3334.0	10.0
3335.0	10.0
3336.0	15.0
3337.0	12.0
3338.0	6.0
3339.0	6.0
3340.0	14.0
3341.0	7.0
3342.0	11.0
3343.0	8.0
3344.0	7.0
3345.0	8.0
3346.0	8.0
3347.0	11.0
3348.0	6.0
3349.0	9.0
3350.0	11.0
3351.0	9.0
3352.0	11.0
3353.0	11.0
3354.0	10.0
3355.0	6.0
3356.0	8.0
3357.0	6.0
3358.0	10.0
3359.0	9.0
3360.0	9.0
3361.0	9.0
3362.0	15.0
3363.0	10.0
3364.0	7.0
3365.0	4.0
3366.0	7.0
3367.0	9.0
3368.0	15.0
3369.0	10.0
3370.0	6.0
3371.0	8.0
3372.0	7.0
3373.0	6.0
3374.0	8.0
3375.0	5.0
3376.0	8.0
3377.0	9.0
3378.0	9.0
3379.0	5.0
3380.0	4.0
3381.0	7.0
3382.0	10.0
3383.0	9.0
3384.0	6.0
3385.0	9.0
3386.0	6.0
3387.0	14.0
3388.0	9.0
3389.0	5.0
3390.0	11.0
3391.0	6.0
3392.0	8.0
3393.0	9.0
3394.0	4.0
3395.0	5.0
3396.0	7.0
3397.0	4.0
3398.0	2.0
3399.0	7.0
3400.0	3.0
3401.0	2.0
3402.0	5.0
3403.0	9.0
3404.0	6.0
3405.0	9.0
3406.0	4.0
3407.0	6.0
3408.0	1.0
3409.0	8.0
3410.0	2.0
3411.0	11.0
3412.0	2.0
3413.0	3.0
3414.0	5.0
3415.0	7.0
3416.0	10.0
3417.0	7.0
3418.0	3.0
3419.0	5.0
3420.0	5.0
3421.0	5.0
3422.0	5.0
3423.0	7.0
3424.0	8.0
3425.0	3.0
3426.0	5.0
3427.0	7.0
3428.0	11.0
3429.0	3.0
3430.0	5.0
3431.0	7.0
3432.0	8.0
3433.0	8.0
3434.0	10.0
3435.0	5.0
3436.0	3.0
3437.0	4.0
3438.0	4.0
3439.0	5.0
3440.0	4.0
3441.0	9.0
3442.0	10.0
3443.0	6.0
3444.0	8.0
3445.0	5.0
3446.0	6.0
3447.0	8.0
3448.0	10.0
3449.0	6.0
3450.0	6.0
3451.0	6.0
3452.0	2.0
3453.0	2.0
3454.0	2.0
3455.0	10.0
3456.0	12.0
3457.0	7.0
3458.0	8.0
3459.0	4.0
3460.0	6.0
3461.0	9.0
3462.0	5.0
3463.0	6.0
3464.0	8.0
3465.0	4.0
3466.0	8.0
3467.0	7.0
3468.0	11.0
3469.0	10.0
3470.0	6.0
3471.0	2.0
3472.0	8.0
3473.0	6.0
3474.0	10.0
3475.0	9.0
3476.0	9.0
3477.0	3.0
3478.0	8.0
3479.0	8.0
3480.0	5.0
3481.0	7.0
3482.0	16.0
3483.0	4.0
3484.0	7.0
3485.0	13.0
3486.0	9.0
3487.0	15.0
3488.0	9.0
3489.0	13.0
3490.0	4.0
3491.0	9.0
3492.0	7.0
3493.0	6.0
3494.0	11.0
3495.0	9.0
3496.0	5.0
3497.0	7.0
3498.0	3.0
3499.0	7.0
3500.0	7.0
3501.0	6.0
3502.0	9.0
3503.0	3.0
3504.0	9.0
3505.0	6.0
3506.0	6.0
3507.0	3.0
3508.0	9.0
3509.0	5.0
3510.0	5.0
3511.0	5.0
3512.0	9.0
3513.0	6.0
3514.0	4.0
3515.0	5.0
3516.0	5.0
3517.0	12.0
3518.0	2.0
3519.0	4.0
3520.0	3.0
3521.0	3.0
3522.0	7.0
3523.0	5.0
3524.0	6.0
3525.0	6.0
3526.0	2.0
3527.0	8.0
3528.0	5.0
3529.0	2.0
3530.0	2.0
3531.0	4.0
3532.0	6.0
3533.0	5.0
3534.0	6.0
3535.0	9.0
3536.0	5.0
3537.0	10.0
3538.0	7.0
3539.0	5.0
3540.0	5.0
3541.0	5.0
3542.0	6.0
3543.0	5.0
3544.0	4.0
3545.0	1.0
3546.0	9.0
3547.0	5.0
3548.0	7.0
3549.0	3.0
3550.0	4.0
3551.0	5.0
3552.0	2.0
3553.0	6.0
3554.0	8.0
3555.0	13.0
3556.0	6.0
3557.0	9.0
3558.0	4.0
3559.0	3.0
3560.0	5.0
3561.0	5.0
3562.0	5.0
3563.0	8.0
3564.0	7.0
3565.0	7.0
3566.0	7.0
3567.0	6.0
3568.0	3.0
3569.0	5.0
3570.0	3.0
3571.0	11.0
3572.0	5.0
3573.0	11.0
3574.0	4.0
3575.0	5.0
3576.0	8.0
3577.0	8.0
3578.0	9.0
3579.0	4.0
3580.0	3.0
3581.0	3.0
3582.0	6.0
3583.0	6.0
3584.0	10.0
3585.0	5.0
3586.0	6.0
3587.0	5.0
3588.0	1.0
3589.0	5.0
3590.0	4.0
3591.0	4.0
3592.0	10.0
3593.0	3.0
3594.0	12.0
3595.0	17.0
3596.0	5.0
3597.0	8.0
3598.0	5.0
3599.0	4.0
3600.0	4.0
3601.0	8.0
3602.0	8.0
3603.0	9.0
3604.0	9.0
3605.0	7.0
3606.0	6.0
3607.0	10.0
3608.0	10.0
3609.0	8.0
3610.0	10.0
3611.0	6.0
3612.0	9.0
3613.0	11.0
3614.0	10.0
3615.0	8.0
3616.0	15.0
3617.0	8.0
3618.0	9.0
3619.0	7.0
3620.0	3.0
3621.0	5.0
3622.0	7.0
3623.0	10.0
3624.0	10.0
3625.0	7.0
3626.0	8.0
3627.0	14.0
3628.0	8.0
3629.0	9.0
3630.0	11.0
3631.0	13.0
3632.0	9.0
3633.0	10.0
3634.0	9.0
3635.0	7.0
3636.0	6.0
3637.0	7.0
3638.0	9.0
3639.0	6.0
3640.0	8.0
3641.0	8.0
3642.0	9.0
3643.0	7.0
3644.0	5.0
3645.0	7.0
3646.0	8.0
3647.0	11.0
3648.0	9.0
3649.0	12.0
3650.0	7.0
3651.0	14.0
3652.0	2.0
3653.0	4.0
3654.0	6.0
3655.0	8.0
3656.0	6.0
3657.0	7.0
3658.0	11.0
3659.0	4.0
3660.0	6.0
3661.0	7.0
3662.0	6.0
3663.0	6.0
3664.0	11.0
3665.0	7.0
3666.0	6.0
3667.0	5.0
3668.0	6.0
3669.0	9.0
3670.0	12.0
3671.0	5.0
3672.0	9.0
3673.0	5.0
3674.0	4.0
3675.0	7.0
3676.0	5.0
3677.0	5.0
3678.0	5.0
3679.0	3.0
3680.0	2.0
3681.0	4.0
3682.0	6.0
3683.0	9.0
3684.0	4.0
3685.0	5.0
3686.0	9.0
3687.0	5.0
3688.0	6.0
3689.0	3.0
3690.0	11.0
3691.0	6.0
3692.0	2.0
3693.0	6.0
3694.0	3.0
3695.0	9.0
3696.0	4.0
3697.0	6.0
3698.0	5.0
3699.0	8.0
3700.0	7.0
3701.0	1.0
3702.0	6.0
3703.0	6.0
3704.0	2.0
3705.0	2.0
3706.0	5.0
3707.0	6.0
3708.0	6.0
3709.0	2.0
3710.0	5.0
3711.0	5.0
3712.0	6.0
3713.0	7.0
3714.0	5.0
3715.0	6.0
3716.0	1.0
3717.0	7.0
3718.0	4.0
3719.0	4.0
3720.0	2.0
3721.0	3.0
3722.0	1.0
3723.0	2.0
3724.0	4.0
3725.0	3.0
3726.0	4.0
3727.0	6.0
3728.0	7.0
3729.0	6.0
3731.0	6.0
3732.0	1.0
3733.0	5.0
3734.0	1.0
3735.0	8.0
3736.0	4.0
3737.0	5.0
3738.0	3.0
3739.0	9.0
3740.0	5.0
3741.0	2.0
3742.0	3.0
3743.0	9.0
3744.0	2.0
3745.0	4.0
3746.0	2.0
3747.0	3.0
3748.0	3.0
3749.0	4.0
3750.0	7.0
3751.0	4.0
3752.0	1.0
3753.0	2.0
3754.0	3.0
3755.0	2.0
3756.0	1.0
3758.0	2.0
3759.0	5.0
3760.0	5.0
3761.0	10.0
3762.0	2.0
3763.0	6.0
3764.0	7.0
3765.0	6.0
3766.0	2.0
3767.0	5.0
3768.0	4.0
3769.0	5.0
3770.0	7.0
3771.0	5.0
3772.0	3.0
3774.0	6.0
3775.0	6.0
3776.0	8.0
3777.0	8.0
3778.0	3.0
3779.0	1.0
3780.0	1.0
3781.0	3.0
3782.0	4.0
3783.0	2.0
3784.0	5.0
3785.0	10.0
3786.0	2.0
3787.0	2.0
3788.0	2.0
3789.0	5.0
3790.0	5.0
3791.0	3.0
3792.0	2.0
3793.0	4.0
3794.0	3.0
3795.0	5.0
3796.0	3.0
3797.0	2.0
3798.0	5.0
3799.0	3.0
3800.0	3.0
3801.0	3.0
3802.0	2.0
3803.0	5.0
3804.0	7.0
3805.0	5.0
3806.0	5.0
3807.0	7.0
3808.0	2.0
3809.0	5.0
3810.0	4.0
3811.0	5.0
3812.0	5.0
3814.0	4.0
3815.0	1.0
3816.0	6.0
3817.0	3.0
3818.0	5.0
3819.0	2.0
3820.0	1.0
3821.0	4.0
3822.0	9.0
3823.0	4.0
3824.0	6.0
3825.0	8.0
3827.0	2.0
3828.0	5.0
3829.0	7.0
3830.0	2.0
3831.0	6.0
3832.0	2.0
3833.0	2.0
3834.0	4.0
3835.0	6.0
3836.0	9.0
3837.0	3.0
3838.0	6.0
3839.0	4.0
3840.0	6.0
3841.0	7.0
3842.0	2.0
3843.0	3.0
3844.0	2.0
3845.0	3.0
3846.0	9.0
3847.0	4.0
3848.0	7.0
3849.0	8.0
3850.0	1.0
3851.0	2.0
3852.0	6.0
3853.0	4.0
3854.0	1.0
3855.0	7.0
3856.0	3.0
3857.0	3.0
3858.0	3.0
3859.0	6.0
3860.0	4.0
3861.0	4.0
3862.0	5.0
3863.0	6.0
3864.0	5.0
3865.0	4.0
3866.0	6.0
3867.0	6.0
3868.0	4.0
3869.0	9.0
3870.0	3.0
3871.0	8.0
3872.0	6.0
3873.0	1.0
3874.0	1.0
3875.0	5.0
3876.0	2.0
3877.0	1.0
3878.0	6.0
3879.0	5.0
3880.0	6.0
3881.0	5.0
3883.0	7.0
3884.0	4.0
3885.0	1.0
3886.0	6.0
3887.0	1.0
3888.0	3.0
3889.0	9.0
3890.0	7.0
3891.0	3.0
3892.0	5.0
3893.0	2.0
3894.0	4.0
3896.0	8.0
3897.0	9.0
3898.0	5.0
3899.0	4.0
3900.0	2.0
3901.0	3.0
3902.0	6.0
3903.0	1.0
3904.0	8.0
3905.0	4.0
3906.0	4.0
3907.0	1.0
3908.0	2.0
3909.0	8.0
3910.0	2.0
3911.0	4.0
3912.0	6.0
3913.0	1.0
3914.0	5.0
3915.0	6.0
3916.0	2.0
3917.0	2.0
3918.0	4.0
3919.0	6.0
3920.0	2.0
3921.0	5.0
3922.0	4.0
3923.0	4.0
3924.0	7.0
3925.0	3.0
3926.0	4.0
3927.0	5.0
3928.0	5.0
3929.0	1.0
3930.0	5.0
3931.0	3.0
3932.0	9.0
3933.0	1.0
3934.0	6.0
3935.0	7.0
3936.0	7.0
3937.0	3.0
3938.0	3.0
3939.0	7.0
3940.0	7.0
3941.0	6.0
3942.0	6.0
3943.0	6.0
3944.0	5.0
3945.0	8.0
3946.0	5.0
3947.0	6.0
3948.0	3.0
3949.0	4.0
3951.0	3.0
3953.0	3.0
3954.0	3.0
3955.0	7.0
3956.0	5.0
3957.0	6.0
3958.0	7.0
3959.0	7.0
3960.0	8.0
3961.0	5.0
3962.0	5.0
3963.0	5.0
3964.0	2.0
3965.0	3.0
3966.0	6.0
3967.0	5.0
3968.0	3.0
3969.0	3.0
3970.0	4.0
3971.0	7.0
3972.0	7.0
3973.0	7.0
3974.0	4.0
3975.0	9.0
3976.0	6.0
3977.0	3.0
3978.0	4.0
3979.0	6.0
3980.0	5.0
3981.0	5.0
3982.0	2.0
3983.0	5.0
3984.0	2.0
3985.0	4.0
3986.0	5.0
3987.0	6.0
3988.0	3.0
3989.0	5.0
3990.0	5.0
3991.0	2.0
3992.0	8.0
3993.0	3.0
3994.0	2.0
3995.0	3.0
3996.0	5.0
3997.0	6.0
3998.0	6.0
3999.0	2.0
4000.0	4.0
4001.0	1.0
4002.0	4.0
4003.0	4.0
4004.0	4.0
4005.0	4.0
4006.0	3.0
4007.0	5.0
4008.0	4.0
4009.0	7.0
4010.0	5.0
4011.0	1.0
4012.0	7.0
4013.0	4.0
4014.0	6.0
4015.0	6.0
4016.0	2.0
4017.0	4.0
4018.0	3.0
4019.0	6.0
4020.0	2.0
4021.0	2.0
4022.0	3.0
4023.0	7.0
4024.0	4.0
4025.0	2.0
4026.0	4.0
4027.0	4.0
4028.0	4.0
4029.0	4.0
4031.0	4.0
4032.0	4.0
4033.0	5.0
4034.0	5.0
4035.0	4.0
4036.0	5.0
4037.0	3.0
4038.0	9.0
4039.0	4.0
4040.0	3.0
4041.0	3.0
4042.0	4.0
4043.0	3.0
4044.0	6.0
4045.0	2.0
4046.0	5.0
4047.0	7.0
4048.0	8.0
4049.0	4.0
4050.0	2.0
4051.0	4.0
4052.0	4.0
4053.0	3.0
4054.0	3.0
4055.0	2.0
4056.0	7.0
4057.0	3.0
4058.0	4.0
4059.0	5.0
4060.0	4.0
4061.0	3.0
4062.0	2.0
4063.0	4.0
4064.0	5.0
4065.0	2.0
4066.0	3.0
4067.0	4.0
4068.0	2.0
4069.0	3.0
4070.0	3.0
4071.0	1.0
4072.0	5.0
4073.0	5.0
4074.0	3.0
4075.0	3.0
4076.0	4.0
4077.0	3.0
4078.0	2.0
4079.0	7.0
4080.0	4.0
4081.0	2.0
4082.0	5.0
4083.0	5.0
4084.0	2.0
4085.0	3.0
4086.0	4.0
4087.0	4.0
4088.0	2.0
4089.0	2.0
4090.0	1.0
4091.0	5.0
4092.0	2.0
4093.0	5.0
4094.0	6.0
4095.0	3.0
4096.0	4.0
4097.0	3.0
4098.0	5.0
4099.0	3.0
4100.0	1.0
4101.0	5.0
4102.0	1.0
4103.0	3.0
4104.0	3.0
4105.0	2.0
4106.0	2.0
4107.0	1.0
4108.0	1.0
4109.0	5.0
4110.0	4.0
4111.0	2.0
4112.0	2.0
4113.0	1.0
4114.0	4.0
4115.0	3.0
4116.0	3.0
4117.0	1.0
4118.0	2.0
4121.0	1.0
4122.0	2.0
4123.0	2.0
4124.0	3.0
4125.0	4.0
4126.0	1.0
4127.0	3.0
4128.0	3.0
4129.0	4.0
4130.0	2.0
4131.0	3.0
4132.0	2.0
4133.0	2.0
4135.0	4.0
4136.0	1.0
4137.0	1.0
4138.0	2.0
4139.0	1.0
4140.0	2.0
4142.0	2.0
4143.0	4.0
4144.0	2.0
4145.0	2.0
4146.0	4.0
4148.0	7.0
4149.0	1.0
4150.0	3.0
4151.0	5.0
4152.0	3.0
4153.0	3.0
4154.0	4.0
4155.0	2.0
4156.0	2.0
4157.0	4.0
4158.0	2.0
4159.0	1.0
4160.0	3.0
4161.0	5.0
4162.0	3.0
4163.0	2.0
4164.0	1.0
4166.0	1.0
4167.0	4.0
4168.0	2.0
4170.0	2.0
4171.0	1.0
4172.0	4.0
4174.0	2.0
4175.0	1.0
4176.0	1.0
4177.0	1.0
4178.0	2.0
4179.0	3.0
4181.0	4.0
4182.0	2.0
4183.0	2.0
4184.0	1.0
4185.0	1.0
4187.0	3.0
4188.0	1.0
4189.0	1.0
4190.0	5.0
4191.0	2.0
4192.0	3.0
4193.0	2.0
4194.0	2.0
4195.0	1.0
4196.0	1.0
4197.0	2.0
4198.0	3.0
4199.0	1.0
4200.0	2.0
4201.0	3.0
4202.0	2.0
4203.0	1.0
4204.0	1.0
4205.0	1.0
4206.0	3.0
4207.0	2.0
4208.0	6.0
4209.0	1.0
4210.0	1.0
4211.0	2.0
4212.0	1.0
4213.0	2.0
4214.0	2.0
4215.0	1.0
4216.0	1.0
4217.0	2.0
4218.0	3.0
4219.0	2.0
4220.0	3.0
4221.0	1.0
4222.0	2.0
4223.0	1.0
4224.0	1.0
4227.0	1.0
4228.0	1.0
4229.0	3.0
4230.0	1.0
4232.0	1.0
4233.0	3.0
4235.0	3.0
4236.0	5.0
4237.0	4.0
4239.0	1.0
4240.0	2.0
4241.0	3.0
4242.0	1.0
4244.0	1.0
4245.0	1.0
4246.0	3.0
4247.0	3.0
4248.0	2.0
4249.0	2.0
4250.0	3.0
4251.0	3.0
4252.0	1.0
4253.0	3.0
4254.0	3.0
4255.0	3.0
4256.0	1.0
4257.0	5.0
4259.0	3.0
4261.0	1.0
4262.0	1.0
4264.0	2.0
4266.0	5.0
4268.0	2.0
4269.0	2.0
4270.0	3.0
4271.0	1.0
4273.0	1.0
4274.0	3.0
4275.0	1.0
4276.0	3.0
4277.0	3.0
4278.0	3.0
4279.0	2.0
4280.0	3.0
4281.0	1.0
4282.0	2.0
4283.0	2.0
4284.0	4.0
4285.0	2.0
4286.0	1.0
4288.0	3.0
4289.0	4.0
4290.0	2.0
4291.0	2.0
4292.0	2.0
4293.0	3.0
4294.0	2.0
4295.0	1.0
4296.0	1.0
4297.0	2.0
4299.0	2.0
4300.0	1.0
4301.0	3.0
4302.0	1.0
4304.0	3.0
4305.0	2.0
4306.0	6.0
4307.0	2.0
4308.0	2.0
4309.0	4.0
4310.0	1.0
4311.0	3.0
4312.0	1.0
4313.0	2.0
4314.0	4.0
4315.0	2.0
4316.0	2.0
4317.0	5.0
4318.0	1.0
4319.0	5.0
4320.0	3.0
4321.0	2.0
4322.0	3.0
4323.0	3.0
4324.0	2.0
4325.0	1.0
4326.0	2.0
4327.0	2.0
4328.0	2.0
4329.0	2.0
4330.0	4.0
4331.0	1.0
4332.0	2.0
4333.0	4.0
4334.0	4.0
4335.0	1.0
4336.0	4.0
4338.0	4.0
4339.0	1.0
4340.0	4.0
4341.0	1.0
4342.0	1.0
4343.0	3.0
4344.0	2.0
4345.0	4.0
4346.0	2.0
4347.0	3.0
4348.0	4.0
4349.0	2.0
4350.0	4.0
4351.0	1.0
4352.0	3.0
4354.0	4.0
4355.0	2.0
4356.0	1.0
4358.0	1.0
4359.0	3.0
4360.0	3.0
4361.0	1.0
4362.0	1.0
4363.0	1.0
4364.0	2.0
4365.0	2.0
4366.0	1.0
4367.0	3.0
4368.0	1.0
4369.0	5.0
4370.0	3.0
4371.0	1.0
4372.0	4.0
4373.0	2.0
4374.0	3.0
4375.0	2.0
4376.0	3.0
4377.0	1.0
4379.0	1.0
4380.0	2.0
4381.0	2.0
4382.0	2.0
4383.0	2.0
4384.0	6.0
4385.0	3.0
4386.0	1.0
4387.0	1.0
4390.0	2.0
4391.0	1.0
4392.0	1.0
4393.0	5.0
4397.0	1.0
4398.0	2.0
4399.0	2.0
4400.0	2.0
4401.0	2.0
4402.0	2.0
4403.0	2.0
4404.0	1.0
4405.0	2.0
4406.0	1.0
4407.0	1.0
4409.0	1.0
4410.0	3.0
4411.0	2.0
4412.0	3.0
4414.0	1.0
4415.0	3.0
4416.0	2.0
4417.0	3.0
4419.0	2.0
4420.0	2.0
4421.0	1.0
4422.0	2.0
4423.0	2.0
4424.0	2.0
4426.0	2.0
4427.0	2.0
4428.0	5.0
4429.0	3.0
4430.0	5.0
4431.0	1.0
4433.0	1.0
4435.0	3.0
4438.0	3.0
4439.0	1.0
4440.0	2.0
4441.0	1.0
4442.0	2.0
4444.0	3.0
4445.0	1.0
4446.0	4.0
4448.0	1.0
4449.0	1.0
4450.0	1.0
4451.0	2.0
4454.0	2.0
4455.0	2.0
4456.0	1.0
4457.0	1.0
4458.0	1.0
4459.0	2.0
4460.0	1.0
4461.0	2.0
4462.0	2.0
4463.0	3.0
4464.0	3.0
4465.0	2.0
4466.0	2.0
4467.0	2.0
4468.0	5.0
4469.0	2.0
4470.0	1.0
4471.0	1.0
4472.0	1.0
4473.0	1.0
4474.0	1.0
4476.0	3.0
4477.0	2.0
4478.0	1.0
4479.0	4.0
4480.0	2.0
4482.0	2.0
4483.0	3.0
4484.0	2.0
4486.0	2.0
4487.0	5.0
4488.0	2.0
4490.0	1.0
4491.0	2.0
4493.0	2.0
4494.0	4.0
4495.0	3.0
4496.0	3.0
4497.0	1.0
4498.0	2.0
4499.0	3.0
4501.0	3.0
4504.0	6.0
4505.0	3.0
4506.0	3.0
4507.0	1.0
4508.0	4.0
4509.0	1.0
4510.0	8.0
4511.0	3.0
4512.0	4.0
4513.0	4.0
4515.0	2.0
4516.0	2.0
4518.0	2.0
4519.0	2.0
4520.0	1.0
4521.0	3.0
4522.0	1.0
4523.0	1.0
4524.0	3.0
4527.0	1.0
4528.0	1.0
4529.0	1.0
4530.0	1.0
4532.0	2.0
4533.0	6.0
4534.0	1.0
4535.0	1.0
4536.0	2.0
4538.0	2.0
4539.0	4.0
4540.0	1.0
4541.0	5.0
4542.0	2.0
4543.0	3.0
4545.0	2.0
4547.0	2.0
4548.0	1.0
4549.0	1.0
4551.0	3.0
4552.0	2.0
4554.0	2.0
4556.0	1.0
4560.0	1.0
4561.0	2.0
4564.0	1.0
4565.0	2.0
4566.0	3.0
4567.0	4.0
4570.0	1.0
4571.0	1.0
4572.0	3.0
4574.0	3.0
4575.0	1.0
4576.0	2.0
4578.0	2.0
4579.0	2.0
4580.0	1.0
4581.0	1.0
4582.0	1.0
4583.0	3.0
4584.0	1.0
4587.0	1.0
4591.0	1.0
4592.0	1.0
4593.0	2.0
4594.0	1.0
4595.0	6.0
4596.0	1.0
4597.0	1.0
4598.0	1.0
4600.0	2.0
4601.0	2.0
4602.0	1.0
4603.0	2.0
4604.0	3.0
4605.0	1.0
4606.0	1.0
4608.0	4.0
4609.0	1.0
4610.0	3.0
4611.0	2.0
4612.0	2.0
4614.0	1.0
4616.0	1.0
4618.0	2.0
4619.0	1.0
4620.0	3.0
4622.0	1.0
4623.0	1.0
4625.0	1.0
4627.0	1.0
4628.0	1.0
4630.0	1.0
4631.0	2.0
4633.0	1.0
4634.0	1.0
4635.0	1.0
4636.0	1.0
4637.0	3.0
4639.0	2.0
4640.0	1.0
4641.0	2.0
4644.0	1.0
4645.0	4.0
4647.0	2.0
4648.0	1.0
4649.0	5.0
4650.0	1.0
4651.0	1.0
4652.0	1.0
4653.0	4.0
4654.0	2.0
4656.0	1.0
4657.0	1.0
4658.0	1.0
4659.0	1.0
4660.0	2.0
4661.0	1.0
4663.0	2.0
4664.0	2.0
4665.0	1.0
4666.0	2.0
4667.0	3.0
4668.0	2.0
4669.0	3.0
4670.0	1.0
4671.0	1.0
4672.0	1.0
4673.0	1.0
4674.0	2.0
4675.0	8.0
4676.0	5.0
4677.0	5.0
4678.0	4.0
4679.0	1.0
4682.0	2.0
4683.0	2.0
4684.0	1.0
4685.0	1.0
4689.0	2.0
4690.0	1.0
4691.0	1.0
4694.0	1.0
4695.0	2.0
4700.0	1.0
4701.0	1.0
4702.0	2.0
4704.0	1.0
4705.0	2.0
4707.0	3.0
4708.0	1.0
4711.0	1.0
4713.0	1.0
4714.0	2.0
4715.0	2.0
4716.0	1.0
4717.0	1.0
4719.0	2.0
4723.0	1.0
4726.0	1.0
4730.0	2.0
4731.0	2.0
4732.0	1.0
4733.0	1.0
4735.0	1.0
4737.0	1.0
4739.0	2.0
4740.0	1.0
4741.0	1.0
4742.0	2.0
4743.0	3.0
4744.0	1.0
4745.0	1.0
4746.0	1.0
4748.0	1.0
4749.0	3.0
4750.0	2.0
4751.0	1.0
4754.0	1.0
4755.0	1.0
4756.0	2.0
4758.0	2.0
4759.0	1.0
4762.0	2.0
4766.0	1.0
4767.0	1.0
4768.0	2.0
4770.0	1.0
4771.0	1.0
4772.0	2.0
4773.0	3.0
4774.0	1.0
4777.0	2.0
4779.0	2.0
4780.0	3.0
4781.0	4.0
4782.0	1.0
4783.0	1.0
4785.0	2.0
4786.0	3.0
4789.0	1.0
4790.0	1.0
4791.0	3.0
4792.0	1.0
4793.0	1.0
4794.0	2.0
4795.0	1.0
4796.0	3.0
4797.0	2.0
4798.0	2.0
4799.0	1.0
4801.0	4.0
4802.0	1.0
4803.0	1.0
4805.0	1.0
4807.0	1.0
4810.0	2.0
4812.0	2.0
4815.0	1.0
4817.0	2.0
4818.0	2.0
4820.0	1.0
4822.0	3.0
4825.0	2.0
4826.0	2.0
4827.0	2.0
4829.0	1.0
4830.0	1.0
4833.0	1.0
4834.0	2.0
4838.0	1.0
4841.0	4.0
4844.0	1.0
4847.0	1.0
4848.0	1.0
4850.0	2.0
4854.0	1.0
4856.0	2.0
4857.0	1.0
4860.0	1.0
4863.0	1.0
4864.0	1.0
4865.0	2.0
4868.0	2.0
4869.0	1.0
4870.0	1.0
4871.0	2.0
4872.0	1.0
4873.0	1.0
4874.0	2.0
4877.0	1.0
4879.0	2.0
4880.0	1.0
4881.0	2.0
4883.0	1.0
4884.0	1.0
4885.0	3.0
4888.0	1.0
4889.0	1.0
4890.0	3.0
4891.0	1.0
4893.0	1.0
4894.0	3.0
4895.0	2.0
4897.0	2.0
4898.0	1.0
4899.0	2.0
4900.0	1.0
4901.0	2.0
4902.0	3.0
4903.0	4.0
4904.0	1.0
4905.0	2.0
4907.0	1.0
4908.0	3.0
4910.0	1.0
4911.0	2.0
4912.0	2.0
4913.0	1.0
4914.0	2.0
4915.0	1.0
4917.0	1.0
4918.0	2.0
4919.0	1.0
4920.0	1.0
4921.0	1.0
4922.0	2.0
4923.0	1.0
4924.0	3.0
4926.0	2.0
4929.0	1.0
4930.0	1.0
4931.0	1.0
4932.0	1.0
4933.0	1.0
4934.0	2.0
4936.0	1.0
4937.0	1.0
4938.0	3.0
4939.0	1.0
4940.0	1.0
4941.0	1.0
4944.0	2.0
4945.0	2.0
4946.0	2.0
4948.0	3.0
4949.0	1.0
4950.0	1.0
4952.0	1.0
4954.0	2.0
4955.0	3.0
4956.0	1.0
4957.0	1.0
4958.0	2.0
4959.0	2.0
4961.0	1.0
4962.0	1.0
4963.0	1.0
4964.0	1.0
4965.0	3.0
4966.0	1.0
4967.0	1.0
4968.0	1.0
4969.0	1.0
4971.0	1.0
4973.0	3.0
4974.0	3.0
4975.0	2.0
4977.0	2.0
4978.0	1.0
4981.0	1.0
4983.0	1.0
4984.0	1.0
4988.0	1.0
4992.0	2.0
4993.0	1.0
4995.0	1.0
4996.0	1.0
4998.0	1.0
4999.0	1.0
5001.0	1.0
5004.0	3.0
5005.0	1.0
5006.0	4.0
5008.0	1.0
5009.0	5.0
5010.0	1.0
5013.0	2.0
5014.0	2.0
5015.0	1.0
5016.0	1.0
5017.0	3.0
5018.0	1.0
5019.0	5.0
5020.0	1.0
5021.0	2.0
5022.0	2.0
5024.0	3.0
5025.0	1.0
5027.0	2.0
5030.0	1.0
5031.0	1.0
5033.0	1.0
5035.0	1.0
5036.0	2.0
5038.0	1.0
5039.0	2.0
5041.0	1.0
5043.0	2.0
5044.0	1.0
5047.0	1.0
5048.0	2.0
5049.0	4.0
5050.0	2.0
5052.0	1.0
5056.0	2.0
5057.0	2.0
5058.0	2.0
5059.0	1.0
5061.0	2.0
5063.0	2.0
5065.0	2.0
5066.0	1.0
5067.0	2.0
5068.0	2.0
5069.0	2.0
5072.0	2.0
5077.0	2.0
5079.0	1.0
5080.0	2.0
5081.0	1.0
5083.0	1.0
5084.0	1.0
5086.0	1.0
5087.0	2.0
5089.0	1.0
5090.0	2.0
5091.0	1.0
5092.0	1.0
5093.0	1.0
5096.0	1.0
5097.0	2.0
5098.0	2.0
5099.0	1.0
5101.0	1.0
5102.0	1.0
5104.0	2.0
5105.0	1.0
5106.0	2.0
5107.0	1.0
5108.0	1.0
5109.0	4.0
5110.0	1.0
5111.0	3.0
5112.0	1.0
5113.0	2.0
5114.0	3.0
5115.0	1.0
5117.0	1.0
5118.0	2.0
5119.0	2.0
5120.0	3.0
5121.0	1.0
5123.0	4.0
5124.0	4.0
5125.0	1.0
5126.0	2.0
5127.0	1.0
5128.0	1.0
5131.0	1.0
5132.0	3.0
5133.0	2.0
5134.0	2.0
5135.0	1.0
5136.0	1.0
5137.0	3.0
5138.0	1.0
5139.0	1.0
5140.0	1.0
5141.0	1.0
5142.0	2.0
5145.0	4.0
5146.0	1.0
5147.0	1.0
5148.0	6.0
5149.0	2.0
5150.0	2.0
5151.0	2.0
5152.0	3.0
5153.0	1.0
5155.0	3.0
5156.0	1.0
5157.0	1.0
5158.0	2.0
5159.0	1.0
5161.0	5.0
5162.0	2.0
5163.0	1.0
5164.0	2.0
5165.0	1.0
5166.0	2.0
5167.0	2.0
5168.0	2.0
5169.0	4.0
5170.0	2.0
5171.0	4.0
5173.0	2.0
5174.0	1.0
5175.0	2.0
5176.0	1.0
5177.0	5.0
5179.0	3.0
5180.0	3.0
5181.0	1.0
5182.0	3.0
5183.0	6.0
5184.0	1.0
5185.0	2.0
5186.0	2.0
5187.0	2.0
5188.0	3.0
5189.0	1.0
5190.0	1.0
5191.0	1.0
5192.0	2.0
5193.0	3.0
5196.0	1.0
5197.0	1.0
5198.0	1.0
5199.0	1.0
5200.0	2.0
5201.0	4.0
5202.0	2.0
5203.0	1.0
5204.0	1.0
5206.0	2.0
5207.0	1.0
5208.0	2.0
5210.0	1.0
5211.0	3.0
5212.0	2.0
5213.0	2.0
5214.0	2.0
5215.0	2.0
5217.0	3.0
5219.0	4.0
5221.0	2.0
5222.0	5.0
5223.0	1.0
5226.0	1.0
5227.0	1.0
5228.0	3.0
5229.0	4.0
5230.0	4.0
5231.0	2.0
5232.0	2.0
5233.0	2.0
5234.0	3.0
5235.0	3.0
5236.0	1.0
5237.0	2.0
5239.0	3.0
5241.0	4.0
5242.0	1.0
5243.0	2.0
5244.0	2.0
5245.0	2.0
5246.0	1.0
5247.0	2.0
5249.0	2.0
5250.0	1.0
5251.0	5.0
5252.0	1.0
5253.0	2.0
5254.0	3.0
5255.0	1.0
5256.0	3.0
5257.0	5.0
5258.0	1.0
5259.0	2.0
5260.0	2.0
5261.0	1.0
5262.0	1.0
5263.0	2.0
5265.0	1.0
5266.0	2.0
5267.0	2.0
5268.0	5.0
5269.0	1.0
5270.0	3.0
5271.0	1.0
5272.0	4.0
5273.0	2.0
5275.0	3.0
5276.0	1.0
5279.0	3.0
5280.0	3.0
5281.0	5.0
5282.0	1.0
5283.0	4.0
5284.0	3.0
5285.0	3.0
5286.0	4.0
5287.0	4.0
5288.0	1.0
5289.0	2.0
5290.0	2.0
5292.0	1.0
5293.0	2.0
5294.0	3.0
5295.0	2.0
5296.0	1.0
5297.0	3.0
5299.0	1.0
5300.0	1.0
5301.0	2.0
5302.0	2.0
5303.0	1.0
5304.0	2.0
5305.0	1.0
5307.0	5.0
5308.0	1.0
5309.0	2.0
5310.0	3.0
5312.0	2.0
5314.0	3.0
5316.0	2.0
5317.0	1.0
5318.0	1.0
5319.0	3.0
5320.0	1.0
5322.0	1.0
5323.0	1.0
5324.0	1.0
5327.0	3.0
5328.0	2.0
5329.0	1.0
5330.0	1.0
5333.0	1.0
5334.0	2.0
5335.0	2.0
5336.0	2.0
5337.0	2.0
5338.0	1.0
5340.0	2.0
5342.0	3.0
5344.0	3.0
5345.0	1.0
5346.0	2.0
5350.0	2.0
5352.0	2.0
5353.0	3.0
5354.0	1.0
5355.0	3.0
5356.0	3.0
5357.0	5.0
5358.0	1.0
5360.0	3.0
5361.0	2.0
5362.0	1.0
5364.0	2.0
5365.0	1.0
5366.0	2.0
5370.0	1.0
5372.0	1.0
5373.0	1.0
5378.0	2.0
5379.0	2.0
5380.0	3.0
5381.0	3.0
5382.0	1.0
5384.0	1.0
5385.0	2.0
5386.0	1.0
5387.0	4.0
5388.0	1.0
5390.0	2.0
5392.0	2.0
5394.0	2.0
5395.0	2.0
5396.0	2.0
5397.0	2.0
5398.0	1.0
5399.0	1.0
5401.0	2.0
5402.0	2.0
5403.0	2.0
5404.0	1.0
5406.0	3.0
5407.0	1.0
5410.0	2.0
5411.0	1.0
5412.0	2.0
5413.0	1.0
5414.0	1.0
5415.0	1.0
5416.0	1.0
5417.0	2.0
5419.0	3.0
5420.0	2.0
5421.0	1.0
5422.0	1.0
5425.0	1.0
5428.0	2.0
5429.0	3.0
5430.0	3.0
5433.0	1.0
5434.0	1.0
5435.0	2.0
5436.0	1.0
5438.0	1.0
5439.0	1.0
5443.0	1.0
5444.0	1.0
5447.0	3.0
5451.0	3.0
5452.0	1.0
5453.0	1.0
5454.0	1.0
5455.0	1.0
5456.0	1.0
5457.0	1.0
5458.0	1.0
5460.0	2.0
5461.0	1.0
5463.0	2.0
5467.0	2.0
5468.0	1.0
5470.0	2.0
5471.0	1.0
5472.0	1.0
5478.0	1.0
5479.0	1.0
5481.0	1.0
5482.0	2.0
5483.0	2.0
5486.0	1.0
5487.0	2.0
5489.0	2.0
5490.0	3.0
5491.0	1.0
5492.0	3.0
5494.0	2.0
5496.0	1.0
5501.0	2.0
5504.0	4.0
5505.0	1.0
5506.0	2.0
5508.0	3.0
5509.0	1.0
5510.0	1.0
5512.0	3.0
5516.0	2.0
5517.0	1.0
5518.0	2.0
5519.0	2.0
5520.0	1.0
5521.0	1.0
5522.0	1.0
5524.0	4.0
5525.0	1.0
5526.0	1.0
5527.0	1.0
5528.0	2.0
5529.0	1.0
5531.0	2.0
5532.0	1.0
5533.0	1.0
5535.0	1.0
5536.0	1.0
5538.0	2.0
5539.0	1.0
5540.0	1.0
5542.0	1.0
5543.0	1.0
5544.0	2.0
5545.0	1.0
5546.0	2.0
5549.0	3.0
5550.0	2.0
5551.0	2.0
5552.0	2.0
5553.0	1.0
5555.0	2.0
5556.0	1.0
5557.0	1.0
5558.0	2.0
5559.0	4.0
5560.0	1.0
5562.0	1.0
5563.0	1.0
5566.0	1.0
5567.0	1.0
5568.0	2.0
5570.0	2.0
5571.0	3.0
5572.0	3.0
5574.0	3.0
5575.0	2.0
5576.0	2.0
5577.0	2.0
5578.0	4.0
5579.0	2.0
5580.0	2.0
5581.0	3.0
5582.0	3.0
5583.0	2.0
5584.0	2.0
5585.0	3.0
5586.0	3.0
5587.0	2.0
5588.0	1.0
5589.0	2.0
5590.0	1.0
5591.0	2.0
5592.0	2.0
5593.0	3.0
5594.0	3.0
5595.0	1.0
5596.0	3.0
5597.0	4.0
5598.0	1.0
5599.0	2.0
5600.0	2.0
5601.0	3.0
5602.0	2.0
5603.0	3.0
5604.0	5.0
5605.0	2.0
5606.0	1.0
5607.0	2.0
5608.0	1.0
5609.0	3.0
5610.0	1.0
5611.0	2.0
5613.0	2.0
5614.0	2.0
5615.0	2.0
5616.0	3.0
5618.0	2.0
5619.0	2.0
5620.0	2.0
5621.0	2.0
5622.0	2.0
5624.0	2.0
5625.0	3.0
5626.0	3.0
5627.0	1.0
5628.0	1.0
5629.0	1.0
5630.0	3.0
5631.0	1.0
5633.0	3.0
5634.0	1.0
5635.0	2.0
5636.0	1.0
5637.0	4.0
5638.0	3.0
5639.0	2.0
5640.0	1.0
5641.0	1.0
5642.0	2.0
5643.0	1.0
5644.0	1.0
5647.0	1.0
5649.0	2.0
5650.0	2.0
5651.0	1.0
5652.0	2.0
5653.0	2.0
5654.0	3.0
5655.0	3.0
5656.0	1.0
5657.0	2.0
5663.0	1.0
5664.0	2.0
5665.0	3.0
5667.0	2.0
5668.0	2.0
5670.0	2.0
5673.0	1.0
5675.0	1.0
5676.0	1.0
5677.0	1.0
5678.0	1.0
5679.0	1.0
5680.0	2.0
5681.0	2.0
5683.0	1.0
5684.0	2.0
5685.0	1.0
5686.0	2.0
5689.0	3.0
5694.0	2.0
5699.0	1.0
5700.0	1.0
5701.0	1.0
5704.0	1.0
5705.0	1.0
5708.0	2.0
5709.0	1.0
5712.0	2.0
5715.0	2.0
5718.0	4.0
5720.0	1.0
5721.0	1.0
5722.0	2.0
5723.0	1.0
5724.0	1.0
5725.0	1.0
5727.0	2.0
5731.0	1.0
5732.0	1.0
5734.0	1.0
5736.0	2.0
5738.0	2.0
5743.0	1.0
5744.0	1.0
5745.0	5.0
5746.0	2.0
5747.0	1.0
5748.0	3.0
5751.0	3.0
5752.0	1.0
5754.0	2.0
5756.0	1.0
5760.0	1.0
5762.0	1.0
5763.0	3.0
5764.0	3.0
5765.0	1.0
5766.0	2.0
5770.0	1.0
5774.0	2.0
5775.0	2.0
5776.0	1.0
5784.0	2.0
5786.0	1.0
5787.0	1.0
5788.0	1.0
5790.0	1.0
5792.0	1.0
5793.0	1.0
5794.0	1.0
5795.0	1.0
5808.0	1.0
5810.0	1.0
5811.0	1.0
5813.0	1.0
5814.0	2.0
5816.0	1.0
5817.0	1.0
5820.0	1.0
5824.0	1.0
5825.0	1.0
5830.0	1.0
5834.0	2.0
5835.0	1.0
5837.0	1.0
5839.0	1.0
5840.0	3.0
5841.0	2.0
5843.0	1.0
5845.0	1.0
5847.0	1.0
5848.0	2.0
5849.0	1.0
5852.0	1.0
5853.0	1.0
5854.0	1.0
5855.0	2.0
5857.0	2.0
5858.0	1.0
5860.0	2.0
5863.0	2.0
5864.0	1.0
5865.0	1.0
5866.0	2.0
5867.0	1.0
5868.0	1.0
5871.0	1.0
5872.0	1.0
5873.0	1.0
5874.0	1.0
5875.0	2.0
5878.0	1.0
5880.0	1.0
5881.0	1.0
5882.0	1.0
5885.0	1.0
5887.0	1.0
5888.0	1.0
5890.0	1.0
5892.0	1.0
5893.0	1.0
5894.0	2.0
5895.0	2.0
5898.0	1.0
5899.0	2.0
5904.0	1.0
5905.0	1.0
5907.0	1.0
5908.0	1.0
5916.0	3.0
5917.0	1.0
5923.0	2.0
5926.0	1.0
5927.0	1.0
5929.0	1.0
5931.0	3.0
5933.0	5.0
5936.0	1.0
5938.0	4.0
5939.0	3.0
5941.0	1.0
5942.0	1.0
5943.0	1.0
5945.0	2.0
5947.0	1.0
5948.0	1.0
5949.0	1.0
5950.0	2.0
5952.0	1.0
5953.0	1.0
5954.0	2.0
5955.0	4.0
5957.0	2.0
5960.0	4.0
5961.0	1.0
5962.0	1.0
5966.0	1.0
5969.0	1.0
5970.0	1.0
5971.0	2.0
5972.0	1.0
5973.0	1.0
5974.0	2.0
5975.0	1.0
5976.0	2.0
5978.0	1.0
5979.0	1.0
5980.0	1.0
5982.0	1.0
5983.0	1.0
5984.0	3.0
5988.0	1.0
5989.0	2.0
5990.0	2.0
5992.0	2.0
5993.0	2.0
5994.0	3.0
5995.0	2.0
5996.0	2.0
5997.0	1.0
5998.0	1.0
5999.0	1.0
6000.0	2.0
6003.0	2.0
6009.0	1.0
6011.0	2.0
6012.0	1.0
6013.0	1.0
6014.0	1.0
6016.0	1.0
6017.0	1.0
6018.0	1.0
6019.0	1.0
6021.0	1.0
6022.0	1.0
6023.0	1.0
6024.0	1.0
6025.0	2.0
6026.0	2.0
6028.0	1.0
6031.0	1.0
6032.0	2.0
6034.0	2.0
6036.0	1.0
6037.0	1.0
6039.0	2.0
6040.0	1.0
6042.0	1.0
6043.0	1.0
6045.0	1.0
6048.0	1.0
6049.0	2.0
6050.0	1.0
6051.0	1.0
6052.0	1.0
6053.0	2.0
6054.0	1.0
6057.0	1.0
6063.0	1.0
6064.0	1.0
6066.0	1.0
6069.0	1.0
6072.0	1.0
6074.0	1.0
6075.0	2.0
6076.0	1.0
6078.0	1.0
6082.0	1.0
6085.0	1.0
6086.0	1.0
6087.0	2.0
6088.0	3.0
6089.0	1.0
6092.0	2.0
6094.0	1.0
6096.0	1.0
6097.0	1.0
6098.0	2.0
6099.0	1.0
6100.0	2.0
6101.0	2.0
6105.0	1.0
6106.0	1.0
6108.0	3.0
6109.0	5.0
6110.0	1.0
6112.0	1.0
6113.0	2.0
6117.0	1.0
6118.0	2.0
6120.0	2.0
6121.0	1.0
6122.0	1.0
6123.0	2.0
6126.0	1.0
6127.0	3.0
6128.0	2.0
6132.0	3.0
6134.0	1.0
6135.0	1.0
6137.0	2.0
6138.0	3.0
6139.0	3.0
6141.0	4.0
6144.0	2.0
6145.0	3.0
6147.0	2.0
6148.0	2.0
6149.0	3.0
6150.0	1.0
6151.0	1.0
6152.0	1.0
6153.0	1.0
6154.0	2.0
6155.0	2.0
6156.0	1.0
6157.0	2.0
6158.0	1.0
6159.0	4.0
6160.0	1.0
6161.0	4.0
6163.0	2.0
6164.0	2.0
6165.0	1.0
6166.0	2.0
6168.0	1.0
6169.0	1.0
6170.0	2.0
6171.0	1.0
6174.0	1.0
6177.0	1.0
6179.0	1.0
6180.0	2.0
6181.0	1.0
6182.0	2.0
6183.0	1.0
6184.0	1.0
6185.0	1.0
6186.0	2.0
6187.0	1.0
6188.0	1.0
6190.0	3.0
6191.0	2.0
6192.0	2.0
6194.0	3.0
6195.0	1.0
6196.0	1.0
6200.0	1.0
6201.0	2.0
6203.0	1.0
6204.0	2.0
6205.0	1.0
6209.0	1.0
6210.0	1.0
6211.0	1.0
6214.0	2.0
6215.0	1.0
6216.0	1.0
6217.0	1.0
6218.0	2.0
6220.0	1.0
6221.0	1.0
6222.0	1.0
6223.0	1.0
6224.0	1.0
6228.0	2.0
6229.0	1.0
6236.0	1.0
6237.0	1.0
6238.0	1.0
6239.0	1.0
6241.0	1.0
6242.0	1.0
6243.0	1.0
6244.0	1.0
6245.0	1.0
6248.0	3.0
6249.0	1.0
6251.0	2.0
6252.0	2.0
6253.0	1.0
6254.0	1.0
6255.0	1.0
6257.0	1.0
6258.0	1.0
6259.0	2.0
6261.0	3.0
6264.0	1.0
6266.0	2.0
6267.0	3.0
6270.0	1.0
6271.0	3.0
6272.0	1.0
6273.0	2.0
6274.0	1.0
6275.0	2.0
6277.0	2.0
6278.0	3.0
6280.0	2.0
6281.0	3.0
6282.0	1.0
6283.0	1.0
6284.0	2.0
6285.0	1.0
6286.0	1.0
6287.0	1.0
6288.0	2.0
6289.0	1.0
6290.0	1.0
6291.0	1.0
6292.0	1.0
6293.0	1.0
6294.0	2.0
6295.0	1.0
6296.0	1.0
6297.0	1.0
6298.0	1.0
6299.0	2.0
6301.0	2.0
6304.0	2.0
6306.0	1.0
6307.0	2.0
6308.0	2.0
6309.0	2.0
6311.0	3.0
6312.0	2.0
6314.0	3.0
6315.0	2.0
6316.0	1.0
6317.0	1.0
6318.0	2.0
6319.0	1.0
6320.0	2.0
6321.0	4.0
6322.0	2.0
6323.0	1.0
6324.0	1.0
6326.0	3.0
6327.0	2.0
6328.0	2.0
6329.0	1.0
6330.0	3.0
6331.0	1.0
6332.0	1.0
6333.0	2.0
6334.0	2.0
6335.0	3.0
6336.0	3.0
6339.0	1.0
6342.0	2.0
6343.0	1.0
6344.0	2.0
6345.0	1.0
6346.0	2.0
6347.0	2.0
6349.0	1.0
6350.0	2.0
6351.0	3.0
6352.0	2.0
6353.0	4.0
6354.0	2.0
6355.0	1.0
6357.0	4.0
6358.0	1.0
6359.0	4.0
6360.0	3.0
6362.0	4.0
6363.0	2.0
6364.0	2.0
6365.0	3.0
6366.0	3.0
6368.0	1.0
6370.0	4.0
6371.0	2.0
6372.0	1.0
6373.0	2.0
6375.0	2.0
6376.0	5.0
6378.0	1.0
6379.0	6.0
6380.0	6.0
6381.0	3.0
6383.0	1.0
6384.0	1.0
6385.0	1.0
6386.0	2.0
6387.0	1.0
6388.0	3.0
6389.0	1.0
6390.0	1.0
6392.0	1.0
6393.0	4.0
6394.0	2.0
6395.0	2.0
6396.0	1.0
6397.0	2.0
6398.0	1.0
6400.0	1.0
6401.0	1.0
6403.0	1.0
6404.0	2.0
6405.0	1.0
6407.0	2.0
6408.0	1.0
6409.0	1.0
6410.0	1.0
6411.0	4.0
6413.0	1.0
6414.0	1.0
6416.0	3.0
6417.0	1.0
6418.0	2.0
6419.0	3.0
6421.0	1.0
6422.0	1.0
6423.0	1.0
6425.0	2.0
6426.0	1.0
6427.0	2.0
6428.0	1.0
6430.0	1.0
6432.0	1.0
6433.0	3.0
6434.0	1.0
6435.0	2.0
6437.0	1.0
6438.0	1.0
6441.0	2.0
6443.0	3.0
6444.0	1.0
6445.0	1.0
6446.0	1.0
6447.0	2.0
6448.0	3.0
6450.0	1.0
6451.0	1.0
6452.0	1.0
6453.0	2.0
6454.0	1.0
6455.0	2.0
6456.0	3.0
6458.0	1.0
6459.0	2.0
6461.0	2.0
6463.0	1.0
6465.0	1.0
6466.0	1.0
6467.0	1.0
6471.0	1.0
6472.0	1.0
6473.0	1.0
6474.0	1.0
6478.0	1.0
6481.0	2.0
6483.0	1.0
6485.0	1.0
6486.0	1.0
6487.0	2.0
6488.0	1.0
6497.0	1.0
6498.0	1.0
6500.0	2.0
6501.0	1.0
6502.0	1.0
6506.0	1.0
6507.0	1.0
6509.0	1.0
6512.0	2.0
6513.0	1.0
6515.0	1.0
6517.0	1.0
6519.0	2.0
6520.0	1.0
6523.0	1.0
6524.0	1.0
6525.0	1.0
6526.0	1.0
6531.0	2.0
6537.0	1.0
6543.0	1.0
6546.0	1.0
6548.0	1.0
6549.0	2.0
6550.0	2.0
6555.0	1.0
6558.0	1.0
6559.0	1.0
6561.0	2.0
6564.0	1.0
6568.0	1.0
6569.0	1.0
6570.0	2.0
6571.0	2.0
6573.0	1.0
6574.0	2.0
6577.0	3.0
6578.0	2.0
6579.0	1.0
6581.0	1.0
6585.0	4.0
6586.0	1.0
6587.0	2.0
6591.0	1.0
6593.0	1.0
6594.0	2.0
6599.0	1.0
6601.0	1.0
6602.0	1.0
6608.0	1.0
6611.0	1.0
6612.0	1.0
6613.0	1.0
6620.0	1.0
6621.0	2.0
6622.0	2.0
6627.0	3.0
6630.0	1.0
6633.0	1.0
6634.0	1.0
6637.0	1.0
6640.0	1.0
6641.0	1.0
6643.0	1.0
6644.0	2.0
6645.0	3.0
6647.0	1.0
6652.0	2.0
6654.0	1.0
6663.0	1.0
6666.0	2.0
6667.0	2.0
6668.0	1.0
6678.0	1.0
6680.0	1.0
6683.0	1.0
6685.0	1.0
6686.0	1.0
6689.0	2.0
6691.0	2.0
6695.0	1.0
6696.0	1.0
6697.0	2.0
6698.0	1.0
6699.0	1.0
6701.0	1.0
6702.0	1.0
6704.0	1.0
6706.0	3.0
6707.0	1.0
6708.0	1.0
6711.0	3.0
6713.0	2.0
6714.0	1.0
6715.0	1.0
6717.0	1.0
6720.0	1.0
6723.0	2.0
6724.0	1.0
6725.0	3.0
6726.0	1.0
6727.0	1.0
6730.0	2.0
6732.0	2.0
6733.0	2.0
6734.0	1.0
6736.0	1.0
6738.0	1.0
6741.0	2.0
6742.0	2.0
6743.0	1.0
6744.0	1.0
6746.0	1.0
6747.0	1.0
6748.0	1.0
6750.0	1.0
6751.0	1.0
6753.0	1.0
6756.0	2.0
6760.0	2.0
6764.0	1.0
6766.0	2.0
6770.0	1.0
6771.0	1.0
6775.0	2.0
6776.0	1.0
6780.0	2.0
6781.0	1.0
6786.0	1.0
6787.0	1.0
6788.0	1.0
6795.0	1.0
6796.0	1.0
6798.0	1.0
6801.0	1.0
6802.0	2.0
6803.0	1.0
6804.0	1.0
6806.0	1.0
6807.0	1.0
6809.0	2.0
6811.0	1.0
6814.0	1.0
6815.0	1.0
6818.0	1.0
6820.0	2.0
6823.0	3.0
6824.0	1.0
6825.0	1.0
6826.0	4.0
6828.0	10.0
6832.0	1.0
6834.0	1.0
6835.0	1.0
6839.0	1.0
6841.0	1.0
6842.0	1.0
6843.0	1.0
6844.0	1.0
6848.0	2.0
6849.0	1.0
6853.0	2.0
6855.0	1.0
6860.0	1.0
6861.0	1.0
6862.0	1.0
6863.0	1.0
6864.0	2.0
6871.0	1.0
6878.0	1.0
6880.0	2.0
6882.0	2.0
6885.0	1.0
6888.0	1.0
6890.0	1.0
6892.0	1.0
6893.0	1.0
6895.0	1.0
6898.0	1.0
6902.0	3.0
6907.0	1.0
6908.0	1.0
6912.0	2.0
6914.0	2.0
6915.0	2.0
6921.0	1.0
6924.0	1.0
6925.0	2.0
6926.0	1.0
6928.0	1.0
6931.0	1.0
6933.0	2.0
6934.0	1.0
6936.0	3.0
6937.0	1.0
6938.0	1.0
6939.0	1.0
6940.0	1.0
6942.0	1.0
6946.0	1.0
6954.0	1.0
6956.0	1.0
6957.0	4.0
6959.0	2.0
6960.0	1.0
6964.0	1.0
6965.0	2.0
6971.0	1.0
6973.0	1.0
6974.0	1.0
6981.0	1.0
6983.0	2.0
6987.0	4.0
6988.0	1.0
6989.0	3.0
6991.0	1.0
6992.0	1.0
6993.0	1.0
6994.0	3.0
6996.0	1.0
6998.0	3.0
7000.0	2.0
7001.0	1.0
7005.0	1.0
7006.0	2.0
7008.0	2.0
7010.0	1.0
7011.0	1.0
7012.0	1.0
7013.0	1.0
7015.0	2.0
7017.0	1.0
7020.0	1.0
7021.0	1.0
7023.0	1.0
7024.0	1.0
7026.0	1.0
7027.0	1.0
7029.0	2.0
7031.0	1.0
7032.0	1.0
7033.0	2.0
7036.0	1.0
7037.0	1.0
7038.0	1.0
7039.0	1.0
7041.0	1.0
7045.0	2.0
7046.0	1.0
7047.0	2.0
7048.0	1.0
7049.0	3.0
7050.0	1.0
7051.0	1.0
7052.0	1.0
7053.0	2.0
7054.0	1.0
7057.0	1.0
7058.0	1.0
7062.0	1.0
7063.0	1.0
7064.0	3.0
7065.0	3.0
7066.0	1.0
7067.0	1.0
7070.0	1.0
7072.0	2.0
7076.0	2.0
7077.0	3.0
7079.0	2.0
7082.0	1.0
7083.0	1.0
7084.0	2.0
7085.0	1.0
7087.0	1.0
7088.0	1.0
7089.0	3.0
7092.0	1.0
7093.0	1.0
7094.0	1.0
7096.0	1.0
7097.0	1.0
7098.0	2.0
7099.0	1.0
7100.0	1.0
7101.0	3.0
7102.0	1.0
7103.0	1.0
7104.0	2.0
7105.0	1.0
7106.0	1.0
7108.0	2.0
7109.0	1.0
7112.0	1.0
7119.0	1.0
7120.0	1.0
7121.0	1.0
7123.0	1.0
7124.0	1.0
7125.0	2.0
7126.0	1.0
7128.0	1.0
7129.0	1.0
7131.0	2.0
7137.0	2.0
7138.0	3.0
7139.0	1.0
7144.0	1.0
7147.0	1.0
7149.0	1.0
7151.0	1.0
7153.0	3.0
7154.0	1.0
7157.0	2.0
7158.0	1.0
7160.0	2.0
7161.0	2.0
7162.0	1.0
7163.0	1.0
7166.0	1.0
7167.0	1.0
7169.0	1.0
7170.0	3.0
7173.0	2.0
7177.0	1.0
7178.0	2.0
7180.0	1.0
7182.0	1.0
7183.0	1.0
7184.0	2.0
7187.0	1.0
7189.0	2.0
7196.0	1.0
7199.0	1.0
7200.0	2.0
7202.0	1.0
7203.0	2.0
7204.0	1.0
7211.0	2.0
7212.0	1.0
7215.0	2.0
7216.0	1.0
7217.0	2.0
7218.0	1.0
7219.0	1.0
7220.0	2.0
7221.0	1.0
7222.0	1.0
7223.0	2.0
7226.0	1.0
7229.0	2.0
7230.0	2.0
7231.0	2.0
7232.0	1.0
7235.0	2.0
7237.0	2.0
7239.0	1.0
7243.0	1.0
7244.0	1.0
7245.0	2.0
7247.0	1.0
7248.0	1.0
7249.0	1.0
7253.0	1.0
7256.0	1.0
7261.0	2.0
7262.0	3.0
7265.0	1.0
7266.0	2.0
7267.0	4.0
7268.0	1.0
7270.0	2.0
7271.0	1.0
7272.0	1.0
7274.0	1.0
7276.0	2.0
7278.0	1.0
7279.0	2.0
7282.0	1.0
7284.0	1.0
7289.0	1.0
7291.0	1.0
7292.0	1.0
7293.0	2.0
7294.0	1.0
7296.0	1.0
7297.0	1.0
7303.0	1.0
7304.0	1.0
7306.0	2.0
7307.0	1.0
7308.0	1.0
7310.0	1.0
7315.0	2.0
7319.0	1.0
7320.0	1.0
7321.0	1.0
7325.0	1.0
7330.0	1.0
7334.0	1.0
7338.0	1.0
7339.0	1.0
7340.0	1.0
7342.0	1.0
7345.0	1.0
7355.0	1.0
7357.0	1.0
7359.0	1.0
7361.0	1.0
7362.0	1.0
7371.0	1.0
7372.0	2.0
7377.0	1.0
7378.0	1.0
7380.0	1.0
7384.0	1.0
7397.0	1.0
7399.0	1.0
7403.0	1.0
7408.0	1.0
7417.0	2.0
7418.0	1.0
7419.0	1.0
7420.0	1.0
7422.0	1.0
7423.0	1.0
7424.0	1.0
7433.0	1.0
7434.0	1.0
7435.0	1.0
7438.0	1.0
7439.0	1.0
7442.0	1.0
7443.0	1.0
7449.0	1.0
7450.0	1.0
7451.0	1.0
7452.0	1.0
7453.0	1.0
7454.0	2.0
7455.0	1.0
7457.0	1.0
7458.0	1.0
7459.0	1.0
7460.0	2.0
7464.0	1.0
7465.0	2.0
7467.0	1.0
7473.0	1.0
7478.0	1.0
7480.0	1.0
7481.0	2.0
7485.0	1.0
7486.0	2.0
7491.0	1.0
7492.0	3.0
7495.0	1.0
7496.0	1.0
7498.0	1.0
7500.0	2.0
7501.0	1.0
7502.0	1.0
7504.0	4.0
7505.0	4.0
7506.0	4.0
7509.0	1.0
7512.0	4.0
7513.0	1.0
7514.0	1.0
7516.0	1.0
7517.0	1.0
7518.0	1.0
7519.0	1.0
7523.0	1.0
7526.0	1.0
7529.0	1.0
7530.0	1.0
7533.0	1.0
7534.0	1.0
7537.0	1.0
7551.0	1.0
7553.0	1.0
7554.0	1.0
7556.0	1.0
7557.0	1.0
7560.0	1.0
7561.0	1.0
7562.0	1.0
7569.0	1.0
7573.0	1.0
7577.0	1.0
7578.0	1.0
7581.0	1.0
7589.0	2.0
7590.0	1.0
7595.0	1.0
7596.0	1.0
7597.0	1.0
7599.0	1.0
7602.0	1.0
7605.0	2.0
7606.0	2.0
7611.0	1.0
7615.0	1.0
7618.0	1.0
7630.0	2.0
7631.0	1.0
7633.0	1.0
7634.0	1.0
7636.0	1.0
7643.0	1.0
7659.0	2.0
7662.0	1.0
7664.0	1.0
7672.0	1.0
7678.0	1.0
7683.0	1.0
7684.0	1.0
7688.0	1.0
7692.0	1.0
7696.0	1.0
7698.0	2.0
7702.0	1.0
7704.0	2.0
7705.0	1.0
7710.0	1.0
7713.0	2.0
7722.0	1.0
7727.0	1.0
7732.0	1.0
7733.0	1.0
7736.0	2.0
7740.0	1.0
7742.0	1.0
7743.0	2.0
7744.0	1.0
7745.0	1.0
7747.0	1.0
7750.0	1.0
7751.0	1.0
7752.0	1.0
7756.0	1.0
7758.0	2.0
7759.0	1.0
7761.0	1.0
7765.0	1.0
7766.0	1.0
7767.0	1.0
7768.0	1.0
7769.0	1.0
7771.0	2.0
7774.0	1.0
7775.0	1.0
7779.0	1.0
7786.0	3.0
7791.0	1.0
7807.0	2.0
7809.0	1.0
7812.0	1.0
7813.0	1.0
7821.0	1.0
7826.0	1.0
7831.0	1.0
7836.0	1.0
7839.0	1.0
7849.0	1.0
7850.0	1.0
7855.0	1.0
7859.0	1.0
7861.0	1.0
7862.0	1.0
7863.0	1.0
7869.0	1.0
7875.0	1.0
7886.0	1.0
7892.0	1.0
7901.0	1.0
7902.0	1.0
7903.0	1.0
7904.0	1.0
7907.0	1.0
7918.0	1.0
7923.0	1.0
7925.0	1.0
7928.0	1.0
7930.0	1.0
7933.0	1.0
7935.0	1.0
7936.0	1.0
7942.0	1.0
7971.0	1.0
7972.0	1.0
7973.0	1.0
7978.0	1.0
7981.0	1.0
7985.0	1.0
7990.0	1.0
7992.0	1.0
7996.0	1.0
8007.0	1.0
8009.0	1.0
8011.0	2.0
8012.0	1.0
8015.0	1.0
8017.0	1.0
8021.0	1.0
8024.0	1.0
8028.0	1.0
8029.0	1.0
8036.0	2.0
8040.0	1.0
8043.0	1.0
8049.0	2.0
8051.0	1.0
8053.0	1.0
8054.0	1.0
8057.0	1.0
8064.0	1.0
8081.0	1.0
8086.0	1.0
8092.0	1.0
8095.0	2.0
8106.0	2.0
8110.0	1.0
8112.0	1.0
8113.0	1.0
8117.0	1.0
8118.0	2.0
8120.0	1.0
8125.0	3.0
8133.0	1.0
8135.0	1.0
8140.0	1.0
8142.0	1.0
8145.0	1.0
8147.0	1.0
8149.0	1.0
8156.0	1.0
8157.0	1.0
8159.0	1.0
8163.0	1.0
8169.0	1.0
8170.0	1.0
8177.0	1.0
8180.0	1.0
8189.0	1.0
8194.0	1.0
8195.0	1.0
8196.0	1.0
8206.0	2.0
8207.0	1.0
8209.0	1.0
8219.0	1.0
8221.0	1.0
8228.0	1.0
8231.0	1.0
8232.0	1.0
8237.0	1.0
8255.0	1.0
8260.0	1.0
8264.0	1.0
8267.0	1.0
8274.0	1.0
8275.0	1.0
8278.0	1.0
8279.0	1.0
8284.0	1.0
8287.0	1.0
8289.0	1.0
8291.0	1.0
8296.0	1.0
8297.0	1.0
8299.0	1.0
8304.0	1.0
8307.0	2.0
8309.0	1.0
8310.0	1.0
8320.0	1.0
8324.0	1.0
8325.0	1.0
8333.0	1.0
8337.0	2.0
8342.0	1.0
8343.0	2.0
8344.0	1.0
8354.0	2.0
8357.0	1.0
8361.0	1.0
8369.0	1.0
8370.0	1.0
8374.0	1.0
8376.0	1.0
8378.0	2.0
8388.0	2.0
8391.0	1.0
8394.0	1.0
8399.0	1.0
8407.0	1.0
8429.0	2.0
8437.0	1.0
8451.0	2.0
8454.0	1.0
8457.0	1.0
8458.0	1.0
8462.0	1.0
8468.0	2.0
8473.0	1.0
8475.0	1.0
8481.0	1.0
8485.0	2.0
8488.0	1.0
8497.0	1.0
8501.0	1.0
8504.0	1.0
8507.0	1.0
8510.0	1.0
8513.0	1.0
8522.0	1.0
8523.0	1.0
8524.0	1.0
8531.0	2.0
8533.0	1.0
8543.0	1.0
8544.0	1.0
8547.0	1.0
8549.0	1.0
8552.0	1.0
8553.0	1.0
8554.0	1.0
8563.0	1.0
8565.0	1.0
8574.0	1.0
8583.0	1.0
8589.0	1.0
8609.0	1.0
8610.0	1.0
8614.0	1.0
8623.0	1.0
8637.0	2.0
8641.0	1.0
8651.0	1.0
8673.0	1.0
8687.0	1.0
8694.0	1.0
8700.0	1.0
8716.0	2.0
8730.0	1.0
8748.0	1.0
8750.0	2.0
8755.0	1.0
8763.0	1.0
8774.0	1.0
8776.0	1.0
8800.0	1.0
8808.0	2.0
8809.0	2.0
8813.0	1.0
8814.0	1.0
8817.0	1.0
8819.0	1.0
8828.0	1.0
8854.0	1.0
8874.0	2.0
8878.0	1.0
8880.0	1.0
8888.0	1.0
8902.0	1.0
8903.0	1.0
8909.0	1.0
8911.0	1.0
8915.0	1.0
8923.0	1.0
8926.0	1.0
8927.0	1.0
8934.0	1.0
8941.0	1.0
8944.0	1.0
8950.0	1.0
8951.0	1.0
8955.0	1.0
8956.0	1.0
8958.0	2.0
8959.0	1.0
8966.0	1.0
8971.0	1.0
8974.0	1.0
8978.0	1.0
8985.0	1.0
8988.0	1.0
8989.0	1.0
8996.0	1.0
9008.0	1.0
9027.0	1.0
9031.0	1.0
9032.0	1.0
9041.0	1.0
9049.0	1.0
9054.0	1.0
9060.0	1.0
9062.0	1.0
9070.0	1.0
9083.0	1.0
9085.0	1.0
9090.0	1.0
9093.0	1.0
9094.0	1.0
9098.0	1.0
9108.0	1.0
9111.0	1.0
9114.0	1.0
9124.0	1.0
9129.0	1.0
9135.0	1.0
9136.0	1.0
9154.0	2.0
9159.0	1.0
9161.0	1.0
9162.0	1.0
9169.0	1.0
9170.0	1.0
9185.0	1.0
9187.0	1.0
9193.0	2.0
9195.0	2.0
9198.0	1.0
9205.0	2.0
9206.0	1.0
9209.0	1.0
9210.0	2.0
9212.0	1.0
9214.0	1.0
9217.0	2.0
9218.0	1.0
9222.0	2.0
9224.0	3.0
9225.0	2.0
9226.0	1.0
9227.0	2.0
9228.0	1.0
9231.0	1.0
9238.0	1.0
9245.0	1.0
9257.0	1.0
9262.0	2.0
9268.0	1.0
9269.0	1.0
9278.0	2.0
9281.0	1.0
9289.0	1.0
9294.0	1.0
9295.0	1.0
9302.0	1.0
9317.0	1.0
9321.0	1.0
9326.0	1.0
9337.0	1.0
9345.0	1.0
9352.0	2.0
9356.0	1.0
9357.0	1.0
9360.0	1.0
9364.0	1.0
9373.0	1.0
9383.0	1.0
9384.0	1.0
9389.0	1.0
9391.0	1.0
9398.0	1.0
9407.0	1.0
9409.0	1.0
9425.0	1.0
9429.0	1.0
9436.0	1.0
9439.0	1.0
9446.0	1.0
9449.0	1.0
9451.0	1.0
9452.0	2.0
9462.0	1.0
9465.0	1.0
9475.0	1.0
9479.0	1.0
9482.0	1.0
9490.0	1.0
9497.0	2.0
9498.0	1.0
9499.0	3.0
9503.0	3.0
9504.0	1.0
9506.0	4.0
9507.0	6.0
9508.0	1.0
9511.0	2.0
9515.0	1.0
9517.0	1.0
9527.0	1.0
9533.0	1.0
9541.0	1.0
9550.0	1.0
9555.0	1.0
9573.0	1.0
9583.0	1.0
9591.0	1.0
9594.0	1.0
9599.0	1.0
9601.0	1.0
9612.0	1.0
9626.0	1.0
9635.0	1.0
9646.0	1.0
9650.0	1.0
9658.0	1.0
9664.0	1.0
9682.0	1.0
9696.0	1.0
9702.0	1.0
9715.0	1.0
9722.0	1.0
9726.0	1.0
9771.0	1.0
9784.0	1.0
9786.0	1.0
9788.0	1.0
9789.0	1.0
9791.0	1.0
9811.0	1.0
9816.0	1.0
9826.0	1.0
9835.0	1.0
9844.0	1.0
9847.0	1.0
9853.0	1.0
9867.0	1.0
9869.0	1.0
9883.0	1.0
9890.0	1.0
9892.0	2.0
9893.0	1.0
9901.0	1.0
9903.0	1.0
9909.0	1.0
9910.0	2.0
9919.0	1.0
9921.0	1.0
9922.0	2.0
9925.0	1.0
9926.0	1.0
9927.0	2.0
9934.0	1.0
9938.0	2.0
9943.0	1.0
9976.0	1.0
9989.0	1.0
9998.0	1.0
10019.0	2.0
10035.0	1.0
10048.0	1.0
10050.0	1.0
10074.0	1.0
10083.0	2.0
10123.0	1.0
10136.0	1.0
10149.0	1.0
10159.0	1.0
10167.0	1.0
10188.0	1.0
10213.0	1.0
10219.0	1.0
10241.0	1.0
10256.0	1.0
10277.0	1.0
10282.0	1.0
10289.0	1.0
10302.0	1.0
10307.0	1.0
10341.0	1.0
10346.0	1.0
10352.0	1.0
10360.0	1.0
10397.0	1.0
10402.0	1.0
10409.0	1.0
10423.0	1.0
10425.0	1.0
10432.0	1.0
10433.0	1.0
10439.0	1.0
10454.0	1.0
10466.0	1.0
10473.0	1.0
10482.0	1.0
10496.0	1.0
10501.0	1.0
10510.0	1.0
10513.0	1.0
10519.0	1.0
10520.0	1.0
10565.0	1.0
10568.0	1.0
10569.0	1.0
10574.0	1.0
10576.0	1.0
10578.0	1.0
10579.0	2.0
10586.0	1.0
10589.0	1.0
10593.0	1.0
10611.0	1.0
10624.0	1.0
10629.0	1.0
10643.0	1.0
10675.0	1.0
10685.0	1.0
10707.0	1.0
10708.0	1.0
10713.0	2.0
10725.0	1.0
10730.0	1.0
10736.0	1.0
10740.0	1.0
10760.0	1.0
10775.0	1.0
10777.0	1.0
10784.0	1.0
10788.0	1.0
10800.0	1.0
10801.0	1.0
10804.0	1.0
10805.0	1.0
10819.0	1.0
10822.0	1.0
10852.0	1.0
10856.0	1.0
10872.0	1.0
10878.0	1.0
10888.0	1.0
10903.0	1.0
10937.0	1.0
10938.0	1.0
10940.0	1.0
10944.0	1.0
10951.0	1.0
10989.0	1.0
11008.0	1.0
11010.0	1.0
11027.0	1.0
11030.0	1.0
11032.0	1.0
11054.0	2.0
11070.0	1.0
11090.0	1.0
11095.0	1.0
11107.0	1.0
11109.0	1.0
11116.0	1.0
11143.0	1.0
11152.0	1.0
11158.0	1.0
11168.0	1.0
11169.0	1.0
11179.0	1.0
11203.0	1.0
11204.0	1.0
11227.0	1.0
11230.0	1.0
11231.0	1.0
11236.0	1.0
11240.0	1.0
11256.0	1.0
11268.0	1.0
11272.0	1.0
11278.0	1.0
11282.0	1.0
11289.0	1.0
11290.0	1.0
11291.0	1.0
11300.0	1.0
11305.0	1.0
11313.0	1.0
11332.0	1.0
11334.0	1.0
11339.0	3.0
11340.0	1.0
11342.0	1.0
11343.0	1.0
11344.0	1.0
11356.0	1.0
11380.0	1.0
11416.0	1.0
11417.0	1.0
11419.0	1.0
11427.0	1.0
11432.0	1.0
11433.0	1.0
11446.0	1.0
11448.0	1.0
11451.0	1.0
11452.0	1.0
11457.0	1.0
11458.0	1.0
11466.0	1.0
11467.0	1.0
11484.0	1.0
11492.0	1.0
11495.0	1.0
11500.0	1.0
11502.0	1.0
11506.0	1.0
11517.0	1.0
11518.0	2.0
11521.0	1.0
11533.0	1.0
11537.0	1.0
11553.0	1.0
11555.0	1.0
11558.0	1.0
11565.0	1.0
11599.0	1.0
11603.0	1.0
11606.0	1.0
11607.0	1.0
11618.0	1.0
11631.0	1.0
11639.0	1.0
11648.0	1.0
11652.0	1.0
11666.0	1.0
11684.0	1.0
11686.0	1.0
11688.0	1.0
11693.0	1.0
11700.0	1.0
11706.0	1.0
11732.0	1.0
11734.0	1.0
11742.0	1.0
11750.0	1.0
11760.0	1.0
11763.0	1.0
11772.0	1.0
11774.0	1.0
11791.0	1.0
11807.0	1.0
11815.0	1.0
11820.0	1.0
11829.0	1.0
11835.0	1.0
11844.0	1.0
11845.0	1.0
11856.0	1.0
11861.0	1.0
11876.0	1.0
11877.0	1.0
11878.0	1.0
11880.0	1.0
11883.0	1.0
11884.0	1.0
11889.0	1.0
11898.0	1.0
11899.0	1.0
11903.0	1.0
11904.0	1.0
11905.0	2.0
11913.0	1.0
11915.0	1.0
11916.0	1.0
11922.0	1.0
11927.0	1.0
11928.0	1.0
11929.0	1.0
11936.0	1.0
11942.0	1.0
11951.0	1.0
11967.0	1.0
11977.0	1.0
11999.0	1.0
12040.0	1.0
12042.0	1.0
12045.0	1.0
12051.0	1.0
12054.0	1.0
12079.0	1.0
12083.0	1.0
12101.0	1.0
12103.0	1.0
12114.0	1.0
12131.0	1.0
12152.0	1.0
12161.0	1.0
12176.0	1.0
12177.0	1.0
12187.0	1.0
12208.0	1.0
12239.0	1.0
12243.0	1.0
12254.0	1.0
12274.0	1.0
12276.0	1.0
12284.0	1.0
12285.0	1.0
12288.0	1.0
12294.0	1.0
12296.0	1.0
12300.0	1.0
12315.0	1.0
12316.0	1.0
12322.0	1.0
12350.0	1.0
12356.0	1.0
12367.0	1.0
12373.0	2.0
12375.0	1.0
12397.0	1.0
12429.0	1.0
12433.0	1.0
12467.0	1.0
12474.0	1.0
12515.0	1.0
12530.0	1.0
12536.0	1.0
12564.0	1.0
12567.0	1.0
12569.0	1.0
12585.0	1.0
12608.0	1.0
12616.0	1.0
12617.0	1.0
12620.0	1.0
12630.0	1.0
12631.0	1.0
12639.0	1.0
12658.0	1.0
12663.0	1.0
12665.0	1.0
12673.0	1.0
12676.0	1.0
12677.0	1.0
12680.0	1.0
12686.0	1.0
12689.0	2.0
12691.0	1.0
12692.0	2.0
12693.0	2.0
12698.0	1.0
12699.0	1.0
12700.0	2.0
12703.0	1.0
12708.0	1.0
12716.0	1.0
12721.0	2.0
12734.0	1.0
12742.0	1.0
12749.0	1.0
12760.0	1.0
12797.0	1.0
12812.0	1.0
12816.0	1.0
12827.0	1.0
12829.0	2.0
12846.0	1.0
12848.0	1.0
12879.0	1.0
12885.0	1.0
12913.0	1.0
12918.0	1.0
12926.0	1.0
12931.0	2.0
12956.0	1.0
12962.0	1.0
12976.0	1.0
13011.0	1.0
13061.0	1.0
13136.0	1.0
13154.0	1.0
13187.0	1.0
13204.0	1.0
13211.0	1.0
13214.0	1.0
13239.0	1.0
13260.0	1.0
13267.0	1.0
13285.0	1.0
13290.0	1.0
13300.0	1.0
13302.0	1.0
13322.0	1.0
13351.0	1.0
13378.0	1.0
13426.0	1.0
13428.0	1.0
13469.0	1.0
13471.0	1.0
13492.0	1.0
13505.0	1.0
13578.0	1.0
13603.0	1.0
13604.0	1.0
13619.0	1.0
13630.0	2.0
13633.0	1.0
13643.0	1.0
13666.0	1.0
13675.0	1.0
13729.0	1.0
13739.0	1.0
13743.0	1.0
13747.0	1.0
13748.0	1.0
13772.0	1.0
13784.0	1.0
13799.0	1.0
13806.0	1.0
13809.0	1.0
13855.0	1.0
13856.0	1.0
13864.0	1.0
13867.0	1.0
13870.0	1.0
13907.0	1.0
13916.0	1.0
13927.0	1.0
13934.0	1.0
13952.0	1.0
13953.0	1.0
13987.0	1.0
14014.0	2.0
14051.0	1.0
14063.0	1.0
14067.0	1.0
14070.0	1.0
14074.0	1.0
14075.0	1.0
14099.0	1.0
14100.0	1.0
14102.0	1.0
14127.0	1.0
14137.0	1.0
14155.0	1.0
14161.0	1.0
14167.0	1.0
14208.0	1.0
14233.0	1.0
14288.0	1.0
14289.0	1.0
14300.0	1.0
14304.0	1.0
14315.0	1.0
14317.0	3.0
14322.0	1.0
14338.0	1.0
14371.0	1.0
14384.0	1.0
14388.0	1.0
14392.0	1.0
14421.0	1.0
14434.0	1.0
14443.0	1.0
14457.0	1.0
14474.0	1.0
14498.0	1.0
14544.0	1.0
14547.0	1.0
14549.0	1.0
14555.0	1.0
14558.0	1.0
14573.0	1.0
14587.0	1.0
14619.0	1.0
14632.0	1.0
14636.0	1.0
14637.0	1.0
14641.0	1.0
14665.0	1.0
14671.0	1.0
14677.0	1.0
14698.0	1.0
14719.0	1.0
14726.0	1.0
14736.0	1.0
14748.0	1.0
14772.0	1.0
14775.0	1.0
14782.0	1.0
14795.0	1.0
14804.0	1.0
14813.0	1.0
14823.0	1.0
14836.0	1.0
14837.0	1.0
14851.0	1.0
14860.0	1.0
14861.0	1.0
14863.0	1.0
14882.0	1.0
14919.0	1.0
14920.0	1.0
14923.0	1.0
14924.0	1.0
14934.0	1.0
14939.0	1.0
14948.0	1.0
14954.0	1.0
14967.0	1.0
14974.0	1.0
14979.0	1.0
14990.0	1.0
15009.0	1.0
15011.0	1.0
15016.0	1.0
15030.0	1.0
15048.0	1.0
15055.0	1.0
15057.0	1.0
15063.0	1.0
15069.0	1.0
15071.0	1.0
15078.0	1.0
15086.0	1.0
15087.0	1.0
15097.0	1.0
15098.0	1.0
15103.0	1.0
15110.0	1.0
15122.0	1.0
15136.0	2.0
15140.0	1.0
15141.0	1.0
15148.0	1.0
15152.0	1.0
15160.0	1.0
15182.0	1.0
15183.0	1.0
15186.0	1.0
15187.0	1.0
15189.0	1.0
15196.0	1.0
15198.0	1.0
15205.0	1.0
15218.0	1.0
15226.0	1.0
15246.0	1.0
15249.0	1.0
15250.0	1.0
15256.0	2.0
15260.0	1.0
15269.0	1.0
15270.0	1.0
15272.0	1.0
15273.0	1.0
15279.0	1.0
15280.0	1.0
15287.0	1.0
15290.0	1.0
15296.0	1.0
15299.0	1.0
15326.0	1.0
15327.0	1.0
15349.0	1.0
15351.0	1.0
15354.0	1.0
15356.0	1.0
15360.0	1.0
15366.0	1.0
15372.0	1.0
15394.0	1.0
15397.0	1.0
15403.0	1.0
15405.0	1.0
15407.0	1.0
15408.0	1.0
15422.0	1.0
15431.0	1.0
15432.0	1.0
15434.0	1.0
15435.0	1.0
15436.0	1.0
15438.0	1.0
15442.0	1.0
15446.0	1.0
15450.0	1.0
15454.0	1.0
15472.0	1.0
15474.0	2.0
15484.0	1.0
15488.0	1.0
15506.0	1.0
15518.0	1.0
15522.0	2.0
15528.0	1.0
15529.0	2.0
15539.0	1.0
15543.0	1.0
15546.0	1.0
15570.0	1.0
15576.0	1.0
15605.0	1.0
15611.0	1.0
15641.0	1.0
15644.0	1.0
15660.0	1.0
15677.0	1.0
15687.0	1.0
15692.0	1.0
15695.0	1.0
15704.0	1.0
15713.0	1.0
15715.0	1.0
15717.0	1.0
15719.0	2.0
15729.0	1.0
15743.0	1.0
15751.0	1.0
15754.0	1.0
15763.0	1.0
15769.0	1.0
15783.0	1.0
15791.0	1.0
15809.0	1.0
15811.0	1.0
15828.0	1.0
15868.0	1.0
15872.0	1.0
15878.0	2.0
15885.0	1.0
15891.0	2.0
15895.0	1.0
15900.0	1.0
15912.0	1.0
15922.0	1.0
15923.0	1.0
15928.0	1.0
15936.0	1.0
15939.0	1.0
15949.0	1.0
15955.0	1.0
15957.0	1.0
15959.0	1.0
15966.0	1.0
15968.0	1.0
15970.0	1.0
15980.0	1.0
15981.0	1.0
15985.0	1.0
16018.0	1.0
16022.0	1.0
16070.0	1.0
16082.0	1.0
16090.0	1.0
16103.0	1.0
16125.0	1.0
16130.0	1.0
16132.0	1.0
16135.0	1.0
16138.0	1.0
16178.0	1.0
16211.0	1.0
16251.0	1.0
16259.0	1.0
16286.0	1.0
16293.0	1.0
16296.0	1.0
16297.0	1.0
16311.0	1.0
16316.0	1.0
16322.0	2.0
16333.0	1.0
16344.0	1.0
16358.0	1.0
16379.0	1.0
16380.0	1.0
16397.0	1.0
16428.0	1.0
16439.0	1.0
16455.0	1.0
16461.0	1.0
16466.0	1.0
16497.0	1.0
16501.0	1.0
16502.0	1.0
16507.0	1.0
16515.0	1.0
16519.0	1.0
16522.0	1.0
16548.0	1.0
16550.0	1.0
16557.0	1.0
16568.0	1.0
16569.0	1.0
16572.0	1.0
16574.0	1.0
16579.0	1.0
16582.0	1.0
16592.0	1.0
16606.0	1.0
16620.0	1.0
16633.0	1.0
16634.0	1.0
16649.0	1.0
16660.0	1.0
16672.0	1.0
16673.0	1.0
16680.0	1.0
16703.0	1.0
16711.0	1.0
16742.0	1.0
16762.0	1.0
16769.0	1.0
16771.0	1.0
16784.0	1.0
16804.0	1.0
16811.0	1.0
16834.0	1.0
16836.0	1.0
16847.0	1.0
16866.0	1.0
16874.0	1.0
16886.0	1.0
16901.0	1.0
16903.0	1.0
16912.0	1.0
16914.0	1.0
16924.0	1.0
16933.0	1.0
16936.0	1.0
16940.0	1.0
16945.0	1.0
16949.0	1.0
16959.0	1.0
16965.0	1.0
16971.0	1.0
16972.0	1.0
16977.0	1.0
16990.0	1.0
16992.0	1.0
16999.0	1.0
17014.0	1.0
17015.0	1.0
17025.0	1.0
17042.0	1.0
17069.0	1.0
17082.0	1.0
17095.0	1.0
17141.0	1.0
17149.0	1.0
17182.0	1.0
17223.0	1.0
17227.0	1.0
17247.0	1.0
17263.0	1.0
17264.0	1.0
17283.0	1.0
17288.0	1.0
17295.0	1.0
17306.0	1.0
17343.0	1.0
17348.0	1.0
17355.0	1.0
17393.0	1.0
17432.0	1.0
17446.0	1.0
17450.0	1.0
17474.0	1.0
17480.0	1.0
17481.0	1.0
17487.0	1.0
17517.0	1.0
17581.0	1.0
17595.0	1.0
17601.0	1.0
17615.0	1.0
17619.0	1.0
17640.0	1.0
17708.0	1.0
17716.0	1.0
17722.0	1.0
17770.0	1.0
17771.0	1.0
17778.0	1.0
17789.0	1.0
17797.0	1.0
17823.0	1.0
17861.0	1.0
17880.0	1.0
17898.0	1.0
17909.0	1.0
17910.0	1.0
17916.0	1.0
17967.0	1.0
17973.0	1.0
17985.0	1.0
17988.0	1.0
18019.0	1.0
18022.0	1.0
18030.0	1.0
18037.0	1.0
18042.0	1.0
18046.0	1.0
18077.0	1.0
18079.0	1.0
18123.0	1.0
18130.0	1.0
18170.0	1.0
18175.0	1.0
18203.0	1.0
18213.0	1.0
18260.0	1.0
18296.0	1.0
18301.0	1.0
18308.0	1.0
18319.0	1.0
18324.0	1.0
18345.0	1.0
18354.0	1.0
18358.0	1.0
18368.0	1.0
18388.0	1.0
18445.0	1.0
18450.0	1.0
18453.0	1.0
18476.0	1.0
18479.0	1.0
18527.0	1.0
18540.0	1.0
18554.0	1.0
18570.0	1.0
18575.0	1.0
18603.0	1.0
18617.0	1.0
18650.0	1.0
18652.0	1.0
18681.0	1.0
18687.0	1.0
18691.0	1.0
18693.0	1.0
18701.0	1.0
18703.0	1.0
18709.0	1.0
18721.0	1.0
18725.0	1.0
18729.0	1.0
18731.0	1.0
18736.0	1.0
18758.0	1.0
18778.0	1.0
18819.0	1.0
18826.0	1.0
18831.0	1.0
18835.0	1.0
18843.0	1.0
18879.0	1.0
18883.0	1.0
18892.0	1.0
18909.0	1.0
18916.0	1.0
18931.0	1.0
18934.0	1.0
18937.0	1.0
18970.0	1.0
18972.0	1.0
18995.0	1.0
18997.0	1.0
19010.0	1.0
19018.0	1.0
19019.0	1.0
19047.0	1.0
19078.0	1.0
19079.0	1.0
19095.0	1.0
19100.0	1.0
19126.0	1.0
19134.0	1.0
19140.0	1.0
19141.0	1.0
19156.0	2.0
19163.0	1.0
19168.0	1.0
19170.0	1.0
19174.0	1.0
19178.0	1.0
19193.0	1.0
19200.0	1.0
19206.0	1.0
19207.0	1.0
19226.0	1.0
19245.0	1.0
19247.0	1.0
19252.0	1.0
19271.0	1.0
19275.0	1.0
19286.0	1.0
19290.0	1.0
19291.0	1.0
19299.0	1.0
19310.0	1.0
19315.0	1.0
19326.0	1.0
19342.0	1.0
19344.0	1.0
19345.0	1.0
19348.0	1.0
19352.0	1.0
19353.0	1.0
19355.0	1.0
19356.0	1.0
19371.0	1.0
19380.0	1.0
19381.0	1.0
19385.0	1.0
19388.0	1.0
19392.0	1.0
19399.0	1.0
19402.0	1.0
19409.0	1.0
19410.0	2.0
19411.0	1.0
19412.0	4.0
19414.0	2.0
19417.0	1.0
19420.0	1.0
19425.0	1.0
19434.0	1.0
19445.0	1.0
19452.0	1.0
19460.0	1.0
19461.0	1.0
19467.0	1.0
19495.0	1.0
19506.0	2.0
19525.0	1.0
19526.0	1.0
19531.0	1.0
19536.0	1.0
19547.0	1.0
19556.0	1.0
19569.0	1.0
19578.0	1.0
19586.0	1.0
19587.0	1.0
19601.0	1.0
19611.0	1.0
19613.0	1.0
19615.0	1.0
19632.0	1.0
19635.0	1.0
19637.0	2.0
19644.0	1.0
19648.0	1.0
19658.0	1.0
19678.0	1.0
19688.0	1.0
19708.0	2.0
19713.0	1.0
19730.0	1.0
19733.0	1.0
19745.0	1.0
19750.0	1.0
19774.0	1.0
19784.0	1.0
19800.0	2.0
19806.0	1.0
19814.0	1.0
19826.0	1.0
19838.0	2.0
19856.0	1.0
19873.0	1.0
19880.0	1.0
19889.0	1.0
19898.0	1.0
19921.0	1.0
19926.0	1.0
19928.0	1.0
19936.0	1.0
19941.0	1.0
19963.0	1.0
19977.0	1.0
19980.0	1.0
19993.0	1.0
20004.0	1.0
20015.0	1.0
20033.0	1.0
20040.0	1.0
20041.0	1.0
20044.0	1.0
20054.0	2.0
20058.0	1.0
20071.0	1.0
20072.0	1.0
20080.0	1.0
20081.0	1.0
20089.0	1.0
20094.0	2.0
20103.0	1.0
20126.0	2.0
20135.0	1.0
20161.0	1.0
20177.0	1.0
20188.0	1.0
20218.0	1.0
20249.0	1.0
20271.0	1.0
20275.0	1.0
20297.0	1.0
20309.0	1.0
20339.0	1.0
20362.0	1.0
20375.0	1.0
20377.0	1.0
20408.0	1.0
20417.0	1.0
20428.0	1.0
20451.0	1.0
20468.0	1.0
20488.0	1.0
20515.0	1.0
20544.0	1.0
20565.0	1.0
20570.0	1.0
20576.0	1.0
20577.0	2.0
20586.0	1.0
20590.0	2.0
20648.0	1.0
20664.0	1.0
20675.0	1.0
20698.0	1.0
20755.0	1.0
20773.0	1.0
20805.0	1.0
20829.0	1.0
20843.0	1.0
20883.0	1.0
20899.0	1.0
20925.0	1.0
20966.0	1.0
20993.0	1.0
21036.0	1.0
21042.0	1.0
21045.0	1.0
21061.0	1.0
21072.0	1.0
21141.0	1.0
21153.0	1.0
21186.0	1.0
21199.0	1.0
21229.0	1.0
21249.0	1.0
21252.0	1.0
21310.0	1.0
21345.0	1.0
21352.0	1.0
21382.0	1.0
21435.0	1.0
21450.0	1.0
21494.0	1.0
21542.0	1.0
21544.0	1.0
21568.0	1.0
21570.0	1.0
21580.0	1.0
21595.0	1.0
21600.0	2.0
21641.0	1.0
21676.0	1.0
21690.0	1.0
21715.0	1.0
21719.0	1.0
21761.0	1.0
21769.0	1.0
21788.0	1.0
21803.0	1.0
21824.0	1.0
21864.0	1.0
21877.0	1.0
21898.0	1.0
21965.0	1.0
21970.0	1.0
21983.0	1.0
22007.0	1.0
22013.0	1.0
22015.0	1.0
22019.0	1.0
22033.0	1.0
22091.0	1.0
22120.0	1.0
22155.0	1.0
22161.0	1.0
22237.0	1.0
22267.0	1.0
22269.0	1.0
22283.0	1.0
22323.0	1.0
22329.0	1.0
22345.0	1.0
22404.0	1.0
22407.0	1.0
22423.0	1.0
22472.0	1.0
22489.0	1.0
22492.0	1.0
22494.0	1.0
22517.0	1.0
22542.0	1.0
22559.0	1.0
22590.0	1.0
22607.0	1.0
22612.0	1.0
22616.0	1.0
22628.0	1.0
22640.0	1.0
22688.0	1.0
22691.0	1.0
22708.0	1.0
22713.0	1.0
22757.0	1.0
22782.0	1.0
22783.0	1.0
22798.0	1.0
22814.0	1.0
22821.0	1.0
22845.0	1.0
22857.0	1.0
22878.0	1.0
22899.0	1.0
22919.0	1.0
22929.0	1.0
22933.0	1.0
22938.0	1.0
22986.0	1.0
22994.0	1.0
22997.0	1.0
23017.0	1.0
23043.0	1.0
23047.0	1.0
23067.0	1.0
23085.0	1.0
23103.0	1.0
23119.0	1.0
23157.0	1.0
23170.0	1.0
23171.0	1.0
23172.0	1.0
23176.0	1.0
23181.0	1.0
23219.0	1.0
23222.0	1.0
23224.0	1.0
23232.0	1.0
23239.0	1.0
23246.0	1.0
23248.0	1.0
23252.0	1.0
23274.0	1.0
23295.0	1.0
23332.0	1.0
23334.0	1.0
23348.0	1.0
23349.0	1.0
23350.0	1.0
23378.0	1.0
23387.0	1.0
23403.0	1.0
23425.0	1.0
23438.0	1.0
23457.0	1.0
23490.0	1.0
23523.0	1.0
23534.0	1.0
23574.0	1.0
23588.0	1.0
23597.0	1.0
23609.0	1.0
23640.0	1.0
23654.0	1.0
23678.0	1.0
23681.0	1.0
23699.0	1.0
23724.0	1.0
23744.0	1.0
23810.0	1.0
23816.0	1.0
23828.0	1.0
23845.0	1.0
23859.0	1.0
23878.0	1.0
23882.0	1.0
23891.0	1.0
23892.0	1.0
23893.0	1.0
23907.0	1.0
23910.0	1.0
23918.0	1.0
24007.0	1.0
24017.0	1.0
24079.0	1.0
24159.0	1.0
24175.0	1.0
24281.0	1.0
24292.0	1.0
24353.0	1.0
24377.0	1.0
24534.0	1.0
24542.0	1.0
24555.0	1.0
24591.0	1.0
24626.0	1.0
24723.0	1.0
24755.0	1.0
24763.0	1.0
24800.0	1.0
24815.0	1.0
24816.0	1.0
24841.0	1.0
24883.0	1.0
25000.0	1.0
25054.0	1.0
25092.0	1.0
25110.0	1.0
25121.0	1.0
25299.0	1.0
25346.0	1.0
25360.0	1.0
25370.0	1.0
25435.0	1.0
25506.0	1.0
25580.0	1.0
25592.0	1.0
25602.0	1.0
25607.0	1.0
25637.0	1.0
25653.0	1.0
25755.0	1.0
25777.0	1.0
25782.0	2.0
25805.0	1.0
25816.0	1.0
25832.0	1.0
25911.0	1.0
25912.0	1.0
25951.0	1.0
25974.0	1.0
26025.0	1.0
26050.0	1.0
26100.0	1.0
26102.0	1.0
26108.0	1.0
26119.0	1.0
26155.0	1.0
26162.0	1.0
26176.0	1.0
26221.0	1.0
26222.0	1.0
26263.0	1.0
26298.0	1.0
26320.0	1.0
26444.0	1.0
26454.0	1.0
26473.0	1.0
26550.0	2.0
26598.0	1.0
26612.0	1.0
26661.0	1.0
26740.0	1.0
26762.0	1.0
26764.0	1.0
26828.0	1.0
26870.0	1.0
26911.0	1.0
26999.0	1.0
27036.0	1.0
27136.0	1.0
27159.0	1.0
27186.0	1.0
27214.0	1.0
27240.0	1.0
27250.0	1.0
27273.0	1.0
27289.0	1.0
27329.0	2.0
27435.0	1.0
27467.0	1.0
27501.0	1.0
27584.0	1.0
27589.0	1.0
27606.0	1.0
27615.0	1.0
27621.0	1.0
27628.0	1.0
27647.0	2.0
27657.0	1.0
27671.0	1.0
27673.0	1.0
27688.0	1.0
27693.0	1.0
27704.0	1.0
27706.0	1.0
27713.0	1.0
27714.0	1.0
27721.0	1.0
27730.0	1.0
27751.0	1.0
27773.0	1.0
27810.0	1.0
27833.0	1.0
27850.0	1.0
27895.0	1.0
27901.0	1.0
27915.0	1.0
27960.0	1.0
27970.0	1.0
28009.0	1.0
28033.0	1.0
28081.0	1.0
28098.0	1.0
28124.0	1.0
28149.0	1.0
28159.0	1.0
28210.0	2.0
28261.0	1.0
28323.0	1.0
28329.0	1.0
28377.0	1.0
28381.0	1.0
28425.0	1.0
28463.0	1.0
28492.0	1.0
28523.0	1.0
28547.0	1.0
28596.0	1.0
28605.0	1.0
28654.0	1.0
28693.0	1.0
28699.0	1.0
28726.0	1.0
28748.0	1.0
28770.0	1.0
28787.0	1.0
28792.0	1.0
28810.0	1.0
28819.0	1.0
28824.0	1.0
28830.0	1.0
28870.0	1.0
28871.0	1.0
28872.0	1.0
28883.0	1.0
28894.0	1.0
28898.0	1.0
28906.0	1.0
28915.0	1.0
28926.0	1.0
28942.0	1.0
28946.0	1.0
28966.0	1.0
29031.0	1.0
29130.0	1.0
29438.0	1.0
29452.0	1.0
29797.0	1.0
30093.0	1.0
30099.0	1.0
30140.0	1.0
30151.0	1.0
30235.0	1.0
30379.0	1.0
30482.0	1.0
30489.0	1.0
30598.0	1.0
30624.0	1.0
30709.0	1.0
30722.0	1.0
30775.0	1.0
30799.0	1.0
30842.0	1.0
30857.0	1.0
30881.0	1.0
30919.0	1.0
30984.0	1.0
30994.0	1.0
31015.0	1.0
31036.0	1.0
31038.0	1.0
31051.0	1.0
31053.0	1.0
31064.0	1.0
31066.0	1.0
31067.0	1.0
31072.0	1.0
31073.0	1.0
31074.0	1.0
31075.0	1.0
31170.0	1.0
31384.0	1.0
31710.0	1.0
31741.0	1.0
31874.0	1.0
31899.0	1.0
31940.0	1.0
31989.0	1.0
32040.0	1.0
32112.0	1.0
32217.0	1.0
32273.0	1.0
32306.0	1.0
32368.0	1.0
32397.0	1.0
32415.0	1.0
32448.0	1.0
32481.0	1.0
32485.0	1.0
32517.0	1.0
32540.0	1.0
32583.0	1.0
32598.0	1.0
32628.0	1.0
32640.0	1.0
32707.0	1.0
32717.0	1.0
32726.0	1.0
32734.0	3.0
32737.0	1.0
34022.0	1.0
35385.0	1.0
37161.0	1.0
39008.0	1.0
40711.0	1.0
41165.0	1.0
45254.0	1.0
47475.0	1.0
55190.0	1.0
59209.0	1.0
59301.0	1.0
66335.0	1.0
67551.0	1.0
67916.0	1.0
69223.0	1.0
70941.0	1.0
74470.0	1.0
79523.0	1.0
81293.0	1.0
82439.0	1.0
82900.0	1.0
89027.0	1.0
90547.0	1.0
93154.0	1.0
93745.0	1.0
96094.0	1.0
99476.0	1.0
101315.0	1.0
102362.0	1.0
104790.0	1.0
107841.0	1.0
110624.0	1.0
113046.0	1.0
113285.0	1.0
114399.0	1.0
116961.0	1.0
123436.0	1.0
123601.0	1.0
126121.0	1.0
128288.0	1.0
128566.0	1.0
133108.0	1.0
135592.0	1.0
136106.0	1.0
138080.0	1.0
141397.0	1.0
141505.0	1.0
145979.0	1.0
146983.0	1.0
147992.0	1.0
151174.0	1.0
153166.0	1.0
156209.0	1.0
160351.0	1.0
162129.0	1.0
165324.0	1.0
166729.0	1.0
166989.0	1.0
169486.0	1.0
171903.0	1.0
176209.0	1.0
178388.0	1.0
180823.0	1.0
182089.0	1.0
182504.0	1.0
183813.0	1.0
186336.0	1.0
194656.0	1.0
197237.0	1.0
202650.0	1.0
202778.0	1.0
204617.0	1.0
205936.0	1.0
207476.0	1.0
208685.0	1.0
208863.0	1.0
209541.0	1.0
211024.0	1.0
212439.0	1.0
213300.0	1.0
214847.0	1.0
215002.0	1.0
216322.0	1.0
217136.0	1.0
217362.0	1.0
218010.0	1.0
219017.0	1.0
219977.0	1.0
220737.0	1.0
221955.0	1.0
222488.0	1.0
222677.0	1.0
223245.0	1.0
223317.0	1.0
223555.0	1.0
223639.0	1.0
223775.0	1.0
223939.0	1.0
224160.0	1.0
224302.0	1.0
224683.0	1.0
224769.0	1.0
224936.0	1.0
225015.0	1.0
225040.0	1.0
225421.0	1.0
225905.0	1.0
227303.0	1.0
227792.0	1.0
227941.0	1.0
228937.0	1.0
229597.0	1.0
231297.0	1.0
231325.0	1.0
231820.0	1.0
233594.0	1.0
234762.0	1.0
235287.0	1.0
237593.0	1.0
240202.0	1.0
242042.0	1.0
244411.0	1.0
246819.0	1.0
250544.0	1.0
251844.0	1.0
253299.0	1.0
254206.0	1.0
254208.0	1.0
254971.0	1.0
255525.0	1.0
256299.0	1.0
256371.0	1.0
258913.0	1.0
259012.0	1.0
259406.0	1.0
260123.0	1.0
260240.0	1.0
260575.0	1.0
260653.0	1.0
261604.0	1.0
262273.0	1.0
262906.0	1.0
263504.0	1.0
263753.0	1.0
263864.0	1.0
264069.0	1.0
264152.0	1.0
264382.0	1.0
264436.0	1.0
264676.0	1.0
264684.0	1.0
265003.0	1.0
265829.0	1.0
266521.0	1.0
266628.0	1.0
266813.0	1.0
