#Position (bp)	Coverage
1473116.5	12.110349083167923
4419348.5	10.298856980712992
7365580.5	9.312319260669222
1.03118125E7	6.117720871947626
1.32580445E7	7.775689762381238
1.62042765E7	9.045875884859033
1.91505085E7	5.416144757099916
2.20967405E7	7.220823750471789
2.50429725E7	7.190127932898699
2.79892045E7	7.552961206042158
3.09354365E7	6.8125059397902135
3.38816685E7	7.806985668474173
3.68279005E7	8.185243728260367
3.97741325E7	8.042989825648489
4.27203645E7	7.788492895332071
4.56665965E7	5.233234178435371
4.86128285E7	7.560992141827256
5.15590605E7	7.863508033311701
5.45052925E7	10.622258192837496
5.74515245E7	11.522156775162308
6.03977565E7	8.82435938514007
6.33439885E7	9.255803344746782
6.62902205E7	9.434616825830417
6.92364525E7	8.397305100209351
7.21826845E7	7.688931150024845
7.51289165E7	18.654537388773186
7.80751485E7	8.955366379837026
8.10213805E7	8.005955403376245
8.39676125E7	8.719573679194307
8.69138445E7	10.255906527388204
8.98600765E7	10.404899885684495
9.28063085E7	8.569007803866091
9.57525405E7	7.841850879360485
9.86987725E7	6.958665169613255
1.016450045E8	8.542551978255617
1.045912365E8	6.061382131481839
1.075374685E8	6.9759506379674106
1.104837005E8	5.1825643737492495
1.134299325E8	8.755247040966225
1.163761645E8	9.111498687136654
1.193223965E8	9.619563225163532
1.222686285E8	9.623309365996976
1.252148605E8	6.439335055759356
1.281610925E8	6.978679547299738
1.311073245E8	8.641008243749983
1.340535565E8	8.754140542903613
1.369997885E8	7.261783186117047
1.399460205E8	6.670761162053769
1.428922525E8	8.41189729797246
1.458384845E8	8.721893930959952
1.487847165E8	9.343117242633982
1.517309485E8	8.068531941815852
1.546771805E8	5.752947833028763
1.576234125E8	8.280631328422201
1.605696445E8	6.429559518734438
1.635158765E8	4.998011697653138
1.664621085E8	5.307559282500495
1.694083405E8	7.583238183551058
1.723545725E8	5.60319723633441
1.753008045E8	4.8073179573095395
1.782470365E8	5.133871331246148
1.811932685E8	7.632774336847879
1.841395005E8	9.296690824076311
1.870857325E8	8.627239810035327
1.900319645E8	7.876978459265937
1.929781965E8	9.506778828008114
1.959244285E8	9.135931589908738
1.988706605E8	7.688406072569981
2.018168925E8	7.566808044987631
2.047631245E8	9.445056940526069
2.077093565E8	11.513693422649675
2.106555885E8	9.045690563404376
2.136018205E8	8.705940333279932
2.154737165E8	8.1530981995085
2.169468325E8	10.35282909629762
2.194942845E8	8.79586706002786
2.224405165E8	10.125779300475998
2.253867485E8	8.543997214068682
2.283329805E8	7.3950252390171585
2.312792125E8	8.348409086589243
2.342254445E8	8.758056731445453
2.371716765E8	7.645854433730949
2.401179085E8	7.644851457726343
2.430641405E8	8.370294667901238
2.460103725E8	5.833397030512193
2.489566045E8	7.513986339161343
2.519028365E8	8.215476581613396
2.548490685E8	7.866549205900961
2.577953005E8	7.8034326556768105
2.607415325E8	8.427886534393762
2.636877645E8	7.938091433396963
2.666339965E8	8.492425240103291
2.695802285E8	8.221875602464436
2.725264605E8	8.242031856282873
2.754726925E8	6.498296468166798
2.784189245E8	10.559191876267722
2.813651565E8	9.803693667029616
2.843113885E8	9.400045549705522
2.872576205E8	9.153446164456838
2.902038525E8	8.781365147075993
2.931500845E8	6.645529612060422
2.960963165E8	5.168963611826903
2.990425485E8	6.402357316056577
3.019887805E8	7.066258529538747
3.049350125E8	7.3249778021554315
3.078812445E8	6.756717733023061
3.108274765E8	7.494735648788011
3.137737085E8	7.198506431265426
3.167199405E8	8.640356224492844
3.196661725E8	4.973043874345265
3.226124045E8	6.2353738605785285
3.255586365E8	7.924281590859104
3.285048685E8	8.208388545097602
3.314511005E8	7.925420333497159
3.343973325E8	7.943481029328308
3.373435645E8	6.676103918496574
3.402897965E8	7.878096836908974
3.432360285E8	7.969415850482922
3.461822605E8	7.1090328256566355
3.491284925E8	7.137614077913756
3.520747245E8	6.734601687850787
3.550209565E8	9.381496093993956
3.579671885E8	8.423938780109646
3.609134205E8	7.265762845560023
3.638596525E8	6.271375438186809
3.668058845E8	9.967308412915209
3.697521165E8	9.35028538146351
3.726983485E8	7.8701324267742665
3.756445805E8	8.837119751601367
3.785908125E8	9.96177524376899
3.804938555E8	12.871502603930434
3.819669715E8	14.7644942575123
3.844832765E8	8.360516076127066
3.874295085E8	11.078949655016984
3.903757405E8	8.004735879591289
3.933219725E8	9.94905492846456
3.962682045E8	10.004698883183673
3.992144365E8	9.87051019743184
4.021606685E8	8.742661134628909
4.051069005E8	8.075386459722113
4.080531325E8	7.733145251290462
4.109993645E8	8.207486375818334
4.139455965E8	8.943062189264118
4.168918285E8	8.564017022420503
4.198380605E8	9.699675721396007
4.227842925E8	6.528900303845726
4.257305245E8	9.428431976843642
4.286767565E8	8.502500821388132
4.316229885E8	7.654204081688068
4.345692205E8	7.930913790903093
4.375154525E8	8.561562022271158
4.404616845E8	8.024027639371237
4.434079165E8	8.806839040510049
4.463541485E8	7.845827484054209
4.493003805E8	7.839288284154133
4.522466125E8	7.579130564056055
4.551928445E8	8.127335525511908
4.581390765E8	7.7939035350916015
4.610853085E8	6.748648782580598
4.640315405E8	6.158401307161147
4.669777725E8	8.961229801319108
4.699240045E8	7.770022863101073
4.728702365E8	7.794292506496434
4.758164685E8	5.231152536528013
4.787627005E8	11.288384282025312
4.817089325E8	6.073294974733829
4.846551645E8	7.191458106489916
4.876013965E8	7.559543172431771
4.905476285E8	8.618117989350464
4.934938605E8	7.041615527901401
4.964400925E8	8.382231270314083
4.993863245E8	9.209254057385841
5.023325565E8	9.288732523440109
5.05119797E8	11.551149453495464
5.06592913E8	10.331275571335574
5.082250205E8	9.735599572606638
5.111712525E8	7.147461571254402
5.141174845E8	7.949883783761767
5.170637165E8	6.013290874581499
5.200099485E8	7.776054635208633
5.229561805E8	7.392652038264468
5.259024125E8	9.079315206677546
5.288486445E8	9.490008594027897
5.317948765E8	8.228005465964662
5.347411085E8	7.764257193595073
5.376873405E8	7.408151157139017
5.406335725E8	8.563355499499021
5.435798045E8	5.850181519988921
5.465260365E8	8.85212366168041
5.494722685E8	10.914735160028131
5.524185005E8	6.58714147426272
5.553647325E8	8.940052921833718
5.583109645E8	7.585937903057193
5.612571965E8	8.068580138970725
5.642034285E8	7.307677399471596
5.671496605E8	6.709115914836306
5.700958925E8	4.907885054537457
5.730421245E8	8.38925515709557
5.759883565E8	8.86496005745644
5.789345885E8	6.628447454239856
5.818808205E8	7.515459067717681
5.848270525E8	6.885029420629468
5.875864595E8	8.470958748836772
5.890595755E8	10.459700254248629
5.907195165E8	11.21668184990184
5.936657485E8	10.493757110777427
5.966119805E8	8.564667344594723
5.995582125E8	9.313869715623209
6.025044445E8	9.915871866166684
6.054506765E8	9.517441599982622
6.083969085E8	7.44534001395681
6.113431405E8	8.365492941492727
6.142893725E8	10.156390603319766
6.172356045E8	8.969181653040222
6.201818365E8	7.628755644497786
6.231280685E8	5.531405877066029
6.260743005E8	5.653507598858474
6.290205325E8	7.71195784989098
6.319667645E8	10.199889214427106
6.349129965E8	5.400904613078671
6.378592285E8	8.30296595787433
6.408054605E8	9.388736528555796
6.437516925E8	7.230733357047239
6.466979245E8	7.352587644150223
6.496441565E8	7.264770730886094
6.525903885E8	12.155849912702054
6.555366205E8	8.502581941951618
6.58437679E8	12.635948226206587
6.59910795E8	9.734302190443513
6.614290845E8	10.694038351358616
6.643753165E8	9.36310887940936
6.673215485E8	8.540650905970745
6.702677805E8	10.60188369415579
6.732140125E8	11.711927302398454
6.761602445E8	7.799009039342455
6.791064765E8	8.436116028880278
6.820527085E8	7.019572457294606
6.849989405E8	9.534652736104963
6.879451725E8	11.30000828176464
6.908914045E8	13.533321204847413
6.938376365E8	9.801437564998276
6.967838685E8	6.45198545124756
6.997301005E8	10.085521099492505
7.026763325E8	12.083382435599097
7.056225645E8	10.489939013628256
7.085687965E8	11.674068776661173
7.112236495E8	11.758236815805885
7.126967655E8	16.950941900411493
7.144612605E8	12.023245623562572
7.174074925E8	12.560451451209545
7.203537245E8	7.4777268049495085
7.232999565E8	8.359300964757697
7.262461885E8	8.268620733194128
7.291924205E8	5.468041892152417
7.321386525E8	8.216363477146402
7.350848845E8	12.26536233399135
7.380311165E8	26.525362564794627
7.409773485E8	8.08428290779545
7.439235805E8	6.5609985907423445
7.468698125E8	7.634432047442292
7.498160445E8	8.764990333415698
7.527622765E8	7.561510091533864
7.557085085E8	8.96183328400479
7.586547405E8	12.686959139673997
7.601416665E8	31.978928312816798
7.616147825E8	11.279755239819476
7.645472045E8	11.68363625132033
7.674934365E8	13.041819517268157
7.704396685E8	8.117516882580869
7.733859005E8	7.416544929252007
7.763321325E8	9.866847213661382
7.792783645E8	14.128892429380986
7.822245965E8	11.639268733758916
7.851708285E8	6.987677480931576
7.881170605E8	6.646979939122241
7.910632925E8	7.916773356612786
7.940095245E8	10.261619247907158
7.969557565E8	9.913656494125378
7.999019885E8	9.848423342085756
8.026961355E8	12.749424124036453
8.041692515E8	7.334714140119012
8.057944525E8	10.46240112794919
8.087406845E8	8.371268454079651
8.116869165E8	8.157962441518523
8.146331485E8	9.3099881475729
8.175793805E8	9.207840387315052
8.205256125E8	10.022862082823076
8.234718445E8	8.559879534266141
8.264180765E8	8.052190390980751
8.293643085E8	7.053991674790037
8.323105405E8	7.91235347386085
8.352567725E8	8.476406474439216
8.382030045E8	8.0047107627641
8.411492365E8	8.709222491643564
8.440954685E8	10.746189030599083
8.466781495E8	10.797084443002438
8.481512655E8	10.512332520059084
8.499879325E8	8.832142886235706
8.529341645E8	7.916042932124829
8.558803965E8	8.311614292425036
8.588266285E8	6.685435498630115
8.617728605E8	6.775654463056541
8.647190925E8	7.125185321454658
8.676653245E8	10.091112308874521
8.706115565E8	6.656876987284097
8.735577885E8	12.382223124316075
8.765040205E8	8.86968303921755
8.794502525E8	7.952742010812455
8.823964845E8	9.181141878847287
8.853427165E8	9.855393261630448
8.88046739E8	11.828175820015574
8.89519855E8	11.580470625636071
8.912351805E8	8.068412127761833
8.941814125E8	11.6347344676183
8.971276445E8	10.262692143727989
9.000738765E8	10.194969371047494
9.030201085E8	9.909848918890297
9.059663405E8	11.993171956587261
9.089125725E8	10.352496341089228
9.118588045E8	8.470098077816004
9.148050365E8	13.923442553064389
9.177512685E8	11.432166577513245
9.206975005E8	11.638405936803348
9.236437325E8	12.443742719514281
9.265899645E8	10.164638765718381
9.281577005E8	8.340784189389135
9.296308165E8	13.500534640651841
9.324824285E8	10.616178223575062
9.354286605E8	8.348792627328738
9.383748925E8	6.449682849144263
9.413211245E8	6.389304372500197
9.442673565E8	7.8165653621303415
9.472135885E8	7.435337407237448
9.501598205E8	8.611135850808761
9.531060525E8	11.88292435897784
9.560522845E8	8.099977530622164
9.589985165E8	10.49611945019944
9.619447485E8	10.758918849567856
9.63608251E8	13.87542183925856
9.65081367E8	10.43438347679694
9.678372125E8	12.853359816877965
9.707834445E8	10.739794082747048
9.737296765E8	10.033299821602643
9.766759085E8	11.288657512375128
9.796221405E8	17.45908163376136
9.825683725E8	12.33660553547718
9.855146045E8	10.261260484578267
9.884608365E8	9.490856456653788
9.914070685E8	9.409481670146818
9.943533005E8	11.787229247391243
9.96973979E8	11.88439366047601
9.98447095E8	27.939890064152284
1.0002457645E9	11.1692144406822
1.0031919965E9	11.380700162105361
1.0061382285E9	11.677347201442386
1.0090844605E9	11.078630264011796
1.0109513325E9	12.183428316012963
1.0124244485E9	12.79679161725467
1.0149769245E9	11.844493576880572
1.0179231565E9	12.229348537386057
1.0208693885E9	11.003960991530878
1.023418539E9	14.078816710802489
1.024891655E9	13.030705283424183
1.0267618525E9	9.417630722903017
1.0297080845E9	10.644757778749263
1.0326543165E9	11.42860032746912
1.034194805E9	75.44213885487402
1.035667921E9	14.061324132034045
1.0385467805E9	11.495083211369641
1.0414841345E9	14.93771299474539
1.0429572505E9	84.37626717729218
1.0444392445E9	10.57045982801083
1.0473854765E9	10.886854124183024
1.0500931455E9	12.287246882069866
1.0515662615E9	11.854992182358538
1.0532779405E9	11.059223781426581
1.0562241725E9	12.816815172735888
1.0585794415E9	12.123389593415201
1.0600525575E9	15.48907291996284
1.0621166365E9	11.957640810363882
1.0650628685E9	13.2799266995946
1.0668876105E9	11.7681172609534
1.0683607265E9	14.184216087526416
1.0709553325E9	11.846500886556116
1.0733928775E9	12.575547811191907
1.0748659935E9	20.640972739621812
1.0768477965E9	10.134276934063577
1.0794745915E9	12.132445853656
1.0809477075E9	10.193200850245901
1.082564658E9	12.564722062622085
1.084037774E9	7.010258965561424
1.085319423E9	12.549274827052932
1.086792539E9	20.34476032467966
1.087255665E9	10.423807863080583
1.088728781E9	10.73647434987377
1.0915789565E9	9.223196951224478
1.0945251885E9	3.1261978011236047
1.0974714205E9	6.170637953833914
1.1004176525E9	4.946057880031172
1.1033638845E9	3.907576864279527
1.1063101165E9	3.774700023623394
1.1092563485E9	4.093986827921222
1.1122025805E9	3.802507745486438
1.1151488125E9	4.318199313563901
1.1180950445E9	3.667598138910989
1.1210412765E9	2.85074630918407
1.1239875085E9	3.4968325644416325
1.1269337405E9	3.3792858132014043
1.1298799725E9	3.4157194681206366
1.1328262045E9	3.521205051061831
1.1357724365E9	3.1845757564237984
1.1387186685E9	4.252458054898596
1.1416649005E9	4.386384711047874
1.1446111325E9	3.2365509572905324
1.1475573645E9	2.8645296772284055
1.1505035965E9	3.7394298887528206
1.1534498285E9	2.9132977307964887
1.1563960605E9	4.170031755815564
1.1593422925E9	3.3893230404122963
1.1622885245E9	4.600153008995897
1.1652347565E9	3.5400783101941733
1.1681809885E9	3.865174229320705
1.1707663265E9	5.0749032117688735
1.1718881035E9	1049.0392987964417
1.171912573E9	5.785510744577425
1.1719423915E9	1.6532474503488996
1.1719716865E9	95.34452088110625
1.1719998695E9	4.912159222737819
1.1720271865E9	16.739445471349352
1.172053963E9	5.667962117496132
1.172080324E9	6.150959228040734
1.172105473E9	14.980107147306782
1.1721293445E9	7.151622718052739
1.1721530725E9	4.742560524546066
1.1721767445E9	4.319123641304348
1.1722002915E9	3.100246368193017
1.1722236575E9	1.1610608020698576
1.172246207E9	18.856314756492765
1.1722677735E9	3.241283452695062
1.1722889615E9	3.5031675491679275
1.1723099925E9	2.565040650406504
1.1723290745E9	58.29077315405124
1.172344497E9	3.634022514899566
1.1724758145E9	8.499522172788744
1.172785965E9	12.66227168780656
1.173312376E9	22.524911050303345
1.173847659E9	14.729738483962766
1.1742281915E9	2.8736722714371723
1.1745383545E9	15.682218784993273
1.1747839385E9	36.17684207059521
1.175021832E9	27.320330984494227
1.1752406195E9	105.8174396904648
1.1754447675E9	8.188475555249948
1.1756302895E9	7.160360005255551
1.1758017095E9	4.624972918733395
1.1759743985E9	7.961189551711966
1.1761449175E9	143.6377661378012
1.1763080145E9	8.363784034653465
1.176454614E9	7.71817938187639
1.1765908095E9	2.986674408909535
1.1767148905E9	7.1173550960170076
1.176828827E9	5.972158647480248
1.1769415455E9	13.497549327636044
1.1770466005E9	5.213003484885323
1.1771437885E9	22.050259240675697
1.177227665E9	6.340010265088988
1.1772982075E9	12.270276537770306
1.1773658055E9	140.5813746223565
1.1774300485E9	23.35070481328067
1.1774925145E9	9.498962423778055
1.17755326E9	5.620494519500382
1.1776102095E9	29.03378501108003
1.177664105E9	7.897225856609212
1.177715901E9	8.183030183856062
1.1777667665E9	1.211553581256388
1.177815724E9	38.74927188077978
1.1778623185E9	10.234127843986998
1.177908416E9	25.278640460419155
1.1779522895E9	3.8017361277636565
1.1779928755E9	7.622067392956676
1.178031512E9	23.755045895828374
1.178069269E9	103.96955795391266
1.1781066915E9	0.0
1.178143855E9	122.05632780361896
1.178180591E9	7.308139695140439
1.178216752E9	8.541381128096996
1.178252379E9	6.363579563204681
1.178286871E9	3.383472004263761
1.1783202805E9	5.478181928221267
1.1783530415E9	11.948762162827935
1.1783849895E9	4.178230426479949
1.1784162885E9	8.491275899672846
1.178447326E9	1.4051526038126678
1.1784776715E9	194.34241793649727
