#Position (bp)	insert size	chromosomes
1473116.5	245.5945074179667	0.0
4419348.5	250.39018896144165	262.0910813190242
7365580.5	250.97090324342363	0.0
1.03118125E7	252.22013504833225	0.0
1.32580445E7	251.414738236268	262.0910813190242
1.62042765E7	251.05687010954617	0.0
1.91505085E7	251.859259918164	0.0
2.20967405E7	251.97137361841152	262.0910813190242
2.50429725E7	251.53728565731757	0.0
2.79892045E7	252.28801018478836	0.0
3.09354365E7	252.206087090494	262.0910813190242
3.38816685E7	251.70058620354155	0.0
3.68279005E7	251.55861414333174	0.0
3.97741325E7	251.3544043896395	262.0910813190242
4.27203645E7	252.13931360485375	0.0
4.56665965E7	252.12708195759043	0.0
4.86128285E7	252.15280116621008	262.0910813190242
5.15590605E7	251.45432414192055	0.0
5.45052925E7	248.97154553680457	0.0
5.74515245E7	248.48914621165693	262.0910813190242
6.03977565E7	251.03431194231058	0.0
6.33439885E7	251.25664158868025	0.0
6.62902205E7	250.5393286448202	262.0910813190242
6.92364525E7	251.70401223117827	0.0
7.21826845E7	252.22073149678153	0.0
7.51289165E7	241.42543352601157	262.0910813190242
7.80751485E7	250.9934972394937	0.0
8.10213805E7	251.6109372970803	0.0
8.39676125E7	250.4358423638908	262.0910813190242
8.69138445E7	250.20389477342994	0.0
8.98600765E7	250.67227671005662	0.0
9.28063085E7	250.95997049530456	262.0910813190242
9.57525405E7	251.5232068531604	0.0
9.86987725E7	251.65112487326337	0.0
1.016450045E8	251.0744035138058	262.0910813190242
1.045912365E8	252.62525641430238	0.0
1.075374685E8	252.6173172927408	0.0
1.104837005E8	252.47395620329405	262.0910813190242
1.134299325E8	251.24778043320754	0.0
1.163761645E8	251.70796991236512	0.0
1.193223965E8	250.06666013328106	262.0910813190242
1.222686285E8	250.166076635751	0.0
1.252148605E8	252.5865698191521	0.0
1.281610925E8	251.90582072653362	262.0910813190242
1.311073245E8	251.3739630075517	0.0
1.340535565E8	251.7439915276217	0.0
1.369997885E8	251.6926791502093	262.0910813190242
1.399460205E8	251.56338956813394	0.0
1.428922525E8	251.86922321660327	0.0
1.458384845E8	251.13447928295056	262.0910813190242
1.487847165E8	251.0226204168937	0.0
1.517309485E8	251.43637003578343	0.0
1.546771805E8	252.369873738215	262.0910813190242
1.576234125E8	250.65084427981844	0.0
1.605696445E8	252.19149852910587	0.0
1.635158765E8	251.51413926499032	262.0910813190242
1.664621085E8	250.19965236914052	0.0
1.694083405E8	251.4654656159561	0.0
1.723545725E8	251.087007813435	262.0910813190242
1.753008045E8	250.97516902768834	0.0
1.782470365E8	250.6166719825888	0.0
1.811932685E8	251.20592881933646	262.0910813190242
1.841395005E8	250.39576424633287	0.0
1.870857325E8	251.1562256531806	0.0
1.900319645E8	251.18859749695267	262.0910813190242
1.929781965E8	250.71064234545761	0.0
1.959244285E8	250.15721936255395	0.0
1.988706605E8	251.01643903343427	262.0910813190242
2.018168925E8	250.9510089348459	0.0
2.047631245E8	248.01381524979493	0.0
2.077093565E8	246.51082917034387	262.0910813190242
2.106555885E8	250.10212286069313	0.0
2.136018205E8	250.3539615564932	0.0
2.154737165E8	249.73151818025158	262.0910813190242
2.169468325E8	246.71448452529035	0.0
2.194942845E8	250.94357053950813	0.0
2.224405165E8	250.4462889718307	262.0910813190242
2.253867485E8	251.11449723756905	0.0
2.283329805E8	251.99223698439673	0.0
2.312792125E8	251.78085953902198	262.0910813190242
2.342254445E8	251.19097331155274	0.0
2.371716765E8	252.09792904557094	0.0
2.401179085E8	252.19990044178957	262.0910813190242
2.430641405E8	251.69609819062933	0.0
2.460103725E8	252.76704554773738	0.0
2.489566045E8	252.45997166135317	262.0910813190242
2.519028365E8	251.04163558534262	0.0
2.548490685E8	252.31374601455815	0.0
2.577953005E8	252.32349587578844	262.0910813190242
2.607415325E8	251.9589429663763	0.0
2.636877645E8	251.02594648685997	0.0
2.666339965E8	251.5289882531262	262.0910813190242
2.695802285E8	251.37132572795437	0.0
2.725264605E8	251.53316680225961	0.0
2.754726925E8	251.8531555895235	262.0910813190242
2.784189245E8	246.8252978031138	0.0
2.813651565E8	249.98573631457208	0.0
2.843113885E8	251.14157112101336	262.0910813190242
2.872576205E8	251.408592312358	0.0
2.902038525E8	251.87368443661668	0.0
2.931500845E8	252.21867685282248	262.0910813190242
2.960963165E8	252.27312060573283	0.0
2.990425485E8	251.20838185672906	0.0
3.019887805E8	251.74956195918807	262.0910813190242
3.049350125E8	252.33377039816173	0.0
3.078812445E8	251.99002134245453	0.0
3.108274765E8	251.5147469414691	262.0910813190242
3.137737085E8	252.33205597473471	0.0
3.167199405E8	251.05351086409487	0.0
3.196661725E8	252.04808603648038	262.0910813190242
3.226124045E8	251.59339566341754	0.0
3.255586365E8	252.14227073086082	0.0
3.285048685E8	251.20625943119117	262.0910813190242
3.314511005E8	252.25713568559954	0.0
3.343973325E8	251.65543075622045	0.0
3.373435645E8	252.2848735894872	262.0910813190242
3.402897965E8	251.91140505018896	0.0
3.432360285E8	252.15977338459157	0.0
3.461822605E8	252.54503630989797	262.0910813190242
3.491284925E8	251.9118809237752	0.0
3.520747245E8	252.029540357153	0.0
3.550209565E8	251.19714653680523	262.0910813190242
3.579671885E8	251.2835339831993	0.0
3.609134205E8	252.1589417905934	0.0
3.638596525E8	252.44955148413823	262.0910813190242
3.668058845E8	250.65039750141966	0.0
3.697521165E8	251.5470808080808	0.0
3.726983485E8	251.6901152873716	262.0910813190242
3.756445805E8	250.22139931850674	0.0
3.785908125E8	248.54503261177805	0.0
3.804938555E8	243.2237062180244	262.0910813190242
3.819669715E8	245.00714298501583	0.0
3.844832765E8	251.16151516175162	0.0
3.874295085E8	248.3436309062089	262.0910813190242
3.903757405E8	251.10460498321592	0.0
3.933219725E8	249.4716965063023	0.0
3.962682045E8	250.03904366021413	262.0910813190242
3.992144365E8	251.203500346428	0.0
4.021606685E8	240.15134455035934	0.0
4.051069005E8	251.94794536608242	262.0910813190242
4.080531325E8	251.80244022072347	0.0
4.109993645E8	251.54430306934793	0.0
4.139455965E8	250.38084328232722	262.0910813190242
4.168918285E8	251.67145976225657	0.0
4.198380605E8	250.45352159696787	0.0
4.227842925E8	251.9493088902836	262.0910813190242
4.257305245E8	250.46828277979458	0.0
4.286767565E8	251.81076452599387	0.0
4.316229885E8	251.34919218951333	262.0910813190242
4.345692205E8	251.6965734465973	0.0
4.375154525E8	251.93104439017384	0.0
4.404616845E8	251.60901269293498	262.0910813190242
4.434079165E8	251.49955476402494	0.0
4.463541485E8	252.62152268512347	0.0
4.493003805E8	251.15391791044777	262.0910813190242
4.522466125E8	251.8529212637914	0.0
4.551928445E8	251.03648750946252	0.0
4.581390765E8	251.83938584779708	262.0910813190242
4.610853085E8	251.1612639415688	0.0
4.640315405E8	251.17151622199498	0.0
4.669777725E8	251.92950548466297	262.0910813190242
4.699240045E8	251.35980164074937	0.0
4.728702365E8	252.29707808071925	0.0
4.758164685E8	252.39279329094092	262.0910813190242
4.787627005E8	251.68033726812817	0.0
4.817089325E8	251.53514596180233	0.0
4.846551645E8	251.69605722399905	262.0910813190242
4.876013965E8	252.1760172548624	0.0
4.905476285E8	251.01841063970105	0.0
4.934938605E8	252.05386931402066	262.0910813190242
4.964400925E8	251.33440023524622	0.0
4.993863245E8	251.14851139791125	0.0
5.023325565E8	248.89906084198972	262.0910813190242
5.05119797E8	244.35729138657345	0.0
5.06592913E8	245.4878935625155	0.0
5.082250205E8	246.52659711550393	262.0910813190242
5.111712525E8	251.46495459892412	0.0
5.141174845E8	250.8603761025129	0.0
5.170637165E8	252.21319603960396	262.0910813190242
5.200099485E8	251.1566200542797	0.0
5.229561805E8	251.9229370718904	0.0
5.259024125E8	245.92550660431536	262.0910813190242
5.288486445E8	252.02596382367273	0.0
5.317948765E8	251.3499500235521	0.0
5.347411085E8	251.1555254054979	262.0910813190242
5.376873405E8	252.45791271638583	0.0
5.406335725E8	251.32238756613756	0.0
5.435798045E8	252.4249549697069	262.0910813190242
5.465260365E8	247.04035180113755	0.0
5.494722685E8	249.08614078685557	0.0
5.524185005E8	252.27264722863742	262.0910813190242
5.553647325E8	251.5517872931666	0.0
5.583109645E8	251.80597407147863	0.0
5.612571965E8	250.81245934983386	262.0910813190242
5.642034285E8	251.7036945460224	0.0
5.671496605E8	251.7671858597895	0.0
5.700958925E8	251.65810152443817	262.0910813190242
5.730421245E8	250.6552958042195	0.0
5.759883565E8	250.74637572859064	0.0
5.789345885E8	251.7385929648241	262.0910813190242
5.818808205E8	249.9980436209421	0.0
5.848270525E8	251.24006101365873	0.0
5.875864595E8	248.98024461477635	262.0910813190242
5.890595755E8	247.0905509041019	0.0
5.907195165E8	248.11932806686033	0.0
5.936657485E8	249.1355431601235	262.0910813190242
5.966119805E8	251.2088929600159	0.0
5.995582125E8	249.70166565717747	0.0
6.025044445E8	250.56213169114164	262.0910813190242
6.054506765E8	250.49333900366923	0.0
6.083969085E8	235.29897766821347	0.0
6.113431405E8	250.7822244794312	262.0910813190242
6.142893725E8	250.03837382159313	0.0
6.172356045E8	251.81498242438275	0.0
6.201818365E8	250.78056978431542	262.0910813190242
6.231280685E8	252.06271523751838	0.0
6.260743005E8	251.7343266417494	0.0
6.290205325E8	251.0436569269645	262.0910813190242
6.319667645E8	250.28992929450814	0.0
6.349129965E8	252.20531537916372	0.0
6.378592285E8	251.27660010473826	262.0910813190242
6.408054605E8	249.83407534588432	0.0
6.437516925E8	251.7846036665441	0.0
6.466979245E8	251.9847351904227	262.0910813190242
6.496441565E8	251.62154577138458	0.0
6.525903885E8	250.9871878748228	0.0
6.555366205E8	251.36136396474498	262.0910813190242
6.58437679E8	243.65154615990105	0.0
6.59910795E8	249.1461731493099	0.0
6.614290845E8	247.36716711318326	262.0910813190242
6.643753165E8	249.53188433454196	0.0
6.673215485E8	251.22068506817425	0.0
6.702677805E8	249.212641949977	262.0910813190242
6.732140125E8	248.99479216359762	0.0
6.761602445E8	250.87186977285398	0.0
6.791064765E8	250.66466097889537	262.0910813190242
6.820527085E8	252.7343205456789	0.0
6.849989405E8	250.60333033036005	0.0
6.879451725E8	247.04018364022312	262.0910813190242
6.908914045E8	222.91499650431135	0.0
6.938376365E8	249.7698993902147	0.0
6.967838685E8	252.71033973412113	262.0910813190242
6.997301005E8	248.90968137027482	0.0
7.026763325E8	248.4374443644583	0.0
7.056225645E8	250.4488775828982	262.0910813190242
7.085687965E8	247.54520381972677	0.0
7.112236495E8	246.97269705136023	0.0
7.126967655E8	241.8065355538512	262.0910813190242
7.144612605E8	247.0050906286155	0.0
7.174074925E8	246.56128561101193	0.0
7.203537245E8	252.08525899454415	262.0910813190242
7.232999565E8	251.30069082672708	0.0
7.262461885E8	251.7442882149027	0.0
7.291924205E8	252.80571388607197	262.0910813190242
7.321386525E8	249.57774601177883	0.0
7.350848845E8	247.21586513568667	0.0
7.380311165E8	185.3220135591466	262.0910813190242
7.409773485E8	251.34653985909404	0.0
7.439235805E8	251.62488032725057	0.0
7.468698125E8	250.89176549397112	262.0910813190242
7.498160445E8	251.44034618206933	0.0
7.527622765E8	252.08052504889423	0.0
7.557085085E8	249.45869340866682	262.0910813190242
7.586547405E8	245.98585400693815	0.0
7.601416665E8	249.09068089112017	0.0
7.616147825E8	248.43557656112762	262.0910813190242
7.645472045E8	246.4166864260761	0.0
7.674934365E8	247.55465295922653	0.0
7.704396685E8	251.7292847975732	262.0910813190242
7.733859005E8	252.265136874976	0.0
7.763321325E8	247.93832657421325	0.0
7.792783645E8	235.81234802766684	262.0910813190242
7.822245965E8	248.00241648329666	0.0
7.851708285E8	252.6905456627853	0.0
7.881170605E8	252.34235935287302	262.0910813190242
7.910632925E8	251.39050318075286	0.0
7.940095245E8	250.3919225615925	0.0
7.969557565E8	250.89894957388375	262.0910813190242
7.999019885E8	250.30207628612538	0.0
8.026961355E8	244.7815267410169	0.0
8.041692515E8	249.2808116232465	262.0910813190242
8.057944525E8	248.01135611710214	0.0
8.087406845E8	251.80723842156874	0.0
8.116869165E8	251.85814704652137	262.0910813190242
8.146331485E8	250.73284953745875	0.0
8.175793805E8	251.30166214903085
8.205256125E8	249.73787565442586
8.234718445E8	249.23518386584095
8.264180765E8	249.063896414623
8.293643085E8	250.27600441026192
8.323105405E8	251.50037759370917
8.352567725E8	250.83457942883885
8.382030045E8	251.72519877603582
8.411492365E8	250.9767796500184
8.440954685E8	248.5191206996882
8.466781495E8	250.0659236915425
8.481512655E8	248.54613014319378
8.499879325E8	250.5908745491325
8.529341645E8	248.98682130931303
8.558803965E8	251.42698712407298
8.588266285E8	252.40963152653293
8.617728605E8	251.79225352112675
8.647190925E8	251.99588542910993
8.676653245E8	250.67263943703924
8.706115565E8	251.82792910873033
8.735577885E8	247.49725693613968
8.765040205E8	251.401151345542
8.794502525E8	251.1191282142645
8.823964845E8	251.0337674867342
8.853427165E8	249.72449554513594
8.88046739E8	249.14950527860626
8.89519855E8	246.7163325183374
8.912351805E8	248.49418887883638
8.941814125E8	248.07499000879227
8.971276445E8	250.50997703589172
9.000738765E8	250.66107129037607
9.030201085E8	251.81678126159025
9.059663405E8	248.51863269420895
9.089125725E8	248.14876975721037
9.118588045E8	250.755605029983
9.148050365E8	213.41101871230987
9.177512685E8	247.6532393311298
9.206975005E8	247.5749453913487
9.236437325E8	246.49284399842054
9.265899645E8	248.43617411393683
9.281577005E8	248.43667131891138
9.296308165E8	247.30296820255174
9.324824285E8	247.51501304909448
9.354286605E8	249.99987570481022
9.383748925E8	251.47924561819042
9.413211245E8	251.08940016433854
9.442673565E8	251.08369368281194
9.472135885E8	251.88702465125166
9.501598205E8	249.7228720552352
9.531060525E8	248.40258129922796
9.560522845E8	251.32698231203622
9.589985165E8	249.75623863676876
9.619447485E8	248.07032329252718
9.63608251E8	246.06830801466737
9.65081367E8	249.7762937713046
9.678372125E8	246.0689798880514
9.707834445E8	249.04742779979964
9.737296765E8	248.85977032956774
9.766759085E8	249.12573426457553
9.796221405E8	241.661302195038
9.825683725E8	245.99702105571978
9.855146045E8	249.76441722251505
9.884608365E8	250.69309262166405
9.914070685E8	249.7077131663161
9.943533005E8	246.64386197795983
9.96973979E8	248.57662615145836
9.98447095E8	216.82349107224059
1.0002457645E9	249.22061510098047
1.0031919965E9	248.73135516050436
1.0061382285E9	247.25611093452002
1.0090844605E9	247.86080629071063
1.0109513325E9	249.05688665505326
1.0124244485E9	245.8178122908547
1.0149769245E9	247.93169808654142
1.0179231565E9	248.20211170573145
1.0208693885E9	248.69010339483958
1.023418539E9	246.1483969740634
1.024891655E9	246.43183078507485
1.0267618525E9	249.15156161328542
1.0297080845E9	249.58610046735117
1.0326543165E9	246.49285068019518
1.034194805E9	239.4482399444474
1.035667921E9	245.7164724634495
1.0385467805E9	245.39162551688145
1.0414841345E9	236.87703255223872
1.0429572505E9	242.91896361631754
1.0444392445E9	246.30691126354614
1.0473854765E9	248.1710638953568
1.0500931455E9	245.45613481728472
1.0515662615E9	249.16056688214817
1.0532779405E9	245.62866783052442
1.0562241725E9	243.9445773954538
1.0585794415E9	243.8031825273011
1.0600525575E9	245.66623991425254
1.0621166365E9	244.6302721922511
1.0650628685E9	245.47259111957837
1.0668876105E9	247.4217072926071
1.0683607265E9	241.32791252283337
1.0709553325E9	243.49500433731953
1.0733928775E9	246.57418812989923
1.0748659935E9	215.86921049964528
1.0768477965E9	248.18961815813134
1.0794745915E9	245.5625861936868
1.0809477075E9	236.1741865683603
1.082564658E9	242.45959986826938
1.084037774E9	237.5438313434441
1.085319423E9	241.00475999311809
1.086792539E9	239.55839297332466
1.087255665E9	240.18991887219045
1.088728781E9	246.96402623706263
1.0915789565E9	248.23192734365477
1.0945251885E9	250.43215057081147
1.0974714205E9	247.91842280055553
1.1004176525E9	247.6359546277762
1.1033638845E9	250.81537859135628
1.1063101165E9	250.2802497851039
1.1092563485E9	249.96727873583282
1.1122025805E9	250.67075464600106
1.1151488125E9	251.1586811830564
1.1180950445E9	251.39260453505304
1.1210412765E9	250.48430447962278
1.1239875085E9	251.09506438352435
1.1269337405E9	250.32567659768023
1.1298799725E9	250.69047419687962
1.1328262045E9	250.9553668330801
1.1357724365E9	250.00719857835608
1.1387186685E9	251.07826378040616
1.1416649005E9	248.434109698448
1.1446111325E9	250.28285375259566
1.1475573645E9	251.07270044599443
1.1505035965E9	251.0540457859583
1.1534498285E9	251.63487371498013
1.1563960605E9	250.38269977960056
1.1593422925E9	251.40496030628907
1.1622885245E9	249.10767616932
1.1652347565E9	251.73041393983465
1.1681809885E9	251.46911945057641
1.1707663265E9	246.79311444837063
1.1718881035E9	230.8406786086627
1.171912573E9	236.97341211225998
1.1719423915E9	196.7417840375587
1.1719716865E9	242.8197022231287
1.1719998695E9	237.11302681992336
1.1720271865E9	232.332602739726
1.172053963E9	236.1512027491409
1.172080324E9	229.12277867528272
1.172105473E9	247.33647798742138
1.1721293445E9	241.90785498489427
1.1721530725E9	225.58583690987123
1.1721767445E9	230.2219512195122
1.1722002915E9	237.38360655737705
1.1722236575E9	217.42592592592592
1.172246207E9	222.00775694893343
1.1722677735E9	211.2164948453608
1.1722889615E9	211.14851485148515
1.1723099925E9	222.7807486631016
1.1723290745E9	231.72341678939617
1.172344497E9	232.68852459016392
1.1724758145E9	234.36118801912912
1.172785965E9	245.18859368641358
1.173312376E9	246.01235930657595
1.173847659E9	242.30073048097904
1.1742281915E9	242.70281329923273
1.1745383545E9	232.8968939033508
1.1747839385E9	233.10091885999066
1.175021832E9	194.9805617364289
1.1752406195E9	262.0910813190242
1.1754447675E9	241.14319582740634
1.1756302895E9	209.06107508889355
1.1758017095E9	250.29996583532628
1.1759743985E9	243.9469098277609
1.1761449175E9	238.66473231422313
1.1763080145E9	234.5552913198573
1.176454614E9	238.8505228136882
1.1765908095E9	221.0875152998776
1.1767148905E9	238.23994894703256
1.176828827E9	234.74135393671818
1.1769415455E9	237.03923647932132
1.1770466005E9	229.78602833414755
1.1771437885E9	94.06891586093397
1.177227665E9	233.1023176936122
1.1772982075E9	241.00850929719508
1.1773658055E9	240.40619718309858
1.1774300485E9	193.08715852072106
1.1774925145E9	240.22715173025733
1.17755326E9	240.9144
1.1776102095E9	97.69841476091476
1.177664105E9	233.06866416978775
1.177715901E9	231.53944836433612
1.1777667665E9	239.27962085308056
1.177815724E9	234.1459617755857
1.1778623185E9	235.2701965065502
1.177908416E9	246.13171080887616
1.1779522895E9	191.87223168654174
1.1779928755E9	233.04530477759474
1.178031512E9	235.16465968586388
1.178069269E9	236.28840436075322
1.1781066915E9	0.0
1.178143855E9	245.1417964946446
1.178180591E9	233.46409989594173
1.178216752E9	233.62449959967975
1.178252379E9	221.36217303822937
1.178286871E9	248.64953271028037
1.1783202805E9	234.31328671328671
1.1783530415E9	238.85416666666666
1.1783849895E9	217.8934169278997
1.1784162885E9	233.85327313769753
1.178447326E9	175.15060240963857
1.1784776715E9	248.39391930289827
