#Insert size (bp)	insert size
1.0	1541.0
2.0	155.0
3.0	80.0
4.0	84.0
5.0	77.0
6.0	73.0
7.0	102.0
8.0	71.0
9.0	61.0
10.0	68.0
11.0	69.0
12.0	69.0
13.0	49.0
14.0	56.0
15.0	55.0
16.0	52.0
17.0	39.0
18.0	45.0
19.0	52.0
20.0	58.0
21.0	66.0
22.0	47.0
23.0	57.0
24.0	48.0
25.0	49.0
26.0	47.0
27.0	47.0
28.0	36.0
29.0	47.0
30.0	50.0
31.0	19.0
32.0	31.0
33.0	24.0
34.0	40.0
35.0	31.0
36.0	34.0
37.0	33.0
38.0	47.0
39.0	100.0
40.0	5271.0
41.0	5572.0
42.0	5357.0
43.0	5151.0
44.0	5308.0
45.0	5461.0
46.0	5609.0
47.0	5582.0
48.0	5897.0
49.0	6085.0
50.0	5918.0
51.0	5359.0
52.0	5287.0
53.0	5045.0
54.0	5415.0
55.0	5182.0
56.0	5767.0
57.0	5517.0
58.0	5718.0
59.0	5685.0
60.0	5506.0
61.0	5496.0
62.0	5318.0
63.0	5595.0
64.0	5848.0
65.0	5686.0
66.0	6172.0
67.0	5965.0
68.0	6188.0
69.0	6427.0
70.0	6342.0
71.0	6540.0
72.0	6499.0
73.0	6726.0
74.0	6981.0
75.0	7716.0
76.0	7596.0
77.0	8329.0
78.0	8406.0
79.0	8689.0
80.0	8217.0
81.0	9042.0
82.0	8915.0
83.0	9547.0
84.0	9982.0
85.0	10280.0
86.0	10561.0
87.0	11280.0
88.0	12015.0
89.0	13257.0
90.0	13811.0
91.0	13726.0
92.0	14027.0
93.0	14663.0
94.0	15622.0
95.0	16243.0
96.0	17134.0
97.0	18239.0
98.0	18992.0
99.0	20729.0
100.0	21464.0
101.0	22374.0
102.0	23166.0
103.0	24197.0
104.0	25190.0
105.0	26796.0
106.0	28518.0
107.0	29619.0
108.0	31455.0
109.0	33084.0
110.0	34566.0
111.0	35811.0
112.0	37179.0
113.0	38872.0
114.0	40966.0
115.0	43063.0
116.0	44771.0
117.0	46641.0
118.0	48101.0
119.0	51072.0
120.0	52852.0
121.0	54671.0
122.0	56842.0
123.0	58762.0
124.0	60012.0
125.0	62177.0
126.0	64272.0
127.0	66451.0
128.0	68771.0
129.0	71731.0
130.0	73827.0
131.0	75988.0
132.0	77455.0
133.0	80169.0
134.0	81827.0
135.0	84299.0
136.0	86891.0
137.0	89330.0
138.0	91426.0
139.0	93796.0
140.0	96171.0
141.0	98197.0
142.0	99786.0
143.0	103145.0
144.0	105038.0
145.0	106984.0
146.0	108776.0
147.0	110134.0
148.0	112647.0
149.0	115104.0
150.0	117461.0
151.0	119570.0
152.0	121640.0
153.0	124324.0
154.0	126280.0
155.0	129416.0
156.0	131004.0
157.0	132698.0
158.0	134911.0
159.0	136840.0
160.0	139382.0
161.0	141396.0
162.0	142583.0
163.0	144552.0
164.0	146384.0
165.0	148351.0
166.0	150666.0
167.0	152267.0
168.0	155353.0
169.0	156584.0
170.0	158392.0
171.0	159770.0
172.0	160539.0
173.0	163682.0
174.0	164660.0
175.0	166386.0
176.0	167591.0
177.0	169601.0
178.0	171449.0
179.0	172726.0
180.0	172920.0
181.0	174988.0
182.0	175922.0
183.0	177962.0
184.0	178142.0
185.0	179449.0
186.0	180334.0
187.0	182054.0
188.0	182392.0
189.0	184012.0
190.0	185823.0
191.0	185984.0
192.0	186326.0
193.0	187832.0
194.0	187948.0
195.0	188219.0
196.0	189345.0
197.0	190725.0
198.0	190896.0
199.0	191114.0
200.0	191926.0
201.0	192773.0
202.0	192930.0
203.0	193184.0
204.0	193190.0
205.0	193964.0
206.0	193660.0
207.0	194061.0
208.0	194556.0
209.0	195257.0
210.0	196057.0
211.0	194556.0
212.0	194904.0
213.0	194443.0
214.0	194957.0
215.0	194550.0
216.0	194656.0
217.0	194262.0
218.0	194135.0
219.0	195028.0
220.0	193886.0
221.0	194645.0
222.0	193515.0
223.0	193196.0
224.0	192565.0
225.0	191981.0
226.0	191917.0
227.0	191263.0
228.0	191366.0
229.0	190685.0
230.0	190081.0
231.0	188899.0
232.0	188596.0
233.0	188133.0
234.0	187373.0
235.0	186782.0
236.0	185785.0
237.0	185215.0
238.0	184107.0
239.0	184206.0
240.0	182043.0
241.0	181944.0
242.0	180705.0
243.0	179446.0
244.0	178712.0
245.0	178177.0
246.0	177040.0
247.0	175641.0
248.0	174943.0
249.0	174070.0
250.0	173119.0
251.0	172671.0
252.0	171639.0
253.0	170037.0
254.0	168606.0
255.0	168080.0
256.0	165897.0
257.0	165818.0
258.0	165558.0
259.0	163284.0
260.0	162261.0
261.0	161234.0
262.0	160184.0
263.0	159938.0
264.0	158229.0
265.0	156731.0
266.0	156483.0
267.0	154283.0
268.0	153944.0
269.0	152836.0
270.0	151444.0
271.0	149691.0
272.0	148714.0
273.0	147532.0
274.0	146365.0
275.0	145778.0
276.0	144604.0
277.0	143520.0
278.0	142402.0
279.0	141155.0
280.0	139540.0
281.0	138404.0
282.0	138554.0
283.0	135607.0
284.0	134597.0
285.0	133654.0
286.0	133061.0
287.0	132152.0
288.0	130508.0
289.0	129812.0
290.0	128056.0
291.0	126639.0
292.0	126309.0
293.0	124572.0
294.0	124054.0
295.0	122436.0
296.0	121969.0
297.0	120179.0
298.0	118917.0
299.0	118642.0
300.0	117268.0
301.0	115919.0
302.0	114791.0
303.0	113826.0
304.0	112732.0
305.0	111186.0
306.0	110602.0
307.0	109255.0
308.0	108059.0
309.0	106893.0
310.0	106260.0
311.0	104834.0
312.0	104054.0
313.0	102793.0
314.0	101686.0
315.0	100485.0
316.0	100132.0
317.0	98459.0
318.0	97789.0
319.0	97172.0
320.0	95541.0
321.0	94495.0
322.0	94019.0
323.0	92820.0
324.0	91899.0
325.0	91222.0
326.0	89574.0
327.0	89360.0
328.0	88102.0
329.0	87649.0
330.0	86548.0
331.0	85796.0
332.0	84244.0
333.0	83707.0
334.0	82553.0
335.0	81796.0
336.0	81066.0
337.0	79822.0
338.0	79337.0
339.0	78405.0
340.0	77542.0
341.0	76910.0
342.0	76042.0
343.0	74584.0
344.0	74242.0
345.0	73305.0
346.0	73015.0
347.0	72085.0
348.0	71111.0
349.0	70534.0
350.0	69417.0
351.0	68910.0
352.0	67719.0
353.0	67331.0
354.0	66708.0
355.0	65825.0
356.0	64949.0
357.0	64157.0
358.0	63349.0
359.0	63155.0
360.0	62398.0
361.0	61680.0
362.0	60757.0
363.0	60164.0
364.0	59374.0
365.0	58258.0
366.0	58138.0
367.0	57075.0
368.0	56279.0
369.0	56173.0
370.0	55104.0
371.0	54707.0
372.0	54072.0
373.0	53296.0
374.0	52578.0
375.0	51830.0
376.0	51158.0
377.0	50862.0
378.0	50416.0
379.0	49469.0
380.0	48271.0
381.0	48376.0
382.0	47694.0
383.0	46703.0
384.0	46640.0
385.0	45868.0
386.0	45304.0
387.0	45074.0
388.0	44357.0
389.0	43748.0
390.0	43036.0
391.0	42674.0
392.0	41743.0
393.0	41519.0
394.0	41279.0
395.0	40561.0
396.0	40450.0
397.0	39276.0
398.0	39109.0
399.0	39096.0
400.0	38346.0
401.0	37980.0
402.0	37694.0
403.0	36738.0
404.0	36299.0
405.0	36153.0
406.0	35502.0
407.0	35008.0
408.0	34686.0
409.0	34336.0
410.0	33876.0
411.0	33474.0
412.0	32808.0
413.0	32692.0
414.0	32100.0
415.0	31511.0
416.0	30799.0
417.0	30953.0
418.0	30253.0
419.0	29901.0
420.0	29509.0
421.0	29001.0
422.0	28575.0
423.0	28202.0
424.0	27657.0
425.0	27433.0
426.0	26908.0
427.0	26693.0
428.0	26301.0
429.0	26141.0
430.0	25313.0
431.0	25292.0
432.0	24591.0
433.0	24259.0
434.0	23880.0
435.0	24055.0
436.0	23468.0
437.0	22909.0
438.0	22747.0
439.0	22453.0
440.0	22016.0
441.0	21758.0
442.0	21199.0
443.0	21214.0
444.0	20970.0
445.0	20730.0
446.0	20340.0
447.0	20031.0
448.0	19754.0
449.0	19552.0
450.0	18943.0
451.0	18783.0
452.0	18646.0
453.0	18382.0
454.0	18512.0
455.0	17971.0
456.0	17758.0
457.0	17426.0
458.0	17200.0
459.0	17018.0
460.0	16871.0
461.0	16377.0
462.0	16347.0
463.0	15906.0
464.0	15768.0
465.0	15386.0
466.0	15403.0
467.0	15295.0
468.0	14813.0
469.0	14857.0
470.0	14687.0
471.0	14487.0
472.0	13980.0
473.0	13909.0
474.0	13710.0
475.0	13353.0
476.0	13207.0
477.0	13076.0
478.0	12941.0
479.0	12679.0
480.0	12770.0
481.0	12461.0
482.0	12280.0
483.0	11770.0
484.0	11751.0
485.0	11686.0
486.0	11633.0
487.0	11261.0
488.0	10925.0
489.0	10812.0
490.0	10960.0
491.0	10717.0
492.0	10517.0
493.0	10596.0
494.0	10388.0
495.0	10032.0
496.0	9863.0
497.0	9960.0
498.0	9788.0
499.0	9745.0
500.0	9493.0
501.0	8039.0
502.0	7941.0
503.0	7920.0
504.0	7720.0
505.0	7510.0
506.0	7399.0
507.0	7389.0
508.0	7159.0
509.0	7188.0
510.0	7147.0
511.0	6723.0
512.0	6689.0
513.0	6996.0
514.0	7340.0
515.0	8684.0
516.0	5896.0
517.0	5765.0
518.0	5822.0
519.0	5714.0
520.0	5763.0
521.0	5696.0
522.0	5687.0
523.0	5846.0
524.0	5717.0
525.0	5524.0
526.0	6178.0
527.0	7761.0
528.0	10903.0
529.0	3468.0
530.0	3366.0
531.0	3453.0
532.0	3511.0
533.0	3488.0
534.0	3442.0
535.0	3425.0
536.0	3547.0
537.0	3506.0
538.0	3645.0
539.0	3476.0
540.0	3489.0
541.0	3570.0
542.0	3424.0
543.0	3564.0
544.0	3541.0
545.0	3493.0
546.0	3622.0
547.0	3722.0
548.0	3466.0
549.0	3526.0
550.0	3606.0
551.0	3432.0
552.0	3492.0
553.0	3341.0
554.0	3269.0
555.0	3197.0
556.0	3155.0
557.0	3082.0
558.0	3053.0
559.0	3047.0
560.0	2832.0
561.0	2959.0
562.0	2931.0
563.0	2949.0
564.0	2740.0
565.0	2815.0
566.0	2752.0
567.0	2752.0
568.0	2632.0
569.0	2710.0
570.0	2560.0
571.0	2491.0
572.0	2411.0
573.0	2453.0
574.0	2470.0
575.0	2392.0
576.0	2378.0
577.0	2269.0
578.0	2279.0
579.0	2226.0
580.0	2200.0
581.0	2097.0
582.0	2083.0
583.0	2047.0
584.0	2132.0
585.0	2014.0
586.0	2093.0
587.0	2026.0
588.0	1915.0
589.0	1871.0
590.0	1841.0
591.0	1783.0
592.0	1859.0
593.0	1796.0
594.0	1758.0
595.0	1675.0
596.0	1687.0
597.0	1629.0
598.0	1653.0
599.0	1639.0
600.0	1557.0
601.0	1505.0
602.0	1507.0
603.0	1474.0
604.0	1499.0
