#Insert size (bp)	insert size
1.0	9566.0
2.0	514.0
3.0	150.0
4.0	125.0
5.0	132.0
6.0	106.0
7.0	113.0
8.0	65.0
9.0	84.0
10.0	95.0
11.0	113.0
12.0	85.0
13.0	74.0
14.0	66.0
15.0	65.0
16.0	66.0
17.0	93.0
18.0	89.0
19.0	78.0
20.0	63.0
21.0	67.0
22.0	76.0
23.0	79.0
24.0	90.0
25.0	78.0
26.0	80.0
27.0	74.0
28.0	71.0
29.0	92.0
30.0	94.0
31.0	36.0
32.0	36.0
33.0	36.0
34.0	46.0
35.0	54.0
36.0	45.0
37.0	59.0
38.0	72.0
39.0	125.0
40.0	5864.0
41.0	6070.0
42.0	5890.0
43.0	5877.0
44.0	5774.0
45.0	5941.0
46.0	6012.0
47.0	5872.0
48.0	6200.0
49.0	6397.0
50.0	6179.0
51.0	5768.0
52.0	5673.0
53.0	5655.0
54.0	5836.0
55.0	5842.0
56.0	6293.0
57.0	5938.0
58.0	6285.0
59.0	6394.0
60.0	6113.0
61.0	6163.0
62.0	6177.0
63.0	6371.0
64.0	6598.0
65.0	6716.0
66.0	6944.0
67.0	6944.0
68.0	7254.0
69.0	7891.0
70.0	7855.0
71.0	8205.0
72.0	8062.0
73.0	8583.0
74.0	9016.0
75.0	10008.0
76.0	9744.0
77.0	10294.0
78.0	10987.0
79.0	11679.0
80.0	11318.0
81.0	12320.0
82.0	12114.0
83.0	12550.0
84.0	13220.0
85.0	13814.0
86.0	14328.0
87.0	15359.0
88.0	16630.0
89.0	17726.0
90.0	19045.0
91.0	19245.0
92.0	19239.0
93.0	20654.0
94.0	21510.0
95.0	22627.0
96.0	23854.0
97.0	25553.0
98.0	27120.0
99.0	29216.0
100.0	30556.0
101.0	31436.0
102.0	32672.0
103.0	33965.0
104.0	35764.0
105.0	37443.0
106.0	39853.0
107.0	41898.0
108.0	44611.0
109.0	47765.0
110.0	49833.0
111.0	51840.0
112.0	53918.0
113.0	55781.0
114.0	57678.0
115.0	60819.0
116.0	64060.0
117.0	66892.0
118.0	70583.0
119.0	74687.0
120.0	78331.0
121.0	80183.0
122.0	82662.0
123.0	85014.0
124.0	87291.0
125.0	90423.0
126.0	93763.0
127.0	96642.0
128.0	100089.0
129.0	104509.0
130.0	107346.0
131.0	110958.0
132.0	113341.0
133.0	117160.0
134.0	120164.0
135.0	123372.0
136.0	126360.0
137.0	130073.0
138.0	133852.0
139.0	136956.0
140.0	140402.0
141.0	143842.0
142.0	145988.0
143.0	150082.0
144.0	153406.0
145.0	155909.0
146.0	157972.0
147.0	160566.0
148.0	163379.0
149.0	167073.0
150.0	169139.0
151.0	173977.0
152.0	176288.0
153.0	179141.0
154.0	182045.0
155.0	184796.0
156.0	187712.0
157.0	189086.0
158.0	192226.0
159.0	193963.0
160.0	196846.0
161.0	199367.0
162.0	200926.0
163.0	203050.0
164.0	205455.0
165.0	207424.0
166.0	209881.0
167.0	212121.0
168.0	213922.0
169.0	216857.0
170.0	217551.0
171.0	219130.0
172.0	220990.0
173.0	222782.0
174.0	224537.0
175.0	224905.0
176.0	226765.0
177.0	228363.0
178.0	230776.0
179.0	232412.0
180.0	233073.0
181.0	234611.0
182.0	235031.0
183.0	236480.0
184.0	236901.0
185.0	237611.0
186.0	238977.0
187.0	240107.0
188.0	240604.0
189.0	242003.0
190.0	242510.0
191.0	243327.0
192.0	243436.0
193.0	243215.0
194.0	242859.0
195.0	244033.0
196.0	242779.0
197.0	244406.0
198.0	244616.0
199.0	245386.0
200.0	245732.0
201.0	245079.0
202.0	244177.0
203.0	244772.0
204.0	242901.0
205.0	242275.0
206.0	242043.0
207.0	242512.0
208.0	243366.0
209.0	243239.0
210.0	243374.0
211.0	242272.0
212.0	241088.0
213.0	240428.0
214.0	238506.0
215.0	238123.0
216.0	237085.0
217.0	237465.0
218.0	236120.0
219.0	236944.0
220.0	235697.0
221.0	235521.0
222.0	235204.0
223.0	232962.0
224.0	232394.0
225.0	230223.0
226.0	229315.0
227.0	228698.0
228.0	227789.0
229.0	226080.0
230.0	225217.0
231.0	225539.0
232.0	223525.0
233.0	222282.0
234.0	221301.0
235.0	220156.0
236.0	217811.0
237.0	216672.0
238.0	216185.0
239.0	214696.0
240.0	214467.0
241.0	212860.0
242.0	211944.0
243.0	210502.0
244.0	209560.0
245.0	207679.0
246.0	206383.0
247.0	204626.0
248.0	203512.0
249.0	203196.0
250.0	202172.0
251.0	201832.0
252.0	200022.0
253.0	198523.0
254.0	196584.0
255.0	194931.0
256.0	193472.0
257.0	193425.0
258.0	192169.0
259.0	191488.0
260.0	189381.0
261.0	188682.0
262.0	187835.0
263.0	186293.0
264.0	184447.0
265.0	183008.0
266.0	181588.0
267.0	180368.0
268.0	178947.0
269.0	177855.0
270.0	176904.0
271.0	175766.0
272.0	174659.0
273.0	173156.0
274.0	172094.0
275.0	170353.0
276.0	169393.0
277.0	168506.0
278.0	166825.0
279.0	164560.0
280.0	164102.0
281.0	162770.0
282.0	161775.0
283.0	161109.0
284.0	159475.0
285.0	157698.0
286.0	156943.0
287.0	155073.0
288.0	153824.0
289.0	152925.0
290.0	151451.0
291.0	149095.0
292.0	147997.0
293.0	148145.0
294.0	146228.0
295.0	144994.0
296.0	143749.0
297.0	142292.0
298.0	141231.0
299.0	139309.0
300.0	138672.0
301.0	137173.0
302.0	136143.0
303.0	134886.0
304.0	133431.0
305.0	132422.0
306.0	131351.0
307.0	129716.0
308.0	128629.0
309.0	126930.0
310.0	125903.0
311.0	124578.0
312.0	123879.0
313.0	122638.0
314.0	120803.0
315.0	119570.0
316.0	118307.0
317.0	118213.0
318.0	117253.0
319.0	115700.0
320.0	114175.0
321.0	113555.0
322.0	111678.0
323.0	111706.0
324.0	110221.0
325.0	108384.0
326.0	107104.0
327.0	106215.0
328.0	105396.0
329.0	104314.0
330.0	103769.0
331.0	103250.0
332.0	100957.0
333.0	99827.0
334.0	99146.0
335.0	98555.0
336.0	98412.0
337.0	97236.0
338.0	95889.0
339.0	94852.0
340.0	94026.0
341.0	92991.0
342.0	92019.0
343.0	90966.0
344.0	90400.0
345.0	89375.0
346.0	87681.0
347.0	87943.0
348.0	86330.0
349.0	85521.0
350.0	84122.0
351.0	83996.0
352.0	83075.0
353.0	82572.0
354.0	81723.0
355.0	80835.0
356.0	79909.0
357.0	78942.0
358.0	79196.0
359.0	77559.0
360.0	77031.0
361.0	76174.0
362.0	75255.0
363.0	74400.0
364.0	73839.0
365.0	73835.0
366.0	72198.0
367.0	71434.0
368.0	70954.0
369.0	70127.0
370.0	69299.0
371.0	69420.0
372.0	68248.0
373.0	67378.0
374.0	66535.0
375.0	65631.0
376.0	65445.0
377.0	64943.0
378.0	64064.0
379.0	63718.0
380.0	62785.0
381.0	62051.0
382.0	60999.0
383.0	60535.0
384.0	60256.0
385.0	59333.0
386.0	58578.0
387.0	57650.0
388.0	57436.0
389.0	57104.0
390.0	56722.0
391.0	55889.0
392.0	54254.0
393.0	54259.0
394.0	53759.0
395.0	53629.0
396.0	52783.0
397.0	52363.0
398.0	51535.0
399.0	50998.0
400.0	50625.0
401.0	50965.0
402.0	50004.0
403.0	49342.0
404.0	48730.0
405.0	48295.0
406.0	47388.0
407.0	46857.0
408.0	46015.0
409.0	45702.0
410.0	44994.0
411.0	44811.0
412.0	43895.0
413.0	43631.0
414.0	43250.0
415.0	42616.0
416.0	41766.0
417.0	41302.0
418.0	40826.0
419.0	40709.0
420.0	40172.0
421.0	39665.0
422.0	39077.0
423.0	38622.0
424.0	38224.0
425.0	37860.0
426.0	37305.0
427.0	36790.0
428.0	36383.0
429.0	36401.0
430.0	35278.0
431.0	35288.0
432.0	34772.0
433.0	34022.0
434.0	33382.0
435.0	33305.0
436.0	32820.0
437.0	32360.0
438.0	32300.0
439.0	31826.0
440.0	31298.0
441.0	30855.0
442.0	30541.0
443.0	30301.0
444.0	29912.0
445.0	29476.0
446.0	28967.0
447.0	28465.0
448.0	28529.0
449.0	28381.0
450.0	27870.0
451.0	27335.0
452.0	27111.0
453.0	26815.0
454.0	26293.0
455.0	26183.0
456.0	25944.0
457.0	25677.0
458.0	25367.0
459.0	25125.0
460.0	24550.0
461.0	24331.0
462.0	24169.0
463.0	23923.0
464.0	23624.0
465.0	23124.0
466.0	22997.0
467.0	22640.0
468.0	22439.0
469.0	22211.0
470.0	21614.0
471.0	21460.0
472.0	21595.0
473.0	21157.0
474.0	21092.0
475.0	20734.0
476.0	20274.0
477.0	19855.0
478.0	19754.0
479.0	19682.0
480.0	19552.0
481.0	19090.0
482.0	18817.0
483.0	18797.0
484.0	18488.0
485.0	18302.0
486.0	17998.0
487.0	18038.0
488.0	17429.0
489.0	17466.0
490.0	17277.0
491.0	17030.0
492.0	16849.0
493.0	16465.0
494.0	16294.0
495.0	16078.0
496.0	16093.0
497.0	15814.0
498.0	15755.0
499.0	15550.0
500.0	15332.0
501.0	13477.0
502.0	13150.0
503.0	12835.0
504.0	12847.0
505.0	12649.0
506.0	12371.0
507.0	12214.0
508.0	12125.0
509.0	11949.0
510.0	11888.0
511.0	11837.0
512.0	11772.0
513.0	11794.0
514.0	12109.0
515.0	13442.0
516.0	10500.0
517.0	10317.0
518.0	10272.0
519.0	10334.0
520.0	10341.0
521.0	10411.0
522.0	10257.0
523.0	10072.0
524.0	10216.0
525.0	10304.0
526.0	12291.0
527.0	16537.0
528.0	25381.0
529.0	5704.0
530.0	5762.0
531.0	5881.0
532.0	5916.0
533.0	5748.0
534.0	5846.0
535.0	5847.0
536.0	5943.0
537.0	5996.0
538.0	6015.0
539.0	6164.0
540.0	6273.0
541.0	6421.0
542.0	6273.0
543.0	6473.0
544.0	6735.0
545.0	6545.0
546.0	6728.0
547.0	6699.0
548.0	6590.0
549.0	6590.0
550.0	6439.0
551.0	6518.0
552.0	6518.0
553.0	6470.0
554.0	6370.0
555.0	6201.0
556.0	6086.0
557.0	6035.0
558.0	6164.0
559.0	5881.0
560.0	5900.0
561.0	5767.0
562.0	5631.0
563.0	5619.0
564.0	5592.0
565.0	5518.0
566.0	5378.0
567.0	5313.0
568.0	5264.0
569.0	5053.0
570.0	5058.0
571.0	5180.0
572.0	5022.0
573.0	4801.0
574.0	4870.0
575.0	4732.0
576.0	4851.0
577.0	4641.0
578.0	4539.0
579.0	4607.0
580.0	4502.0
581.0	4485.0
582.0	4401.0
583.0	4411.0
584.0	4337.0
585.0	4297.0
586.0	4269.0
587.0	4181.0
588.0	4062.0
589.0	4038.0
590.0	3879.0
591.0	3907.0
592.0	3813.0
593.0	3819.0
594.0	3849.0
595.0	3679.0
596.0	3625.0
597.0	3746.0
598.0	3493.0
599.0	3431.0
600.0	3638.0
601.0	3519.0
602.0	3377.0
603.0	3301.0
604.0	3250.0
605.0	3300.0
606.0	3242.0
607.0	3114.0
608.0	3122.0
