chr	windowStart	windowEnd	D	f_d	f_dM	d_f
chr1	1605547	2183939	0.138211	0.048560	0.030632	0.113333
chr1	2209410	3467004	0.019317	0.006907	0.004572	0.015334
chr1	3496754	4956394	0.023774	0.008067	0.004568	0.017778
chr1	4961022	5987086	-0.004310	-0.001476	-0.000896	0.002576
chr1	6092571	6911319	0.129111	0.048248	0.027419	0.086556
chr1	6916031	7691433	0.320683	0.132532	0.083238	0.285246
chr1	7699147	8223740	-0.059443	-0.026691	-0.015610	-0.051871
chr1	8232374	9703523	-0.113584	-0.033216	-0.018172	-0.083475
chr1	9956114	13962520	0.192798	0.028653	0.020371	0.150389
chr1	14006759	15617400	-0.304911	-0.088391	-0.054631	-0.197271
chr1	15617885	17391590	0.169492	0.030913	0.024014	0.097561
chr1	17430953	22227860	0.282066	0.056745	0.035119	0.208589
chr1	22258218	24571283	0.100039	0.020368	0.013915	0.075444
chr1	24572097	26859720	-0.079218	-0.020860	-0.012690	-0.071362
chr1	26859886	28874879	0.162844	0.028662	0.018983	0.121575
chr1	28945711	31328321	-0.253780	-0.073186	-0.044646	-0.208889
chr1	31496411	32823788	-0.027833	-0.008604	-0.004473	-0.020996
chr1	32892849	34432464	-0.090757	-0.030179	-0.018045	-0.067622
chr1	34474063	36805787	0.312398	0.065059	0.044325	0.252562
chr1	36838020	37810598	-0.139319	-0.044312	-0.025971	-0.109290
chr1	37901879	40793931	0.059157	0.008109	0.006315	0.045654
chr1	41008705	44155489	0.085668	0.016219	0.009632	0.067337
chr1	44161748	47159166	0.138425	0.032799	0.023719	0.115456
chr1	47166113	49754688	-0.178688	-0.029891	-0.020268	-0.149809
chr1	49765709	51352821	0.186635	0.039356	0.024395	0.137713
chr1	51352933	52732982	-0.088670	-0.024756	-0.016170	-0.066964
chr1	52737096	53743652	0.139232	0.051912	0.033879	0.125801
chr1	53758945	55278507	0.036907	0.006495	0.004559	0.035864
chr1	55278540	56513042	0.117747	0.023719	0.016024	0.076880
chr1	56663426	58040702	0.023789	0.004288	0.002917	0.009877
chr1	58090514	59874785	0.141061	0.031235	0.021131	0.107544
chr1	59897414	61880584	0.479945	0.091539	0.066072	0.345808
chr1	61890133	63323642	-0.371917	-0.100012	-0.056474	-0.242925
chr1	63367213	65812138	0.351685	0.074827	0.050152	0.274247
chr1	65834916	66941600	-0.289781	-0.118366	-0.071454	-0.230948
chr1	67064206	69514932	-0.087997	-0.011909	-0.008710	-0.063580
chr1	69515420	70677243	-0.320565	-0.092524	-0.057257	-0.229327
chr1	70734607	72383809	-0.074679	-0.027239	-0.016796	-0.050925
chr1	72384603	73996813	-0.034713	-0.007876	-0.004930	-0.026369
chr1	74024793	76788673	0.060372	0.009092	0.006760	0.049605
chr1	76821492	78922539	-0.067479	-0.012439	-0.008698	-0.071070
chr1	78922612	80823658	-0.313351	-0.081256	-0.054260	-0.270481
chr1	80825486	82810218	0.202842	0.038847	0.028240	0.140555
chr1	82846326	85258058	0.146803	0.025517	0.016116	0.097794
chr1	85345294	86866640	0.360156	0.051527	0.038539	0.175433
chr1	86872445	89010938	-0.114286	-0.019977	-0.014006	-0.072427
chr1	89011398	89847430	-0.254270	-0.056655	-0.031192	-0.169541
chr1	89859954	90453568	0.057386	0.016009	0.009018	0.026588
chr1	90479930	91372903	0.421255	0.079156	0.048714	0.338129
chr1	91372918	93234619	-0.312588	-0.050576	-0.032408	-0.178947
chr1	93268941	96148852	-0.152199	-0.024152	-0.016297	-0.118844
chr1	96334217	98477887	0.181394	0.035248	0.024607	0.143739
chr1	98515689	101419362	0.041553	0.006457	0.004310	0.019299
chr1	101419373	105508686	-0.094974	-0.013900	-0.008770	-0.068637
chr1	105641416	108535446	-0.205435	-0.030703	-0.020295	-0.120938
chr1	108555764	114042642	-0.194187	-0.029911	-0.020237	-0.159643
chr1	114071379	116176372	0.009419	0.001107	0.000804	0.004559
chr1	116178752	118480151	0.043605	0.006015	0.004279	0.028846
chr1	118517477	120080102	0.149709	0.036090	0.024015	0.088584
chr1	120157084	122954857	0.014504	0.002323	0.001621	0.011002
chr1	122959259	123777254	-0.131231	-0.058857	-0.034779	-0.086712
chr1	123796172	126429269	0.302855	0.065912	0.045737	0.222399
chr1	126429430	129239724	0.064238	0.012469	0.008544	0.038068
chr1	129252205	130385490	0.178602	0.075877	0.046563	0.121212
chr1	130505376	132058097	-0.191388	-0.073312	-0.037106	-0.146644
chr1	132060236	133156472	-0.102906	-0.030846	-0.018203	-0.070773
chr1	133157139	134118280	-0.039286	-0.023261	-0.011224	-0.040000
chr1	134184373	135077758	0.234295	0.108086	0.053843	0.143680
chr1	135097185	136039038	-0.063640	-0.024129	-0.012734	-0.040049
chr1	136044887	140518876	-0.330961	-0.053668	-0.039369	-0.212157
chr1	140518877	142461810	-0.038991	-0.008554	-0.005222	-0.028784
chr1	142610847	143970536	0.223670	0.067136	0.044400	0.167830
chr1	143977699	145622969	0.033698	0.008455	0.005499	0.022456
chr1	145630858	146743581	-0.277055	-0.086517	-0.053613	-0.223254
chr1	146782942	148712403	0.241007	0.044316	0.029359	0.182692
chr1	148721096	150209306	0.074248	0.013951	0.009937	0.050576
chr1	150275024	151990345	-0.242752	-0.058677	-0.034421	-0.173847
chr1	151990474	154012498	0.402722	0.079057	0.061077	0.267269
chr1	154014468	156478454	-0.007331	-0.002057	-0.001270	0.006030
chr1	156517495	157487633	-0.120942	-0.039705	-0.025930	-0.100943
chr1	157487681	159262846	0.116136	0.027291	0.019265	0.065698
chr1	159263929	164347794	-0.010305	-0.002013	-0.001358	-0.004935
chr1	166019605	169774139	-0.309042	-0.059326	-0.035504	-0.231649
chr1	169816511	171420347	0.222770	0.067413	0.043492	0.168428
chr1	171426463	174299260	0.077654	0.017493	0.010542	0.053992
chr1	174382766	179507677	-0.172043	-0.037363	-0.023265	-0.132890
chr1	179823197	182280100	0.157182	0.035297	0.024512	0.141956
chr1	182365782	183634537	0.426676	0.134968	0.080310	0.354614
chr1	183636392	185480662	-0.154872	-0.049143	-0.030800	-0.134942
chr1	185491303	186891800	-0.345640	-0.073187	-0.046233	-0.267116
chr1	186917289	188844986	0.281233	0.082041	0.052476	0.239215
chr1	188845803	191071101	-0.141663	-0.035290	-0.022027	-0.105772
chr1	191071166	193760153	0.108629	0.021746	0.014510	0.082991
chr1	193863835	195187999	0.146115	0.042589	0.026328	0.112849
chr1	195188076	197500096	0.090843	0.019949	0.012946	0.074351
chr1	197514631	199462248	-0.085704	-0.025845	-0.018120	-0.069586
chr1	199472221	202435025	-0.061742	-0.014699	-0.010063	-0.042659
chr1	202440015	203801310	-0.137706	-0.039145	-0.024055	-0.089683
chr1	203803860	205222924	-0.007414	-0.002495	-0.001563	-0.005156
chr1	205239404	207300769	-0.095365	-0.013688	-0.010135	-0.061660
chr1	207373771	208831286	0.178571	0.063906	0.044855	0.123885
chr1	208843837	209733154	-0.009236	-0.002679	-0.001734	-0.006454
chr1	209750024	210697635	0.326045	0.081869	0.061000	0.184899
chr1	210710318	212870604	0.061261	0.017752	0.009860	0.044127
chr2	176511	1227316	0.488845	0.223741	0.142720	0.421286
chr2	1264604	3050519	0.029715	0.009072	0.005583	0.010891
chr2	3052819	4892662	0.087538	0.026541	0.014864	0.071473
chr2	4892780	6045987	0.081232	0.030414	0.015664	0.045545
chr2	6084748	7234854	0.076032	0.018590	0.012773	0.067658
chr2	7234885	9221205	-0.100719	-0.020426	-0.012315	-0.065154
chr2	9221241	12138948	0.088733	0.015884	0.011597	0.064902
chr2	12267889	15925616	0.101469	0.013610	0.009494	0.079427
chr2	15953609	17619882	-0.064121	-0.017301	-0.010296	-0.045756
chr2	17655037	20379320	-0.179544	-0.032906	-0.019762	-0.111431
chr2	20532849	22694885	-0.153512	-0.039824	-0.023163	-0.107548
chr2	22715243	24953569	0.058786	0.009874	0.006292	0.050853
chr2	24958712	26969850	0.115098	0.028823	0.017027	0.085427
chr2	26974025	28552954	0.510939	0.139499	0.082989	0.452245
chr2	28556161	31497015	0.180124	0.038482	0.025638	0.147808
chr2	31498296	33190979	-0.061611	-0.015333	-0.009924	-0.046745
chr2	33194262	34158724	0.409874	0.127122	0.074447	0.286747
chr2	34212852	36058108	-0.220844	-0.046378	-0.028663	-0.123446
chr2	36059007	36963509	0.057435	0.021058	0.013932	0.033118
chr2	36963555	37808611	-0.203593	-0.072464	-0.043762	-0.147826
chr2	37960305	39121754	-0.055230	-0.017509	-0.011025	-0.029421
chr2	39176624	40534340	-0.065686	-0.014242	-0.008614	-0.055620
chr2	40571572	41829730	0.119769	0.034695	0.021769	0.080445
chr2	41947387	43511680	-0.008284	-0.002258	-0.001492	-0.027738
chr2	43629767	45548952	0.202366	0.037083	0.024927	0.178659
chr2	45565788	47378572	0.094959	0.026592	0.015494	0.080397
chr2	47389504	48312933	0.344362	0.133744	0.086126	0.223736
chr2	48328888	49334033	0.093785	0.037865	0.019637	0.071737
chr2	49335433	50522202	0.026128	0.011874	0.006262	0.022627
chr2	50636267	52052296	0.190828	0.048614	0.033554	0.151567
chr2	52075203	52890907	-0.367009	-0.138713	-0.073093	-0.300582
chr2	52899522	54376764	-0.072592	-0.025313	-0.015931	-0.058374
chr2	54378153	56331034	0.333333	0.060032	0.044737	0.252870
chr2	56334170	57621456	-0.040495	-0.008023	-0.005675	-0.037168
chr2	57652552	59214879	-0.082205	-0.017038	-0.011363	-0.050114
chr2	59320798	63051316	0.153110	0.029185	0.020974	0.132450
chr2	63052353	65402095	0.262640	0.040270	0.029600	0.231722
chr2	65508366	67041585	-0.069341	-0.010574	-0.006612	-0.028284
chr2	67059121	68796223	-0.526746	-0.112881	-0.071137	-0.388041
chr2	68909221	70868268	0.240088	0.039484	0.026720	0.182720
chr2	70878430	71811394	-0.376054	-0.110711	-0.055774	-0.269383
chr2	71815988	74129108	-0.233746	-0.039960	-0.026472	-0.180308
chr2	74132040	74919880	0.075162	0.026455	0.015785	0.056878
chr2	74920012	76664666	-0.018262	-0.004682	-0.002804	-0.014535
chr2	76693129	80621676	0.063241	0.011602	0.007309	0.027903
chr2	80648082	85762560	0.026667	0.004421	0.003024	-0.004673
chr2	85824871	87048787	0.259657	0.080363	0.052904	0.218807
chr2	87068272	89852593	0.238294	0.047467	0.030830	0.218337
chr2	89852621	92952851	0.027977	0.007351	0.004313	0.027177
chr2	93047063	95010193	-0.157941	-0.050454	-0.028482	-0.111320
chr2	95015055	96683269	-0.190083	-0.049193	-0.029845	-0.143571
chr2	96690397	99678692	0.115044	0.015990	0.011600	0.079961
chr2	99724922	101253080	-0.265483	-0.073923	-0.047468	-0.182109
chr2	101282752	103000407	0.052075	0.012535	0.007507	0.046061
chr2	103254711	107643805	0.050346	0.009852	0.005787	0.028147
chr2	107698215	109138902	-0.306109	-0.095534	-0.055123	-0.239757
chr2	109142733	110606929	-0.299398	-0.070858	-0.042930	-0.200255
chr2	110611328	112481668	-0.522227	-0.149332	-0.087050	-0.361861
chr2	112492366	113728832	-0.026333	-0.008942	-0.004448	0.009273
chr2	113732721	114658297	0.055169	0.017053	0.011138	0.020138
chr2	114736076	115668166	-0.245840	-0.069078	-0.041469	-0.169743
chr2	115672008	117320373	-0.607649	-0.218339	-0.103047	-0.379982
chr2	117335402	118798261	0.069657	0.023540	0.014150	0.056088
chr2	118916126	121697043	-0.111522	-0.020486	-0.013698	-0.066263
chr2	121704475	124105274	0.309582	0.061858	0.044972	0.222423
chr2	124105348	125320550	0.157919	0.045645	0.028738	0.115220
chr2	125331171	128198080	-0.076776	-0.010392	-0.007330	-0.053999
chr2	128205136	129649794	-0.317552	-0.098408	-0.054015	-0.230620
chr2	129750612	131785724	0.163628	0.025442	0.017161	0.104186
chr2	131795610	133695719	-0.251103	-0.063504	-0.038747	-0.193735
chr2	133724711	136893514	-0.000805	-0.000182	-0.000114	-0.000573
chr2	136894076	138153127	-0.107753	-0.042476	-0.028244	-0.080392
chr2	138180954	139228824	0.094124	0.021665	0.014134	0.062799
chr2	139234980	142148882	0.222862	0.027772	0.018748	0.186417
chr2	142148971	144308712	-0.082620	-0.019016	-0.011280	-0.048834
chr2	144321217	148394306	0.086150	0.022711	0.015453	0.057947
chr2	148415458	150024414	-0.103269	-0.021199	-0.014693	-0.091575
chr2	150025603	151760516	0.395112	0.116997	0.070049	0.330494
chr2	151760751	152789872	0.043307	0.017807	0.009792	0.037037
chr2	152795796	154065745	0.352344	0.072924	0.053550	0.294964
chr2	154078059	155576607	0.159853	0.056610	0.036665	0.142518
chr2	155579318	156994516	0.259021	0.076455	0.047246	0.181818
chr2	157004420	159746718	0.084076	0.028849	0.017236	0.062065
chr2	159821791	161958397	-0.178850	-0.071795	-0.040740	-0.143263
chr2	162060904	164081275	-0.144470	-0.040188	-0.025470	-0.099214
chr3	4694620	8840773	0.010815	0.001212	0.000909	-0.014233
chr3	8934309	12543650	-0.082767	-0.011286	-0.008294	-0.080013
chr3	12578562	14375030	0.304455	0.065223	0.044986	0.266811
chr3	14438820	17613272	0.118040	0.016599	0.011100	0.094139
chr3	17613273	21615509	0.343301	0.029074	0.022843	0.234663
chr3	21787253	23691804	0.121570	0.023116	0.015232	0.090599
chr3	23695366	24699062	0.106690	0.029038	0.018101	0.086030
chr3	24741258	25920788	0.165793	0.046929	0.033134	0.134033
chr3	25951375	27726843	-0.042573	-0.011118	-0.007106	-0.028495
chr3	27777225	29385280	0.070588	0.014350	0.009524	0.070780
chr3	29421891	30892525	0.002702	0.000682	0.000451	0.006296
chr3	30916773	33394382	-0.039841	-0.006913	-0.005239	-0.017665
chr3	33394397	34445327	-0.095805	-0.021901	-0.015330	-0.047375
chr3	34450376	36057263	-0.123457	-0.031692	-0.020149	-0.104167
chr3	36112344	36350003	-0.050459	-0.042565	-0.028226	-0.025321
chr3	36394662	39938587	0.284347	0.035073	0.027753	0.183962
chr3	39945837	42592684	0.141767	0.040053	0.024713	0.112847
chr3	42634798	43910803	0.070040	0.020962	0.012734	0.048284
chr3	43965267	45244967	0.480256	0.130567	0.088048	0.369975
chr3	45245019	47192329	-0.063475	-0.014701	-0.009847	-0.058935
chr3	47273189	48536713	-0.120329	-0.033651	-0.022563	-0.086456
chr3	48573896	49881120	-0.246780	-0.113224	-0.061243	-0.211588
chr3	49883092	51362794	-0.148270	-0.045854	-0.028104	-0.120024
chr3	51372900	51963256	0.282698	0.126698	0.079244	0.241419
chr3	51971608	52826322	0.057753	0.021088	0.014352	0.035748
chr3	52862801	54236986	0.020074	0.005925	0.003916	0.015716
chr3	54277889	55424025	0.266014	0.079715	0.056580	0.201700
chr3	55434086	56270261	0.275862	0.126102	0.081143	0.209343
chr3	56297260	57177615	0.405751	0.142677	0.100744	0.306415
chr3	57188087	57764184	-0.000399	-0.000139	-0.000089	-0.001252
chr3	57764209	58973242	0.057143	0.013012	0.008387	0.032258
chr3	58973773	62500119	-0.010082	-0.000767	-0.000585	-0.003094
chr3	62518221	63936152	-0.000762	-0.000169	-0.000111	-0.000502
chr3	63948741	65203115	0.198367	0.057293	0.040849	0.166500
chr3	65338103	66995810	0.110392	0.025398	0.016677	0.084763
chr3	66996957	68968786	-0.165354	-0.034958	-0.021072	-0.147739
chr3	68972437	71684220	-0.452624	-0.099420	-0.060682	-0.363330
chr3	71762321	74615863	-0.255897	-0.057120	-0.037641	-0.198778
chr3	74615922	75588479	-0.270108	-0.107867	-0.060356	-0.182877
chr3	75636678	76872048	0.156213	0.032387	0.021384	0.100990
chr3	76875820	79642659	0.087971	0.021758	0.012857	0.077833
chr3	79658730	81058446	-0.180784	-0.043082	-0.027515	-0.155689
chr3	81133349	83752920	-0.053784	-0.011169	-0.007625	-0.046453
chr3	83774032	84668003	-0.038963	-0.015811	-0.008915	-0.024861
chr3	84668451	87018356	-0.161145	-0.024292	-0.016996	-0.092502
chr3	87023105	89190950	-0.048043	-0.010029	-0.006853	-0.023958
chr3	89212460	91597826	0.090538	0.016974	0.011004	0.083849
chr3	91674699	93689173	-0.148503	-0.048317	-0.028129	-0.135354
chr3	93755005	98113737	0.301898	0.072026	0.049208	0.228346
chr3	98113753	100106520	-0.036336	-0.008286	-0.005534	-0.029981
chr3	100209584	104239458	-0.062709	-0.010061	-0.007654	-0.051116
chr3	104249394	106889173	-0.172962	-0.034158	-0.023111	-0.126822
chr3	107102072	109318074	0.165590	0.025659	0.017534	0.110578
chr3	109318793	111919458	0.027011	0.007457	0.004609	0.033376
chr3	111944414	113711074	0.017083	0.005660	0.003397	0.011434
chr3	113748555	114780769	-0.147808	-0.054348	-0.033143	-0.146613
chr3	114832418	116392986	-0.101210	-0.027465	-0.016061	-0.080139
chr3	116401830	117421779	0.036245	0.010027	0.006512	0.036579
chr3	117427032	118619076	0.065448	0.027743	0.015858	0.042636
chr3	118644997	119821040	-0.135539	-0.051376	-0.028881	-0.090667
chr3	119821049	121412003	0.049040	0.022783	0.012569	0.040330
chr3	121420839	122946893	0.009643	0.003224	0.001773	0.006502
chr3	123023416	124132179	0.076923	0.029377	0.016609	0.054010
chr4	2132101	5903305	0.162026	0.030680	0.021364	0.106319
chr4	5916745	8104404	0.109506	0.025201	0.016118	0.075575
chr4	8161771	10891547	0.204492	0.039846	0.026385	0.145013
chr4	10894629	13109368	0.090054	0.022402	0.014175	0.075539
chr4	13124459	15136037	-0.282765	-0.073995	-0.039630	-0.213993
chr4	15136132	16655963	0.161032	0.045174	0.028344	0.117788
chr4	16657479	17902321	-0.069597	-0.022293	-0.013917	-0.059264
chr4	17902336	20781870	0.281919	0.056964	0.038882	0.251316
chr4	20781891	22095508	-0.006378	-0.001655	-0.001093	-0.004382
chr4	22111421	23848750	0.235157	0.062983	0.040073	0.157321
chr4	23858737	25200342	-0.120482	-0.041428	-0.021941	-0.069444
chr4	25200910	28240884	0.027307	0.004614	0.003293	0.025560
chr4	28860145	30355348	0.036015	0.008788	0.005380	0.028709
chr4	30520986	32653087	-0.100378	-0.026139	-0.016667	-0.082486
chr4	32665325	34120010	-0.082873	-0.022665	-0.013833	-0.028328
chr4	34121675	35244334	0.306254	0.097386	0.063836	0.190833
chr4	35424779	38779701	0.056365	0.011178	0.007796	0.021172
chr4	38846297	41641858	-0.031318	-0.007220	-0.004867	-0.034116
chr4	41641872	43431851	-0.132138	-0.020004	-0.013987	-0.090031
chr4	43432033	46420203	-0.090318	-0.019759	-0.013416	-0.068445
chr4	46461079	47945517	-0.157041	-0.042527	-0.024923	-0.130841
chr4	47964116	49906041	0.076923	0.013708	0.008192	0.040620
chr4	49969742	53505421	0.053915	0.007063	0.005093	0.039343
chr4	53511306	56003824	0.214771	0.032053	0.025387	0.119764
chr4	56136098	58681526	-0.105352	-0.017224	-0.011762	-0.096631
chr4	58682235	60396570	0.332740	0.063548	0.040296	0.197050
chr4	60401689	63008934	0.111969	0.021165	0.013106	0.072318
chr4	63021607	66581700	-0.078947	-0.013841	-0.009763	-0.057412
chr4	66584354	69383405	0.003353	0.000890	0.000596	-0.008377
chr4	69421514	70690012	0.142905	0.055032	0.029732	0.111659
chr4	70690016	72486839	-0.164701	-0.057610	-0.031342	-0.122584
chr4	72581275	74748005	-0.226214	-0.077353	-0.044164	-0.200000
chr4	74814344	76876499	0.030415	0.011943	0.006314	0.033830
chr4	76900333	79564512	0.192121	0.045704	0.030979	0.139049
chr4	79639408	81934990	0.053339	0.016614	0.011273	0.032743
chr5	1289788	2541842	0.058591	0.028369	0.014031	0.038583
chr5	2544106	3308040	0.388174	0.133472	0.081113	0.284409
chr5	3316528	4019545	-0.310201	-0.134080	-0.065473	-0.222159
chr5	4029338	4841220	0.090866	0.033293	0.021007	0.057321
chr5	4845851	6232525	-0.026692	-0.005805	-0.003820	-0.017643
chr5	6260173	7574045	-0.114027	-0.031842	-0.020300	-0.092367
chr5	7587126	8584469	0.106692	0.043726	0.025126	0.086756
chr5	8584661	9414494	0.031950	0.007957	0.005148	0.028682
chr5	9417435	10383108	-0.058234	-0.016498	-0.011472	-0.036283
chr5	10405646	11972004	-0.290870	-0.067617	-0.038932	-0.215854
chr5	12004633	13330801	-0.130218	-0.037279	-0.023646	-0.119148
chr5	13334419	14111728	-0.022882	-0.006120	-0.003820	-0.015609
chr5	14137211	15019026	0.102767	0.034523	0.020997	0.080956
chr5	15022247	16183675	0.085640	0.021431	0.015128	0.066176
chr5	16192414	19004111	0.114056	0.020970	0.013753	0.087574
chr5	19010922	22569736	-0.248662	-0.067864	-0.040010	-0.195678
chr5	22623770	25398754	-0.137971	-0.020772	-0.013607	-0.101574
chr5	25453382	28491431	0.180296	0.023847	0.016651	0.106452
chr5	28492348	30995752	0.009369	0.001445	0.000978	0.007573
chr5	31267417	35216430	-0.199067	-0.020047	-0.013943	-0.123396
chr5	35446980	39565996	-0.226603	-0.024952	-0.017915	-0.184083
chr5	39742194	42865996	-0.426849	-0.062319	-0.044049	-0.365878
chr5	42868655	45204322	0.050633	0.009756	0.007129	0.035294
chr5	45208349	48479457	0.241929	0.036921	0.026582	0.158221
chr5	48529879	51053806	0.162846	0.032726	0.020799	0.167623
chr5	51115061	52735388	0.143979	0.036779	0.023277	0.114891
chr5	52751009	56058940	-0.005794	-0.000508	-0.000400	-0.004437
chr5	56344823	57924262	-0.057492	-0.010682	-0.007827	-0.044743
chr5	57935012	60555286	-0.104071	-0.022612	-0.014811	-0.081259
chr5	60561386	62085216	-0.051132	-0.012516	-0.007454	-0.036052
chr5	62091366	63812788	-0.058156	-0.015046	-0.009293	-0.040554
chr5	63824843	65513663	-0.052416	-0.019435	-0.012248	-0.040050
chr5	65632983	67170557	0.005603	0.001339	0.000850	-0.005749
chr5	67171091	68426054	0.079160	0.037565	0.020535	0.071700
chr5	68465270	69389458	-0.207480	-0.082115	-0.045817	-0.166494
chr5	69393524	70451274	-0.080210	-0.029445	-0.016497	-0.053792
chr6	791765	2496138	0.251015	0.049483	0.037405	0.204088
chr6	2509623	4208734	0.347254	0.106704	0.069922	0.200655
chr6	4208857	5567473	-0.376896	-0.135721	-0.073812	-0.283082
chr6	5572197	6256260	0.242140	0.079759	0.046363	0.160050
chr6	6265387	8080525	0.100909	0.031891	0.021988	0.066957
chr6	8081599	8909024	0.153411	0.063621	0.038205	0.105412
chr6	8929067	10171943	0.177858	0.040242	0.027426	0.123270
chr6	10211924	11127270	-0.293645	-0.140528	-0.073460	-0.207915
chr6	11127279	11742407	-0.025579	-0.010202	-0.006532	-0.018573
chr6	11743020	12882099	-0.598805	-0.177010	-0.107721	-0.424636
chr6	12932714	14270812	-0.004950	-0.001098	-0.000710	-0.003411
chr6	14275502	15640025	-0.297920	-0.088667	-0.054593	-0.283707
chr6	15642620	17685000	0.124722	0.024746	0.016923	0.091743
chr6	17720066	19790973	0.133891	0.028327	0.019701	0.111675
chr6	19800334	21006824	-0.229829	-0.064069	-0.036101	-0.184314
chr6	21007629	22648783	0.326781	0.094981	0.060585	0.286022
chr6	22670837	24787432	0.247646	0.065054	0.043122	0.185767
chr6	24804960	26456606	0.035645	0.004971	0.003566	0.015529
chr6	26461309	30196341	0.260987	0.035665	0.026013	0.175937
chr6	31109075	38908523	0.093878	0.005100	0.004085	0.058974
chr6	38908994	39961940	0.003770	0.001753	0.000901	0.003219
chr6	40068266	41303604	0.110316	0.021679	0.013704	0.054685
chr6	41327320	42013729	0.376476	0.134311	0.082814	0.234456
chr6	42015241	43653511	-0.086999	-0.017229	-0.010593	-0.072087
chr6	43665664	45304813	0.215801	0.052219	0.030865	0.162477
chr6	45367862	45806459	0.303056	0.107522	0.066391	0.248290
chr6	45806599	46772870	-0.046267	-0.013931	-0.008713	-0.032697
chr6	46917228	47573625	-0.242209	-0.080546	-0.049765	-0.188923
chr6	47582734	48185769	-0.179560	-0.057411	-0.035832	-0.142121
chr6	48187155	48869389	0.190988	0.059311	0.043236	0.149478
chr6	48987999	50169901	0.383527	0.094178	0.060100	0.313283
chr6	50196813	51264206	0.283166	0.090490	0.048991	0.189066
chr6	51291312	51968018	0.134694	0.052602	0.030007	0.110516
chr7	692060	1542790	0.325883	0.147978	0.090022	0.246456
chr7	1564126	2608714	-0.128051	-0.047725	-0.027451	-0.080061
chr7	2609918	3710740	0.219817	0.060683	0.035167	0.153820
chr7	3711097	4552407	0.340009	0.106302	0.056207	0.216644
chr7	4555545	5939954	-0.118921	-0.033198	-0.020390	-0.099618
chr7	5940269	7204701	-0.203991	-0.063907	-0.040245	-0.138187
chr7	7211961	8646137	0.082768	0.028075	0.015468	0.068309
chr7	8648049	9407688	0.416298	0.082608	0.060439	0.272306
chr7	9446442	11151308	0.391774	0.075145	0.055875	0.263758
chr7	11250223	14132888	-0.319992	-0.046365	-0.030456	-0.223806
chr7	14399755	18164050	-0.082759	-0.010978	-0.007507	-0.058252
chr7	18176503	21381250	0.072724	0.009787	0.006573	0.038303
chr7	21410285	25468822	-0.261998	-0.040884	-0.029077	-0.219451
chr7	26281105	29258892	0.196375	0.022952	0.017134	0.133002
chr7	29262777	32404837	-0.180321	-0.019343	-0.014431	-0.132400
chr7	32464176	34406540	0.218988	0.038449	0.025759	0.138016
chr7	34406542	35081667	-0.245550	-0.069384	-0.045493	-0.161659
chr7	35097097	36172458	-0.058950	-0.020421	-0.011183	-0.049594
chr7	36175405	37794209	0.072521	0.012433	0.008491	0.038450
chr7	37796700	40136055	0.257005	0.036849	0.026381	0.215170
chr7	40353166	40954068	-0.007641	-0.001865	-0.001281	-0.012955
chr7	40954118	41719775	0.180108	0.064875	0.042278	0.129123
chr7	41735678	42859829	0.394467	0.117915	0.078703	0.344948
chr7	42989458	44405243	-0.334879	-0.082692	-0.047582	-0.226797
chr7	44405523	45483984	-0.086583	-0.020309	-0.013022	-0.056062
chr7	45498483	45780595	0.358051	0.139708	0.100356	0.286441
chr7	45848645	46806232	0.088266	0.022165	0.015681	0.062482
chr8	112280	925169	0.150028	0.065492	0.036976	0.091512
chr8	931193	1766577	-0.141316	-0.047868	-0.028703	-0.102633
chr8	1770715	2533811	-0.139085	-0.041821	-0.026103	-0.119103
chr8	2534005	3052936	-0.376679	-0.178207	-0.092921	-0.287950
chr8	3055476	4264627	-0.143466	-0.036006	-0.023573	-0.120422
chr8	4267965	4984400	-0.233579	-0.069144	-0.046971	-0.161272
chr8	4986435	5333823	-0.108440	-0.045887	-0.026969	-0.048476
chr8	5335557	5898871	0.085492	0.030142	0.019017	0.064815
chr8	5904566	6479432	0.320821	0.097697	0.070538	0.179945
chr8	6500231	7133795	0.248453	0.088033	0.056845	0.200714
chr8	7141246	7535241	0.037412	0.017365	0.010543	0.022101
chr8	7541660	8188360	0.147265	0.047461	0.029412	0.094148
chr8	8195985	8614911	0.216646	0.075207	0.045245	0.120390
chr8	8614976	9684344	-0.097835	-0.032089	-0.018738	-0.073472
chr8	9775571	12473030	-0.260230	-0.040853	-0.027917	-0.161093
chr8	12488988	13694842	-0.028468	-0.007301	-0.004862	-0.020482
chr8	13803134	16230087	0.000935	0.000185	0.000131	-0.001692
chr8	16246750	18719736	0.167024	0.031536	0.020250	0.139785
chr8	18871774	24849423	0.108865	0.009209	0.007512	0.082671
chr8	24949285	27753166	-0.170623	-0.031862	-0.022175	-0.125379
chr8	27793925	30770185	-0.172854	-0.024851	-0.015872	-0.136322
chr8	30815743	32181193	-0.337668	-0.070988	-0.041848	-0.224978
chr8	32186646	32964492	0.220804	0.054239	0.035953	0.185391
chr8	32971513	34141854	-0.179514	-0.043296	-0.025719	-0.123278
chr8	34149426	35167270	-0.268651	-0.078331	-0.042352	-0.164726
chr8	35169581	35867499	0.016781	0.006175	0.002944	0.010977
chr8	35867948	36780404	0.139010	0.041797	0.024138	0.094451
chr8	36822092	37765001	0.077586	0.023719	0.013070	0.044677
chr8	37770683	38652109	-0.126040	-0.034936	-0.017968	-0.084039
chr8	38687939	40038695	0.148664	0.030306	0.017206	0.092292
chr8	40039142	40412039	-0.071196	-0.041551	-0.019664	-0.030716
chr8	40433309	41214069	0.089608	0.033966	0.018693	0.077323
chr8	41217031	41469134	0.408698	0.243082	0.141344	0.271513
chr8	41472997	42603150	0.033741	0.013886	0.007119	0.010323
chr8	42603566	43345353	0.131492	0.060147	0.028644	0.065627
chr9	1031181	2610348	-0.142551	-0.044713	-0.027729	-0.092425
chr9	2713767	3661434	-0.055669	-0.022610	-0.012522	-0.039272
chr9	3719768	4415381	-0.119365	-0.032835	-0.017983	-0.085005
chr9	4460705	5097327	0.109557	0.034215	0.022449	0.085923
chr9	5119112	6675332	0.163390	0.062585	0.041116	0.131088
chr9	6679038	9534923	-0.043394	-0.005538	-0.003603	-0.026914
chr9	9543723	10630898	-0.240478	-0.097517	-0.048897	-0.144524
chr9	10632182	11046876	0.204945	0.165300	0.076513	0.187343
chr9	11046880	12161564	-0.393120	-0.087318	-0.047673	-0.269737
chr9	12170801	13051525	0.088085	0.026714	0.017154	0.066906
chr9	13098802	14093759	0.024218	0.005423	0.003411	0.016043
chr9	14132607	15872580	0.371758	0.088477	0.060405	0.268670
chr9	15903043	17359869	-0.113814	-0.019814	-0.014205	-0.073103
chr9	17443641	25049757	-0.110582	-0.007299	-0.005653	-0.087113
chr9	25151367	27316457	0.275676	0.062941	0.040198	0.251232
chr9	27395750	28820847	0.339167	0.081982	0.053964	0.217182
chr9	28834252	30772610	0.168879	0.034942	0.018885	0.115937
chr9	30774184	31981004	0.258545	0.047779	0.030879	0.201668
chr9	32005113	33152851	-0.071569	-0.020873	-0.012296	-0.069513
chr9	33186975	34623733	0.070423	0.016129	0.010610	0.042806
chr9	34708248	35873920	0.161195	0.039241	0.024694	0.103740
chr9	35876934	36856862	0.027768	0.008869	0.005808	0.020747
chr9	36872690	38480872	-0.165317	-0.040611	-0.025467	-0.123596
chr9	38480904	39158894	0.070752	0.028191	0.016092	0.041255
chr9	39159050	40087626	0.170918	0.068084	0.040559	0.133534
chr9	40105670	41271176	-0.172840	-0.044726	-0.029264	-0.128827
chr9	41271320	43014583	0.142918	0.036401	0.025463	0.119153
chr10	3349318	10999288	-0.170588	-0.015217	-0.011271	-0.125338
chr10	11011454	15520308	-0.299346	-0.038843	-0.026435	-0.240573
chr10	15569753	18531986	0.083488	0.009394	0.006377	0.071927
chr10	18602622	20433246	0.029586	0.004304	0.003165	0.023324
chr10	20479615	22667677	-0.444835	-0.084432	-0.053949	-0.308737
chr10	22667681	25341423	0.197484	0.034364	0.023556	0.144451
chr10	25346279	26682151	-0.123894	-0.029160	-0.018066	-0.078505
chr10	26687858	28040929	-0.054898	-0.008896	-0.005666	-0.035392
chr10	28061898	29898476	0.169211	0.045367	0.028000	0.136925
chr10	29920897	31176258	0.003652	0.000880	0.000561	-0.002623
chr10	31227326	32779357	-0.157816	-0.040364	-0.026061	-0.119780
chr10	32795948	33800801	0.523188	0.173239	0.103861	0.392038
chr10	33801147	35432405	0.324746	0.085499	0.052539	0.239360
chr10	35454588	36306311	0.305482	0.121650	0.077284	0.239454
chr10	36312587	37253491	0.254323	0.100550	0.065380	0.166713
chr10	37253591	38275165	-0.082450	-0.025698	-0.017176	-0.074920
chr10	38276008	39238803	0.241663	0.098999	0.056529	0.170590
chr10	39256714	40427115	-0.002221	-0.000660	-0.000421	-0.001466
chr11	1358079	3230456	0.388778	0.092292	0.061273	0.307534
chr11	3231252	4110943	0.282288	0.065896	0.039465	0.197930
chr11	4127849	4731483	0.299392	0.109831	0.061820	0.196411
chr11	4879346	5634570	0.228116	0.106341	0.058873	0.206359
chr11	5634571	6517269	-0.189550	-0.065609	-0.039600	-0.153933
chr11	6541922	7623180	0.114110	0.029643	0.017436	0.074498
chr11	7632097	8067143	-0.096477	-0.029059	-0.016482	-0.065421
chr11	8067391	8653716	0.298578	0.102422	0.059727	0.216533
chr11	8699203	9437296	0.044088	0.014176	0.008083	0.020631
chr11	9441064	10145737	0.145859	0.038795	0.027332	0.113244
chr11	10145766	11182723	0.167129	0.035155	0.022957	0.138836
chr11	11183291	11942581	0.051737	0.011778	0.007559	0.027564
chr11	11949571	13667155	0.111851	0.017810	0.012719	0.077855
chr11	13684973	14853575	0.252509	0.049662	0.035792	0.137673
chr11	14853641	16160127	-0.033195	-0.008297	-0.005435	-0.014099
chr11	16163546	16674780	0.076972	0.033315	0.023112	0.056980
chr11	16683177	17817647	-0.224705	-0.072411	-0.036911	-0.160280
chr11	17818874	18615626	0.286883	0.118286	0.072207	0.263862
chr11	18618534	25815743	0.046143	0.003348	0.002602	0.047305
chr11	25881262	27956257	-0.307692	-0.089696	-0.053943	-0.220317
chr11	27956258	28582986	-0.090355	-0.032509	-0.020308	-0.070771
chr11	28583218	29649355	0.433222	0.113765	0.081871	0.272672
chr11	29654911	30544071	0.161850	0.048362	0.035620	0.074806
chr11	30548273	31296964	-0.006663	-0.001743	-0.001005	-0.015347
chr11	31297375	31933704	0.057900	0.016848	0.011054	0.037532
chr11	31934758	33226768	-0.195860	-0.067647	-0.033187	-0.116014
chr11	33317710	34130684	-0.156146	-0.033789	-0.021285	-0.113801
chr11	34131742	34958432	-0.004288	-0.001193	-0.000821	-0.003141
chr11	34974083	35600546	0.050277	0.018829	0.011423	0.034698
chr11	35648218	36384752	0.103844	0.036326	0.023908	0.065864
chr11	36407297	37189606	0.254917	0.103820	0.064983	0.216999
chr12	616564	6715640	0.226092	0.020075	0.014811	0.170175
chr12	6769477	9841580	-0.068469	-0.014014	-0.008951	-0.057805
chr12	9843485	12066233	-0.315666	-0.065291	-0.039166	-0.227912
chr12	12161623	16586699	-0.026706	-0.002093	-0.001470	-0.015986
chr12	16633560	18290371	0.056014	0.012823	0.008238	0.039729
chr12	18290372	20880822	0.224422	0.027191	0.017712	0.131112
chr12	20935373	22516150	-0.025543	-0.005235	-0.003310	-0.028623
chr12	22614173	23310434	0.005231	0.001520	0.000776	0.007178
chr12	23310740	24123550	-0.008421	-0.002158	-0.001171	-0.026376
chr12	24123560	25072414	-0.208057	-0.094642	-0.049718	-0.155369
chr12	25082397	25876753	0.100452	0.037331	0.021981	0.080021
chr12	25892462	27249853	0.009153	0.001641	0.001048	0.028049
chr12	27255939	28667653	-0.102759	-0.028575	-0.017595	-0.072009
chr12	28696646	29644398	0.112193	0.032977	0.022908	0.073809
chr12	29644497	30124269	0.029285	0.014074	0.008482	0.020862
chr12	30170663	31060206	-0.132268	-0.032511	-0.020396	-0.096815
chr12	31070258	31639636	-0.045255	-0.016195	-0.008853	-0.021129
chr12	31649288	32181238	-0.197048	-0.106805	-0.049192	-0.154705
chr12	32189016	33417277	0.156223	0.043766	0.029279	0.121252
chr12	33417533	35280028	-0.037651	-0.015321	-0.007371	-0.028169
chr13	1772447	2446368	0.229539	0.081120	0.051546	0.188052
chr13	2513814	3373155	0.443746	0.186717	0.117282	0.342354
chr13	3381824	4016023	0.141494	0.054062	0.035008	0.084911
chr13	4076425	4779439	0.188766	0.063477	0.038382	0.132571
chr13	4803182	5481289	0.073254	0.021158	0.013241	0.074837
chr13	5496093	6413960	0.423859	0.144441	0.080695	0.317751
chr13	6462225	7571318	0.298866	0.084294	0.055923	0.247300
chr13	7573338	8479482	0.280521	0.062865	0.038580	0.191190
chr13	8492836	9463186	0.073826	0.018055	0.012085	0.048087
chr13	9483690	10830978	0.052878	0.010285	0.006862	0.048368
chr13	10832651	12037217	0.055761	0.021157	0.012665	0.051566
chr13	12072686	12611279	0.285714	0.102372	0.063703	0.222455
chr13	12611317	13597254	-0.221494	-0.070241	-0.039606	-0.178082
chr13	13614958	16506938	0.310315	0.048388	0.034745	0.215442
chr13	16521029	20373323	0.188003	0.021601	0.015133	0.121111
chr13	20387600	22167048	0.075241	0.010588	0.008315	0.047588
chr13	22167758	23691768	-0.401543	-0.071820	-0.051813	-0.286315
chr13	23694735	25142061	-0.045726	-0.007438	-0.005409	-0.029987
chr13	25142136	27202303	0.287319	0.054349	0.038083	0.232697
chr13	27214584	27846277	0.133806	0.048933	0.030326	0.106538
chr13	27858347	28404644	0.454142	0.132107	0.091474	0.363150
chr13	28431286	29116565	0.110936	0.038567	0.022858	0.095078
chr13	29121847	29889894	0.300609	0.089348	0.060750	0.216561
chr13	29892547	30640374	-0.132134	-0.054367	-0.032017	-0.105034
chr13	30641349	31482965	0.214684	0.070164	0.042972	0.140226
chr13	31498088	32367554	-0.018846	-0.006597	-0.003594	-0.028116
chr13	32392173	33226020	0.387881	0.127977	0.079465	0.323880
chr14	351497	2181229	-0.264646	-0.053937	-0.032939	-0.175855
chr14	2217024	4546556	0.125550	0.020302	0.013067	0.068362
chr14	4563540	5621485	-0.062069	-0.014708	-0.008698	-0.034165
chr14	5622970	7274509	-0.148982	-0.024700	-0.017372	-0.092580
chr14	7276183	8632589	0.149660	0.029915	0.020012	0.103786
chr14	8669568	9383346	-0.073850	-0.020193	-0.012887	-0.042869
chr14	9395214	10631969	-0.074705	-0.020358	-0.012230	-0.049096
chr14	10634437	11272620	0.139307	0.058737	0.037294	0.119376
chr14	11283625	12682833	0.219381	0.051806	0.031119	0.159335
chr15	875891	2104231	0.098322	0.027077	0.016781	0.088422
chr15	2116396	2933301	-0.037249	-0.012576	-0.007178	-0.038893
chr15	2940093	3655156	0.294556	0.095700	0.056308	0.229118
chr15	3656939	4357686	-0.107527	-0.030112	-0.018605	-0.097829
chr15	4357707	5283964	0.397676	0.084293	0.062054	0.278155
chr15	5347177	5749843	0.168993	0.063188	0.034565	0.130913
chr15	5759902	6615340	-0.036104	-0.013123	-0.007471	-0.026301
chr15	6640490	7343746	0.323473	0.114500	0.066015	0.266844
chr15	7346549	8252716	-0.147705	-0.046366	-0.024435	-0.111595
chr15	8257393	9625851	0.013661	0.002308	0.001438	0.009381
chr15	9625931	11200258	0.069420	0.025687	0.013544	0.044332
chr15	11232844	12251969	0.051807	0.015428	0.010196	0.048475
chr16	206277	1314356	-0.182791	-0.051733	-0.033068	-0.136945
chr16	1326636	2958787	0.250094	0.066560	0.043393	0.182843
chr16	2962142	5764223	0.220958	0.024211	0.019466	0.209527
chr16	5765012	7377506	0.062584	0.015260	0.010723	0.051944
chr16	7408536	9011708	0.296581	0.064313	0.046791	0.195950
chr17	149838	556458	-0.163133	-0.099835	-0.045221	-0.128466
chr17	592968	1442181	-0.234970	-0.084005	-0.038821	-0.172110
chr17	1446060	2365934	0.228416	0.063726	0.040322	0.147876
chr17	2379871	3323119	-0.016060	-0.004084	-0.002642	-0.010835
chr17	3334321	4201588	-0.101681	-0.032863	-0.017839	-0.077415
chr17	4250326	5402848	0.191316	0.066753	0.040471	0.165195
chr17	5418173	7166832	-0.187182	-0.044125	-0.023049	-0.140485
chr17	7167472	8346345	0.256273	0.078547	0.046916	0.173410
chr18	1397875	3543449	-0.029425	-0.007624	-0.004675	-0.019025
chr18	3581618	4820147	-0.324551	-0.100470	-0.056849	-0.207012
chr18	4845532	5462794	-0.027121	-0.010629	-0.006645	-0.019136
chr18	5462963	6128442	0.031799	0.012388	0.008639	0.022248
chr18	6133069	6831196	0.325470	0.128549	0.086620	0.244260
chr18	6831288	8042956	0.455900	0.139298	0.084447	0.369863
chr19	2359005	3739487	0.063899	0.018406	0.012477	0.020367
chr19	3747419	5155263	0.298048	0.061331	0.043611	0.236023
chr19	5169073	6173696	0.182396	0.053051	0.033468	0.110140
chr19	6174511	7264252	-0.380052	-0.139408	-0.075646	-0.290717
chr20	504614	1828642	0.278320	0.080318	0.053197	0.221795
chr20	1830570	2811449	0.001884	0.000582	0.000358	-0.000366
chr20	2829457	3855432	-0.103995	-0.021864	-0.013296	-0.059911
chr20	3876106	4677907	0.039082	0.012741	0.007388	0.032213
chr20	4710096	5450062	0.036496	0.013033	0.008605	0.012771
chr20	5494067	6678010	-0.152639	-0.038013	-0.024925	-0.099522
chr21	651738	2331671	-0.170410	-0.067130	-0.038301	-0.150320
chr21	2355292	4032385	0.237313	0.063340	0.040043	0.205584
chr21	4052476	5931758	0.169268	0.041050	0.025030	0.136237
chr22	318233	1266998	-0.091132	-0.038519	-0.024603	-0.080148
chr22	1267195	2892920	-0.017969	-0.005648	-0.003363	-0.017758
chr22	2893012	4220753	0.107087	0.027388	0.016544	0.055616
chr22	4220837	5507717	0.052535	0.012186	0.007336	0.064364
chr23	511992	1225167	0.289370	0.083665	0.055498	0.171044
chr23	1231166	2747250	0.016987	0.004853	0.003019	0.003305
chr24	710537	2043577	0.112917	0.029133	0.019808	0.083916
chrZ	1005509	1312707	0.141111	0.082516	0.043011	0.104338
chrZ	1330702	2855727	-0.467655	-0.260445	-0.115461	-0.302403
chrZ	2887121	3689530	-0.060078	-0.022874	-0.012961	-0.042936
chrZ	3690995	3992252	0.006045	0.004044	0.002085	0.004759
chrZ	3992270	4301042	0.296875	0.171444	0.097041	0.206654
chrZ	4301919	4356879	-0.044220	-0.093904	-0.042082	-0.023885
chrZ	4356881	4389320	0.087696	0.124074	0.079620	0.046175
chrZ	4390615	4460168	-0.018284	-0.028200	-0.015513	-0.008904
chrZ	4460211	4509463	0.099138	0.111380	0.067280	0.051611
chrZ	4509537	4545472	0.139985	0.222906	0.144800	0.063486
chrZ	4545697	4575921	0.153132	0.084399	0.064748	0.091130
chrZ	4575928	4625143	0.199566	0.170265	0.131554	0.107981
chrZ	4625182	4665713	0.150079	0.224586	0.153971	0.075277
chrZ	4665723	4948785	0.011469	0.006209	0.003563	0.005073
chrZ	4948852	5203150	0.112401	0.098396	0.062927	0.071595
chrZ	5203222	5315044	-0.007984	-0.006495	-0.004028	-0.007455
chrZ	5315115	5472501	-0.069152	-0.062263	-0.036543	-0.039751
chrZ	5479484	5627093	0.076714	0.049215	0.032162	0.050958
chrZ	5655685	6181420	0.234556	0.106949	0.087465	0.133238
chrZ	6239120	6844151	0.105438	0.042102	0.028954	0.076113
chrZ	6845963	7010188	-0.161652	-0.130601	-0.069791	-0.091090
chrZ	7010215	7159820	-0.126291	-0.149755	-0.063938	-0.070604
chrZ	7159837	7417963	-0.174220	-0.113540	-0.075395	-0.115535
chrZ	7452525	7985411	-0.087580	-0.039063	-0.022535	-0.061315
chrZ	7991737	8565157	0.019291	0.009354	0.005391	0.010214
chrZ	8565350	8846712	-0.081310	-0.055491	-0.030521	-0.049451
chrZ	8846722	8915779	-0.008598	-0.007686	-0.004907	-0.004695
chrZ	8915904	9064810	-0.081199	-0.066587	-0.034314	-0.061064
chrZ	9064828	9206323	-0.240170	-0.150767	-0.080398	-0.141604
chrZ	9210451	9292765	0.076447	0.073913	0.046353	0.046008
chrZ	9297482	9411352	-0.173913	-0.112816	-0.071298	-0.102564
chrZ	9411388	9574586	-0.080506	-0.050000	-0.032694	-0.048614
chrZ	9574663	9732847	0.164468	0.062398	0.047117	0.116979
chrZ	9735773	10724836	-0.028052	-0.006813	-0.005055	-0.028535
chrZ	10746679	11967270	-0.005285	-0.000904	-0.000678	0.000665
chrZ	11967552	12760235	-0.256530	-0.067335	-0.048878	-0.196418
chrZ	12765565	14465210	0.267070	0.048763	0.037843	0.224312
chrZ	14474923	14974029	-0.152028	-0.055308	-0.039814	-0.094311
chrZ	14991838	16659336	-0.069930	-0.013029	-0.008841	-0.054317
chrZ	16659452	17489401	-0.138198	-0.023964	-0.019872	-0.094984
chrZ	17490311	18233307	0.244018	0.067778	0.045638	0.138750
chrZ	18233393	19042375	-0.256861	-0.069929	-0.041894	-0.161640
chrZ	19044572	19280548	-0.009767	-0.004862	-0.003344	-0.005343
chrZ	19293807	20012526	-0.109417	-0.028740	-0.018114	-0.081551
chrZ	20012700	20943921	0.129615	0.029326	0.020753	0.121447
chrZ	20948659	22458965	0.264341	0.036293	0.028810	0.197525
chrZ	22465972	23721378	-0.178309	-0.055635	-0.038322	-0.108138
chrZ	23721458	24962897	-0.293319	-0.048726	-0.037049	-0.226796
chrZ	25004504	26564788	-0.220396	-0.042042	-0.033177	-0.173734
chrZ	26564789	28528523	0.093376	0.016448	0.013167	0.053330
chrZ	28558378	29830042	-0.222630	-0.047029	-0.031888	-0.153153
chrZ	29937227	34813931	-0.570727	-0.071329	-0.047768	-0.471974
chrZ	34948803	39036932	-0.329828	-0.028899	-0.022765	-0.280477
chrZ	39125842	43722553	0.042243	0.004237	0.003572	0.036052
chrZ	43731115	45948395	-0.131034	-0.018112	-0.014800	-0.109479
chrZ	46142024	54985900	-0.193448	-0.011028	-0.009088	-0.174402
chrZ	55260844	61178150	-0.261674	-0.028585	-0.022677	-0.247899
chrZ	61228377	64490963	-0.041549	-0.005487	-0.004165	-0.038590
chrZ	64842599	68918941	0.017690	0.001783	0.001315	0.016446
chrZ	68960016	73014284	-0.284058	-0.044875	-0.031806	-0.284058
chrZ	73049769	73816744	0.139932	0.044821	0.027112	0.138047
chrZ	73817502	76884984	-0.291909	-0.044927	-0.031036	-0.213697
chrZ	76885224	79845288	-0.297794	-0.054199	-0.037753	-0.273649
chrZ	79950448	81339166	-0.105467	-0.026070	-0.016223	-0.091317
chrZ	81346216	82314121	-0.251728	-0.076981	-0.037244	-0.211409
chrZ	82383936	84036039	-0.109862	-0.032754	-0.019263	-0.110230
