chr	windowStart	windowEnd	D	f_d	f_dM	d_f
chr1	1788724	2358345	0.219420	0.097506	0.065026	0.137153
chr1	2358522	4264584	-0.105099	-0.032372	-0.019629	-0.099920
chr1	4372261	5619478	-0.060703	-0.028720	-0.015711	-0.063948
chr1	5620346	7387761	0.593258	0.184079	0.125099	0.508380
chr1	7423780	8045684	0.010076	0.003858	0.002508	0.008772
chr1	8047607	10828837	-0.210066	-0.074525	-0.040724	-0.160535
chr1	11741115	15523195	0.219697	0.040055	0.027012	0.170838
chr1	15572793	20990778	0.092398	0.020783	0.012931	0.079615
chr1	21884393	25525676	0.026998	0.006215	0.003842	0.024728
chr1	25558848	29784067	-0.123318	-0.026901	-0.017684	-0.099819
chr1	29817328	33251110	-0.030303	-0.010035	-0.005737	-0.013146
chr1	33310589	36983203	-0.266922	-0.068375	-0.041413	-0.212614
chr1	36986663	40396410	0.338798	0.045264	0.034064	0.227941
chr1	40411357	44865434	-0.180887	-0.047181	-0.030589	-0.157025
chr1	44887179	50064196	-0.012600	-0.002903	-0.001957	-0.009813
chr1	50084085	53013893	0.301502	0.074490	0.055094	0.226492
chr1	53017782	54397306	-0.048292	-0.016337	-0.010000	-0.051607
chr1	54450356	56324561	0.200000	0.034442	0.023690	0.165622
chr1	56377813	57996146	0.013423	0.002796	0.001710	0.011070
chr1	58040702	60375722	-0.267838	-0.070537	-0.041858	-0.235727
chr1	60389669	62419685	0.181401	0.049545	0.030579	0.137224
chr1	62435881	65883349	0.071871	0.016912	0.010946	0.053782
chr1	65943822	68228594	-0.209406	-0.064654	-0.034882	-0.161625
chr1	68322017	71726477	-0.158120	-0.036352	-0.023593	-0.125850
chr1	71726900	74201832	0.180279	0.057717	0.033059	0.141517
chr1	74204425	77790048	0.110629	0.021658	0.014516	0.087479
chr1	77801676	80406695	-0.216684	-0.072829	-0.042226	-0.214840
chr1	80415502	84052308	0.060434	0.014003	0.009525	0.050000
chr1	84324561	86666464	0.225284	0.040513	0.028214	0.127273
chr1	86667202	89071908	0.141250	0.025133	0.017786	0.102821
chr1	89283360	90281505	0.056489	0.012602	0.007173	0.029289
chr1	90282924	91157735	0.486413	0.115076	0.077266	0.388286
chr1	91180057	94288291	-0.128134	-0.020923	-0.012924	-0.090592
chr1	94302496	98362370	0.091082	0.020859	0.014448	0.082569
chr1	98456301	101916954	0.554545	0.097240	0.069310	0.423611
chr1	102116439	112367526	0.114286	0.017352	0.010991	0.084291
chr1	112370936	115899511	-0.011278	-0.001852	-0.001326	-0.018150
chr1	115899512	119191307	-0.010753	-0.001895	-0.001245	-0.017668
chr1	119282236	122892112	0.023780	0.004065	0.002689	0.015485
chr1	122951881	126137152	-0.121419	-0.024039	-0.016755	-0.068095
chr1	126144116	130060355	0.182197	0.051984	0.030833	0.104382
chr1	130060475	132604880	0.063212	0.020261	0.012539	0.053462
chr1	132666162	134209466	-0.032995	-0.020031	-0.009139	-0.033868
chr1	134210007	136045172	0.032581	0.013657	0.007000	0.022928
chr1	136122150	142274310	0.074866	0.014823	0.010333	0.058009
chr1	142329653	145077784	0.046798	0.012930	0.008929	0.036329
chr1	145081394	146099978	-0.160768	-0.069070	-0.042317	-0.131514
chr1	146108207	149168935	0.305979	0.061809	0.039872	0.213853
chr1	149182789	151190813	-0.041389	-0.013720	-0.007428	-0.029440
chr1	151195797	153858460	0.205435	0.063679	0.036609	0.132435
chr1	153887021	157427381	0.107728	0.036542	0.020985	0.074074
chr1	157443401	160430128	0.052910	0.013692	0.008540	0.041534
chr1	160580016	170150545	0.029449	0.008564	0.005183	0.020408
chr1	170281073	178724630	0.117876	0.027963	0.018112	0.086749
chr1	180391953	183212468	0.320274	0.073932	0.047366	0.243485
chr1	183269038	186035138	0.127188	0.025477	0.016216	0.111933
chr1	186076185	189296153	-0.267241	-0.077146	-0.049174	-0.229682
chr1	189298613	192935945	0.084785	0.019823	0.013957	0.064734
chr1	192961736	195953113	-0.016393	-0.003711	-0.002765	-0.013239
chr1	195955785	200124344	0.178571	0.034653	0.024052	0.152174
chr1	200124398	203264825	-0.007109	-0.002457	-0.001428	-0.005607
chr1	203322156	205745306	0.029207	0.006701	0.004161	0.022065
chr1	205757940	207648594	0.066748	0.014908	0.010193	0.051838
chr1	207649862	209221981	0.217573	0.075922	0.048800	0.169753
chr1	209241963	210512083	0.155867	0.035536	0.021867	0.080818
chr1	210578131	215815504	0.304401	0.076797	0.054761	0.175853
chr2	1179331	3099961	0.197765	0.078900	0.050847	0.164082
chr2	3173137	5497448	-0.133333	-0.044610	-0.025765	-0.087786
chr2	5507955	7234885	0.006274	0.001826	0.001111	0.004591
chr2	7252803	11351229	0.267349	0.052253	0.033429	0.187251
chr2	11836977	16815144	-0.001075	-0.000176	-0.000111	0.003984
chr2	16827543	20343096	-0.299685	-0.077461	-0.045186	-0.195219
chr2	20343111	24936382	-0.045455	-0.010313	-0.005917	-0.032527
chr2	24953569	27375475	0.480409	0.158160	0.104645	0.425982
chr2	27421998	32167160	-0.011879	-0.003112	-0.002010	0.011102
chr2	32276241	34546303	0.416922	0.153952	0.083829	0.308679
chr2	34629944	36826557	0.194070	0.046327	0.029048	0.136882
chr2	36828357	37776801	0.292465	0.110255	0.066083	0.178210
chr2	37799006	40592265	-0.073487	-0.017373	-0.010445	-0.027356
chr2	40594555	43297567	0.327536	0.095596	0.064320	0.277187
chr2	43311291	46215661	0.271375	0.060969	0.039438	0.224973
chr2	46274131	48399229	0.251040	0.077967	0.047133	0.166820
chr2	48405429	50498204	0.089109	0.028005	0.017233	0.063830
chr2	50518278	52460796	0.041080	0.011685	0.007959	0.030461
chr2	52574455	54249934	-0.039871	-0.016010	-0.009775	-0.030106
chr2	54253981	56812533	0.084791	0.017513	0.012004	0.080214
chr2	56816409	59566697	0.040089	0.010313	0.006618	0.031469
chr2	59638505	65894602	0.288425	0.048714	0.032890	0.250000
chr2	65894719	68120358	-0.181452	-0.046044	-0.029500	-0.100902
chr2	68209940	71791109	0.060606	0.010086	0.006847	0.055738
chr2	71794333	74379509	0.095694	0.020619	0.013710	0.065487
chr2	74410639	76340122	0.314922	0.086260	0.054137	0.250990
chr2	76394170	85983578	-0.179698	-0.032057	-0.020020	-0.134615
chr2	85988478	89852593	0.071633	0.018192	0.011903	0.063830
chr2	89925088	94234896	0.142526	0.047570	0.024482	0.115710
chr2	94269396	98689446	0.011616	0.003194	0.001995	-0.000834
chr2	98691047	101417680	0.042398	0.007700	0.005280	0.028571
chr2	101463759	108552696	-0.041570	-0.009889	-0.006190	-0.032028
chr2	108597147	111355635	-0.183140	-0.043062	-0.025443	-0.108209
chr2	111418577	113728832	0.478537	0.108293	0.072673	0.315845
chr2	113767233	115054852	-0.080425	-0.019977	-0.012637	-0.051808
chr2	115082632	117184142	-0.204724	-0.072323	-0.037162	-0.123862
chr2	117186154	119690143	0.044268	0.012594	0.007628	0.030879
chr2	119694641	124864079	-0.227015	-0.055317	-0.032804	-0.167504
chr2	124888377	128622411	0.214027	0.040039	0.025887	0.200000
chr2	128709824	131647268	0.057627	0.018350	0.010976	0.045414
chr2	131648881	135881057	-0.033487	-0.008156	-0.005357	-0.025870
chr2	136496360	138440831	0.036295	0.012226	0.007397	0.034716
chr2	138448113	141987382	0.144876	0.026406	0.017375	0.116321
chr2	142018472	145377797	0.047619	0.012586	0.007569	0.036382
chr2	145383013	150494537	0.091981	0.016619	0.009958	0.064677
chr2	150494812	152053926	0.131730	0.054220	0.029512	0.105023
chr2	152061752	153698547	0.437387	0.130447	0.080773	0.414802
chr2	153755440	155992984	-0.068638	-0.022197	-0.013851	-0.041483
chr2	155993051	159904666	0.190981	0.050639	0.030658	0.140088
chr2	160101315	163218132	0.077596	0.026840	0.015381	0.049029
chr3	2577843	7578945	-0.172414	-0.016007	-0.011648	-0.138910
chr3	7620196	12348924	-0.131579	-0.025710	-0.018262	-0.111907
chr3	12376265	14438820	0.391705	0.117484	0.072935	0.319549
chr3	14442570	18964388	0.082956	0.010733	0.006913	0.054393
chr3	19062811	24500456	0.027933	0.003942	0.002611	0.010720
chr3	24512377	26266980	-0.407603	-0.134028	-0.078588	-0.294025
chr3	26267048	29101099	0.084189	0.032883	0.017540	0.062027
chr3	29147037	30925773	-0.142570	-0.041761	-0.025350	-0.132143
chr3	31152904	34240897	-0.085080	-0.016577	-0.010828	-0.045710
chr3	34242101	35824067	0.185745	0.052723	0.035841	0.144781
chr3	35935001	39582150	0.184049	0.042283	0.031515	0.136364
chr3	39761714	43640088	0.086718	0.024618	0.015290	0.057455
chr3	43640093	45071633	-0.024123	-0.010844	-0.006457	-0.016231
chr3	45081254	47671069	-0.149068	-0.032174	-0.022092	-0.121212
chr3	47673188	49786670	-0.133690	-0.054214	-0.030672	-0.100888
chr3	49803877	51902824	0.360100	0.117719	0.072511	0.278371
chr3	51946816	53383632	-0.018680	-0.008850	-0.004292	-0.034428
chr3	53428579	55287488	0.384016	0.131920	0.091465	0.334465
chr3	55339217	57172100	0.406085	0.132423	0.091980	0.288591
chr3	57177615	58584139	0.007150	0.002787	0.001578	-0.004212
chr3	58604592	62669815	0.082863	0.011756	0.008437	0.074184
chr3	62947826	66036191	0.023392	0.005102	0.003313	0.019355
chr3	66265806	68883912	-0.257821	-0.071643	-0.042186	-0.212444
chr3	68968786	73125305	-0.385230	-0.088255	-0.055556	-0.326565
chr3	73222755	75938272	-0.279661	-0.086602	-0.046486	-0.166369
chr3	75950964	79842150	0.020501	0.005222	0.003113	0.016886
chr3	79850318	83774032	-0.014764	-0.003636	-0.002310	-0.012068
chr3	83797974	85500877	0.058126	0.019168	0.011745	0.040936
chr3	85548619	90763296	0.088968	0.012776	0.008443	0.062924
chr3	90869226	96847270	-0.027701	-0.008559	-0.005337	-0.004823
chr3	97112380	99795662	-0.187207	-0.055860	-0.033705	-0.135714
chr3	99994469	106588166	0.114843	0.018344	0.013659	0.086319
chr3	106608834	109318074	0.070662	0.020063	0.013145	0.044177
chr3	109318832	113451289	0.219970	0.063653	0.040470	0.207337
chr3	113637078	115261877	0.087156	0.026150	0.015521	0.075099
chr3	115280929	117549780	0.184599	0.054090	0.035841	0.153273
chr3	117549862	119547874	-0.074777	-0.028751	-0.017101	-0.053048
chr3	119595511	121740572	0.394678	0.150720	0.086907	0.290216
chr3	121813619	123401907	0.257440	0.079297	0.048113	0.155716
chr3	123503211	124774377	-0.158343	-0.074906	-0.041053	-0.132855
chr4	2292676	7446544	-0.073857	-0.018547	-0.012137	-0.021617
chr4	7446557	12331812	0.179612	0.037443	0.023022	0.138996
chr4	12349956	14379636	-0.046307	-0.020392	-0.010769	-0.040000
chr4	14379655	17182859	0.176802	0.044380	0.031186	0.132713
chr4	17192141	21142988	0.165727	0.035906	0.024866	0.129973
chr4	21145528	23670055	0.001414	0.000329	0.000205	0.000870
chr4	23848750	26634845	-0.214381	-0.049498	-0.026700	-0.140857
chr4	26648041	29860583	0.063551	0.017834	0.011936	0.055375
chr4	30047302	32831620	-0.197309	-0.068616	-0.039997	-0.152057
chr4	32835060	35243206	0.209653	0.053427	0.031311	0.122130
chr4	35243220	41597920	-0.196196	-0.052498	-0.032434	-0.170124
chr4	41609705	44654199	0.071274	0.009980	0.007327	0.044481
chr4	44658613	48573211	-0.077249	-0.019231	-0.010955	-0.052814
chr4	48701913	52596109	0.148265	0.025733	0.014756	0.096907
chr4	52890442	56883445	0.174185	0.032126	0.020495	0.137441
chr4	56883551	60363001	0.043750	0.013174	0.007301	0.031111
chr4	60378097	66395792	0.320805	0.057346	0.040780	0.248710
chr4	66418291	70301174	-0.079151	-0.025262	-0.013197	-0.071553
chr4	70329019	71991447	0.112219	0.042333	0.023174	0.085714
chr4	72014759	76794546	-0.274227	-0.098476	-0.051426	-0.219835
chr4	76794553	81150499	0.034014	0.009704	0.006217	-0.014994
chr5	1433111	2850607	0.194444	0.086287	0.048415	0.141844
chr5	2850645	3767999	-0.138655	-0.048905	-0.025221	-0.092784
chr5	3771930	4662029	0.184906	0.080519	0.049213	0.163737
chr5	4662053	6232525	0.245977	0.067750	0.044340	0.198516
chr5	6236190	8347356	0.002331	0.000757	0.000437	-0.009560
chr5	8429721	9865579	0.101449	0.028897	0.018349	0.086399
chr5	9865984	12108810	-0.090164	-0.025043	-0.014569	-0.076655
chr5	12113918	13767233	0.128519	0.035621	0.024723	0.090752
chr5	13775026	15215072	0.259259	0.072937	0.049723	0.170344
chr5	15218743	16840581	0.136886	0.046295	0.027227	0.113814
chr5	16851131	22516890	-0.175419	-0.042029	-0.026399	-0.121581
chr5	22569736	26702452	-0.143137	-0.025046	-0.015066	-0.128748
chr5	26721528	30654057	-0.180952	-0.033444	-0.020647	-0.137157
chr5	30862832	39080162	0.274929	0.037055	0.025295	0.192423
chr5	39137079	43156925	-0.270784	-0.040025	-0.026548	-0.270195
chr5	43429341	48618464	0.219178	0.028614	0.021215	0.145009
chr5	48816972	52475864	0.090136	0.025355	0.015797	0.095729
chr5	52550291	56811348	0.103867	0.013414	0.010061	0.094118
chr5	56935182	59933773	0.047619	0.011367	0.007741	0.042060
chr5	60077290	63427135	0.184327	0.052201	0.032808	0.141056
chr5	63427178	65697204	0.228433	0.095013	0.053796	0.155372
chr5	65699163	67592343	0.186316	0.065807	0.039784	0.142857
chr5	67628181	69313830	-0.082294	-0.030280	-0.016557	-0.078486
chr5	69313929	70421620	-0.065611	-0.026508	-0.014780	-0.051146
chr6	876819	2782647	0.252683	0.092798	0.057903	0.223045
chr6	2811425	5133916	0.029262	0.010443	0.006174	0.024134
chr6	5133917	6478278	0.303797	0.088169	0.048284	0.226640
chr6	6693575	8561121	0.136571	0.043401	0.024406	0.097070
chr6	8648487	10348304	0.234286	0.070975	0.042800	0.185520
chr6	10348362	11524512	-0.270896	-0.163725	-0.076938	-0.224979
chr6	11526677	13054207	-0.000000	-0.000000	-0.000000	0.000000
chr6	13082932	14741443	-0.126404	-0.027039	-0.017550	-0.091278
chr6	14745580	18628191	-0.048864	-0.009695	-0.006659	-0.054416
chr6	18714396	20596834	-0.128314	-0.043920	-0.026666	-0.102282
chr6	20650872	24438727	0.119617	0.031083	0.019069	0.115593
chr6	24438942	26709221	0.254476	0.057653	0.033907	0.184279
chr6	26730038	33854264	0.139309	0.019642	0.012322	0.114871
chr6	34002802	39863011	-0.010405	-0.001553	-0.001051	-0.008629
chr6	39872583	41232759	0.444305	0.129114	0.070946	0.336548
chr6	41232990	42333967	0.157773	0.053201	0.029886	0.126394
chr6	42334007	43990836	0.068800	0.018662	0.010640	0.033058
chr6	44009538	45482952	0.104666	0.029077	0.016043	0.055144
chr6	45482988	46532863	0.181818	0.079938	0.047374	0.155405
chr6	46559770	47846527	-0.088296	-0.024253	-0.016647	-0.073756
chr6	47852796	48241538	0.204885	0.062435	0.043120	0.134461
chr6	48258011	49244214	0.112750	0.035702	0.022276	0.089241
chr6	49244288	50633964	0.165125	0.055995	0.033921	0.150858
chr6	50718414	51697430	0.195303	0.076243	0.045959	0.136325
chr7	163139	833311	-0.017956	-0.007301	-0.003807	-0.011083
chr7	927228	1892640	0.161874	0.085860	0.043888	0.129472
chr7	1909807	3253390	0.317661	0.128023	0.072324	0.270853
chr7	3260413	4208785	0.079470	0.024019	0.014482	0.056075
chr7	4215119	5713766	-0.007495	-0.002549	-0.001627	-0.025941
chr7	5746988	7515921	0.025063	0.009222	0.005288	0.031614
chr7	7641995	9009001	0.244813	0.092092	0.055076	0.191558
chr7	9030488	11084968	0.231039	0.048657	0.033993	0.176796
chr7	11268470	14697315	-0.051868	-0.011941	-0.007307	-0.035517
chr7	15035688	21121556	-0.047941	-0.007411	-0.005075	-0.052632
chr7	21176869	26052905	-0.177549	-0.025955	-0.017214	-0.144941
chr7	26281105	31401769	0.163599	0.027186	0.019938	0.142349
chr7	31933578	34584989	0.382212	0.075379	0.049284	0.233533
chr7	34592705	36243143	-0.002854	-0.000929	-0.000551	-0.002372
chr7	36251026	39046117	0.217631	0.041340	0.028339	0.143389
chr7	39665102	41251277	0.132154	0.033820	0.021588	0.092537
chr7	41264865	43049692	0.334023	0.090223	0.062456	0.272115
chr7	43172249	44650462	-0.045752	-0.010990	-0.006414	-0.044660
chr7	44683583	45654901	-0.032934	-0.009103	-0.005387	-0.046843
chr7	45660093	46340857	0.386231	0.111198	0.077078	0.298305
chr7	46359631	47184815	-0.048810	-0.018938	-0.012233	-0.035933
chr8	1423452	2390627	-0.091967	-0.035768	-0.019657	-0.085038
chr8	2390677	2965454	-0.496042	-0.210644	-0.100106	-0.376033
chr8	2977156	4180026	-0.071869	-0.026609	-0.015940	-0.064695
chr8	4187749	5131667	0.092995	0.024426	0.015973	0.069810
chr8	5131799	5864943	-0.061995	-0.019156	-0.013144	-0.034602
chr8	5873474	6429882	0.041949	0.018574	0.009876	0.024940
chr8	6437048	7180599	-0.016492	-0.005405	-0.002987	0.001045
chr8	7182638	7675393	0.109710	0.049479	0.029182	0.074295
chr8	7756869	8504784	0.241297	0.078659	0.050237	0.210068
chr8	8517640	9684344	-0.038737	-0.016393	-0.008764	-0.014409
chr8	9689594	13499254	-0.149451	-0.032243	-0.019833	-0.109677
chr8	13688775	17379436	0.135359	0.027675	0.018489	0.120729
chr8	17382439	22614197	-0.030010	-0.004914	-0.003553	-0.024741
chr8	22658928	30034208	-0.157350	-0.019833	-0.014535	-0.121107
chr8	30129969	32422210	-0.071331	-0.019616	-0.010942	-0.028866
chr8	32425756	34149377	-0.023622	-0.006028	-0.003639	-0.014299
chr8	34202549	34982850	-0.066351	-0.024504	-0.015120	-0.036545
chr8	35039909	35918045	0.071527	0.022968	0.013816	0.047872
chr8	35926206	37032071	-0.073048	-0.027956	-0.014371	-0.054004
chr8	37116524	38687939	0.231176	0.051724	0.030729	0.149445
chr8	38699878	40083289	0.046117	0.016777	0.009073	0.034862
chr8	40096030	40497098	0.054830	0.028041	0.016159	0.043200
chr8	40514129	41364585	0.341176	0.153901	0.093841	0.246180
chr8	41365046	42653820	0.165653	0.062002	0.030693	0.086470
chr8	42659326	43399078	0.134969	0.061069	0.033091	0.071161
chr9	1267092	3373063	-0.053793	-0.019605	-0.010459	-0.036897
chr9	3395341	4727611	-0.013750	-0.004028	-0.002447	-0.016457
chr9	4734138	6961088	0.167276	0.067703	0.042208	0.136038
chr9	6981857	10612814	0.070126	0.014512	0.009008	0.042373
chr9	10614427	11278631	-0.049444	-0.031706	-0.016581	-0.035923
chr9	11280616	12857297	0.112532	0.026100	0.014884	0.100952
chr9	12896227	14513093	0.134434	0.036503	0.018149	0.115619
chr9	14518221	17182804	0.194237	0.042053	0.028751	0.176364
chr9	17250610	25784871	-0.065353	-0.007076	-0.005460	-0.047977
chr9	25834307	29080915	0.264438	0.059621	0.037563	0.208574
chr9	29081497	32028625	0.267880	0.046696	0.027108	0.206628
chr9	32029042	34849655	-0.011364	-0.002507	-0.001637	-0.008237
chr9	35009040	36749554	0.172414	0.046870	0.031378	0.118367
chr9	36761666	38494582	0.286008	0.111916	0.071429	0.207773
chr9	38499660	39448707	0.049654	0.025002	0.014004	0.043172
chr9	39458259	40811624	-0.203963	-0.068248	-0.041754	-0.168975
chr9	40829766	42854508	0.170186	0.047730	0.031789	0.135135
chr10	7405467	15467204	0.175659	0.022205	0.015658	0.128557
chr10	15495549	19365806	-0.060433	-0.008206	-0.005563	-0.037037
chr10	19365808	22667681	-0.191157	-0.034516	-0.022375	-0.141210
chr10	22791998	25416678	0.463226	0.117014	0.073556	0.300418
chr10	25416683	27190991	-0.100621	-0.021731	-0.013358	-0.066667
chr10	27198115	29923534	0.078453	0.020564	0.012422	0.048560
chr10	29947457	31269159	-0.167247	-0.052744	-0.033060	-0.125000
chr10	31301148	33711271	0.428212	0.109554	0.071574	0.321970
chr10	33762397	35772756	-0.060142	-0.019793	-0.011558	-0.062972
chr10	35773422	37301405	0.473523	0.157201	0.105570	0.402597
chr10	37336197	39132619	-0.005195	-0.001713	-0.000933	-0.003509
chr10	39138712	40122800	0.292740	0.109282	0.071936	0.215190
chr11	2599494	3732864	0.121951	0.027359	0.016762	0.077240
chr11	3816408	4519197	0.538248	0.172115	0.100350	0.385842
chr11	4582910	5620826	0.131783	0.053487	0.031404	0.095327
chr11	5621691	6499493	-0.181128	-0.073937	-0.043890	-0.149776
chr11	6539004	7673458	0.417853	0.136096	0.082630	0.308500
chr11	7681495	8402100	-0.024465	-0.007957	-0.004367	-0.013841
chr11	8402356	9414559	0.128617	0.034456	0.022469	0.071429
chr11	9437296	10732241	0.340580	0.078522	0.050279	0.269598
chr11	10733259	11752574	-0.021566	-0.006354	-0.003640	-0.033248
chr11	11752631	13864487	0.380675	0.081941	0.052178	0.256471
chr11	13929540	15277839	-0.009550	-0.002600	-0.001552	-0.006598
chr11	15278462	16503261	-0.197166	-0.063777	-0.037719	-0.159566
chr11	16539730	17960331	-0.273913	-0.077483	-0.044118	-0.253012
chr11	17962024	23132370	-0.082569	-0.013097	-0.008030	-0.058326
chr11	23410458	28021759	0.053476	0.006573	0.004640	0.020342
chr11	28043388	28844566	0.044349	0.016598	0.008855	0.029722
chr11	28913077	30030711	0.208779	0.085314	0.054112	0.156748
chr11	30034372	31245495	0.204059	0.055985	0.032235	0.143091
chr11	31247294	31928837	0.106322	0.030216	0.019575	0.090110
chr11	31930539	33494744	-0.221538	-0.102208	-0.058148	-0.155396
chr11	33495245	34423042	-0.021305	-0.007114	-0.004420	-0.014953
chr11	34443326	35086626	0.029851	0.011577	0.007008	0.025271
chr11	35088827	35848483	0.049884	0.015690	0.009468	0.022584
chr11	35859343	36746484	0.119048	0.052417	0.028812	0.075377
chr11	36764032	38086787	0.251429	0.065557	0.042639	0.130584
chr12	3911936	10912808	-0.172018	-0.030461	-0.018791	-0.135849
chr12	10978834	17114042	0.126565	0.018107	0.011332	0.087584
chr12	17203395	20130138	0.137888	0.029430	0.017441	0.105038
chr12	20154940	22938436	0.049020	0.009135	0.005651	0.043189
chr12	22942601	23754826	-0.046358	-0.010554	-0.006788	-0.036573
chr12	23763299	24854550	-0.005533	-0.001763	-0.001066	0.006908
chr12	24869215	25876753	0.050995	0.016152	0.009706	0.035871
chr12	25942257	28603253	-0.029412	-0.007548	-0.004344	-0.023026
chr12	28609360	29769091	0.186893	0.059992	0.036057	0.147793
chr12	29786718	30904783	0.061224	0.015219	0.009756	0.033457
chr12	30904972	31837239	-0.038732	-0.013371	-0.007481	-0.022077
chr12	31837881	33248945	0.238095	0.068702	0.042358	0.169579
chr13	145946	2333491	-0.048568	-0.012129	-0.007341	-0.029189
chr13	2333568	3288832	0.449048	0.211945	0.139656	0.337258
chr13	3294414	4318630	0.027636	0.009969	0.006086	0.002414
chr13	4380479	5455934	0.101955	0.024407	0.016535	0.089832
chr13	5464119	6187114	0.257104	0.106363	0.062596	0.212302
chr13	6203176	7846014	0.496894	0.149223	0.102820	0.422680
chr13	7848035	9247165	-0.016012	-0.004075	-0.002331	-0.010101
chr13	9247167	11086742	0.119681	0.029492	0.018242	0.076364
chr13	11202264	12119678	-0.121034	-0.054401	-0.031422	-0.077844
chr13	12119831	12716050	0.208989	0.097213	0.052449	0.177122
chr13	12716283	14573916	0.089613	0.032101	0.017754	0.076125
chr13	14574249	19340082	-0.112078	-0.017053	-0.011972	-0.100097
chr13	19370497	23551733	0.130024	0.015290	0.010913	0.094340
chr13	23585932	25142147	-0.191908	-0.046265	-0.029153	-0.150362
chr13	25199735	27749845	0.004510	0.001183	0.000749	0.003295
chr13	27749953	28453119	0.393359	0.139746	0.086867	0.292220
chr13	28455630	29339383	-0.006667	-0.002595	-0.001441	-0.038936
chr13	29339425	30541618	0.175088	0.050112	0.031590	0.133393
chr13	30591134	31666544	0.294118	0.089665	0.054820	0.234043
chr13	31692318	33134205	0.091377	0.026386	0.015058	0.060513
chr14	584630	3117032	-0.047688	-0.008089	-0.005293	-0.033050
chr14	3323925	5490617	0.062207	0.015594	0.009193	0.040551
chr14	5502249	7748121	0.102999	0.020630	0.012973	0.064889
chr14	7784887	9117499	-0.002899	-0.000905	-0.000476	-0.011565
chr14	9151544	10132569	0.459906	0.138593	0.098286	0.339901
chr14	10136076	11222151	0.198020	0.068568	0.043130	0.184564
chr15	252254	1422604	0.435176	0.154010	0.103001	0.361738
chr15	1428917	2777650	0.002874	0.000717	0.000398	-0.003906
chr15	2785857	3437633	0.168399	0.059559	0.037046	0.135678
chr15	3438884	4383059	0.186736	0.058818	0.038829	0.153328
chr15	4439690	5601770	0.153374	0.037802	0.023346	0.100917
chr15	5603730	6640490	-0.046005	-0.012904	-0.007448	-0.033628
chr15	6656568	7576390	0.254151	0.082733	0.045070	0.185116
chr15	7599181	9283477	0.087948	0.023229	0.015021	0.059891
chr15	9301980	10788488	-0.235808	-0.089577	-0.046602	-0.197080
chr15	10806448	12195349	0.279597	0.078215	0.048691	0.149002
chr15	12230781	12752375	0.017677	0.009567	0.006154	0.007273
chr16	1038164	2906321	0.267139	0.069170	0.050078	0.207679
chr16	2958787	6068159	-0.042184	-0.004148	-0.003210	-0.034722
chr16	6072878	8518923	0.131243	0.030376	0.019691	0.091375
chr16	8523109	9292863	0.198188	0.080128	0.049491	0.154185
chr17	435492	980931	-0.020576	-0.008735	-0.004723	-0.014521
chr17	1020254	2404935	-0.243394	-0.063888	-0.038938	-0.157800
chr17	2404952	3461686	-0.303781	-0.112434	-0.061521	-0.208969
chr17	3472152	4511444	-0.007600	-0.002172	-0.001289	-0.005659
chr17	4527346	6098021	0.066225	0.013354	0.009091	0.030717
chr17	6098130	8078073	0.342939	0.086872	0.059155	0.260394
chr18	1378229	3860421	0.141055	0.036625	0.021936	0.103627
chr18	4141661	5246278	0.042254	0.012564	0.008142	0.037891
chr18	5283924	6209560	-0.024742	-0.010640	-0.006498	-0.019868
chr18	6209706	7236630	0.365789	0.120538	0.077165	0.288981
chr19	428002	2551628	0.044275	0.017123	0.008564	0.027645
chr19	2621361	4114524	0.115044	0.039451	0.023959	0.085821
chr19	4115901	5258883	0.056266	0.015306	0.009640	0.055336
chr19	5258920	6517270	-0.024793	-0.009113	-0.005837	-0.030155
chr19	6547275	7694857	0.024173	0.007308	0.003982	0.017176
chr20	1165300	2431123	-0.180571	-0.086080	-0.049137	-0.130841
chr20	2502553	3591877	-0.203730	-0.054254	-0.030059	-0.137584
chr20	3731898	4483968	-0.113134	-0.033124	-0.019361	-0.090155
chr20	4483969	5313782	-0.059686	-0.027523	-0.014703	-0.057068
chr20	5346324	6717612	-0.245943	-0.067331	-0.038088	-0.166808
chr21	1186317	3103038	-0.052363	-0.014387	-0.008226	-0.062880
chr21	3165256	4835278	0.354386	0.162032	0.097490	0.315152
chr21	4882510	6276565	0.072019	0.019882	0.012432	0.052905
chr22	618304	1889691	0.327522	0.108469	0.066984	0.257087
chr22	1950813	4067915	-0.271205	-0.078913	-0.045367	-0.223720
chr22	4076057	5394037	0.321157	0.089533	0.055269	0.218254
chr23	433626	1225167	0.290743	0.082889	0.052948	0.189639
chr23	1231166	3165491	-0.324561	-0.092078	-0.050653	-0.246978
chr24	1508933	2547870	0.186017	0.057245	0.035932	0.139706
chrZ	1012546	1731459	0.075452	0.039895	0.016663	0.048630
chrZ	1828607	3095809	-0.085106	-0.049530	-0.024175	-0.081374
chrZ	3169031	3801133	-0.150852	-0.069559	-0.036654	-0.109375
chrZ	3801484	4208904	0.245333	0.119584	0.065087	0.185484
chrZ	4215742	4350820	0.305051	0.256948	0.127140	0.175786
chrZ	4350832	4387115	0.322581	0.340265	0.193133	0.211268
chrZ	4387719	4463067	0.449275	0.467043	0.282890	0.274336
chrZ	4463073	4527995	0.095563	0.121783	0.061247	0.051587
chrZ	4528065	4556613	0.283610	0.259114	0.156929	0.174208
chrZ	4556715	4609184	0.148789	0.137161	0.073254	0.093229
chrZ	4609185	4633053	0.210117	0.274112	0.138758	0.112971
chrZ	4633168	4867898	0.200590	0.210309	0.111293	0.141153
chrZ	4887194	5241241	0.458636	0.266967	0.177097	0.328629
chrZ	5241289	5353514	0.262295	0.200604	0.097122	0.156841
chrZ	5363388	5605029	0.247839	0.203550	0.123563	0.171315
chrZ	5605048	6844113	0.510433	0.294036	0.175561	0.345652
chrZ	6844140	7090921	0.272036	0.231965	0.110927	0.170639
chrZ	7090952	7985411	0.357243	0.218777	0.125701	0.254000
chrZ	8087758	8846685	0.348637	0.248212	0.139441	0.215617
chrZ	8846712	8983768	0.450832	0.372966	0.232570	0.305328
chrZ	8995623	9190902	0.351499	0.214404	0.116672	0.237569
chrZ	9191324	9307351	0.241429	0.228070	0.126276	0.167825
chrZ	9308797	9435375	0.201117	0.199538	0.099608	0.142292
chrZ	9435482	9607347	0.353383	0.253780	0.137507	0.285541
chrZ	9607944	10793030	0.276151	0.077541	0.055626	0.233273
chrZ	10845194	12645238	-0.135238	-0.025162	-0.017518	-0.115824
chrZ	12645244	14484809	0.178654	0.060503	0.041640	0.139746
chrZ	14484825	16397292	0.045205	0.010817	0.006431	0.033571
chrZ	16788993	18071238	0.427567	0.115663	0.080644	0.328294
chrZ	18132537	19168516	0.431907	0.233139	0.131655	0.339450
chrZ	19173066	20263604	0.224344	0.092323	0.063729	0.178707
chrZ	20333593	22444458	0.204624	0.055419	0.033517	0.171346
chrZ	22458943	24102262	0.132877	0.087545	0.047156	0.092293
chrZ	24110319	27084792	0.351378	0.064678	0.046988	0.304868
chrZ	27098610	29904160	0.298667	0.080918	0.052986	0.241033
chrZ	30202547	41755199	-0.048043	-0.005105	-0.003717	-0.039074
chrZ	42492497	54165735	0.398293	0.043162	0.031784	0.370079
chrZ	54216768	63180125	0.321483	0.049266	0.037814	0.278490
chrZ	63180126	72733604	0.107955	0.012924	0.009003	0.102981
chrZ	72733611	76199804	0.188652	0.045382	0.028565	0.196211
chrZ	76203296	80859573	0.020777	0.004450	0.002710	0.018504
chrZ	81017627	83031031	0.097061	0.029279	0.017094	0.082171
