chr	windowStart	windowEnd	D	f_d	f_dM	d_f
chr1	1600271	2148955	-0.038295	-0.013416	-0.008048	-0.027095
chr1	2153302	3268588	-0.110756	-0.045499	-0.028222	-0.089384
chr1	3281595	4549204	0.119822	0.038599	0.022439	0.078652
chr1	4568135	5347355	-0.163609	-0.081897	-0.047927	-0.133909
chr1	5377139	6625658	0.043250	0.014349	0.008319	0.045267
chr1	6629051	7375245	0.415216	0.168410	0.107656	0.368421
chr1	7376299	7959959	0.017178	0.006160	0.003496	0.025778
chr1	7960269	8557057	0.389262	0.137639	0.102577	0.286319
chr1	8578604	9961341	0.101367	0.030935	0.020105	0.077927
chr1	9961396	12567776	0.135615	0.026869	0.018945	0.095280
chr1	12779723	14765637	0.069002	0.011582	0.007906	0.043537
chr1	14767942	16944074	0.176909	0.022097	0.017224	0.105981
chr1	17006905	18001621	0.060204	0.022904	0.013342	0.037775
chr1	18001705	22707531	0.220670	0.031557	0.021646	0.158771
chr1	22749740	24451265	-0.021423	-0.007164	-0.004933	-0.016148
chr1	24454849	25608517	-0.204616	-0.081941	-0.048665	-0.147994
chr1	25609849	27189522	-0.154802	-0.039017	-0.026551	-0.094131
chr1	27288577	28979966	0.353579	0.067837	0.046505	0.303411
chr1	29011627	30754475	-0.239186	-0.069661	-0.046124	-0.172696
chr1	31064288	32354585	-0.177627	-0.060466	-0.039430	-0.130194
chr1	32378767	33685537	0.051948	0.016797	0.009840	0.035068
chr1	33687011	35079253	-0.206311	-0.058795	-0.041986	-0.158169
chr1	35129515	36983203	0.181239	0.029744	0.019813	0.101064
chr1	36986663	38004327	-0.023679	-0.004872	-0.003648	-0.034408
chr1	38028728	39873349	0.132236	0.016633	0.013069	0.074087
chr1	39938498	42190153	0.154867	0.035635	0.023409	0.103530
chr1	42204839	44748165	0.054113	0.010921	0.007291	0.039173
chr1	44795065	47788978	-0.215315	-0.049387	-0.033888	-0.158038
chr1	47789117	49502354	-0.004303	-0.000799	-0.000559	0.000616
chr1	49666631	51016658	0.296098	0.059324	0.043083	0.220647
chr1	51019447	52373062	-0.133157	-0.032656	-0.020924	-0.112445
chr1	52386246	53272435	-0.153314	-0.054229	-0.033661	-0.107701
chr1	53273731	54450364	-0.100149	-0.024022	-0.015452	-0.057202
chr1	54542306	55875712	-0.104167	-0.021937	-0.016296	-0.077203
chr1	55875831	56756602	-0.113734	-0.023947	-0.016791	-0.066667
chr1	56788135	57716747	0.208243	0.046422	0.034707	0.135303
chr1	57734830	59197035	-0.299440	-0.072002	-0.046474	-0.201892
chr1	59200802	60406278	-0.071688	-0.019471	-0.012503	-0.061353
chr1	60442201	61863302	0.336332	0.080238	0.052154	0.287551
chr1	61872732	63123436	0.103902	0.027907	0.019563	0.058274
chr1	63127228	64335023	-0.385098	-0.102753	-0.068035	-0.268798
chr1	64435774	65894047	-0.135552	-0.052780	-0.031594	-0.077020
chr1	65939247	66892839	-0.119718	-0.041565	-0.025422	-0.075990
chr1	66922761	69478441	-0.182523	-0.022062	-0.016993	-0.141428
chr1	69480535	70582288	-0.353617	-0.108955	-0.063324	-0.230639
chr1	70610411	72051593	0.003920	0.001528	0.000910	0.003255
chr1	72071520	73292902	0.009847	0.002776	0.001798	0.007649
chr1	73293632	74773550	0.206522	0.063074	0.044587	0.184825
chr1	74784328	77790048	-0.095021	-0.015061	-0.010480	-0.074959
chr1	77801676	78870416	0.146544	0.058559	0.035948	0.095942
chr1	78882326	80419207	-0.233551	-0.060308	-0.042835	-0.187603
chr1	80419216	81382620	0.294393	0.101957	0.061881	0.253565
chr1	81421266	83839379	0.120017	0.019783	0.014596	0.077526
chr1	83878258	85644241	0.104723	0.021118	0.014802	0.062225
chr1	85644274	87616288	0.146862	0.023138	0.017051	0.095486
chr1	87649781	89025836	0.233834	0.044860	0.033557	0.159841
chr1	89025886	89821369	-0.079169	-0.018423	-0.010526	-0.058631
chr1	89832153	90399306	-0.226209	-0.081415	-0.042278	-0.138491
chr1	90404449	91250681	0.432836	0.064356	0.043391	0.353213
chr1	91250988	92816781	-0.080154	-0.013885	-0.009074	-0.047370
chr1	92906179	95259889	-0.095184	-0.016639	-0.010041	-0.090148
chr1	95295068	97326190	-0.158631	-0.032713	-0.019990	-0.116834
chr1	97345225	98799054	0.160394	0.038690	0.025995	0.139420
chr1	98806064	101233973	0.200193	0.029931	0.022837	0.138011
chr1	101236616	103130952	0.042385	0.007073	0.004814	0.018903
chr1	103288381	106058352	-0.154649	-0.029051	-0.018255	-0.104059
chr1	106065660	108630425	0.265952	0.034819	0.025024	0.162430
chr1	108635872	113656570	-0.341375	-0.076057	-0.047820	-0.300307
chr1	113680223	115390926	0.151217	0.022147	0.015368	0.088625
chr1	115452977	117710785	-0.123279	-0.010507	-0.008244	-0.069615
chr1	117773426	119265871	0.170686	0.048074	0.030856	0.122020
chr1	119271830	120767800	0.019546	0.004878	0.002937	0.012504
chr1	120773479	122871438	0.190814	0.034498	0.021949	0.143036
chr1	122871509	123278532	0.000813	0.000420	0.000257	0.007625
chr1	123278541	125038816	-0.094297	-0.027131	-0.017908	-0.062990
chr1	125047296	127412441	0.094483	0.027285	0.015718	0.094175
chr1	127412982	129459276	0.273388	0.060751	0.042346	0.198403
chr1	129467574	130558456	0.203660	0.095196	0.055870	0.131176
chr1	130571694	132060236	-0.112809	-0.043997	-0.026987	-0.088876
chr1	132061486	133088371	-0.123760	-0.036358	-0.023376	-0.078869
chr1	133116474	133760182	0.205981	0.111466	0.067161	0.154113
chr1	133781166	134611038	0.289902	0.148032	0.083559	0.198444
chr1	134739067	135839327	0.259446	0.091024	0.059634	0.179907
chr1	135841939	138175060	-0.414729	-0.105794	-0.071163	-0.295492
chr1	138557628	141277238	-0.061122	-0.014238	-0.010019	-0.052030
chr1	141281341	142752121	0.171676	0.042959	0.029941	0.119448
chr1	142834060	144122625	0.046753	0.012627	0.008655	0.032550
chr1	144126497	145550853	0.117677	0.028806	0.021093	0.072152
chr1	145550918	146240067	-0.468632	-0.220837	-0.130898	-0.359837
chr1	146240387	147861701	-0.098273	-0.015624	-0.010345	-0.078685
chr1	147890136	149206007	0.208752	0.043493	0.032250	0.158192
chr1	149212046	150833211	0.190264	0.051344	0.031960	0.131400
chr1	150911242	151952565	-0.174831	-0.045378	-0.027613	-0.128120
chr1	151975024	153754996	0.348894	0.060012	0.043316	0.237776
chr1	153815390	156336504	0.018618	0.004135	0.002522	0.027486
chr1	156380743	157411828	-0.069584	-0.021515	-0.015140	-0.064070
chr1	157442286	158795108	-0.137631	-0.037429	-0.021843	-0.081857
chr1	158837240	159930683	0.066667	0.016153	0.011486	0.050526
chr1	159942306	167873816	0.167426	0.036578	0.024961	0.143191
chr1	167881973	169748414	-0.254197	-0.075009	-0.050142	-0.177524
chr1	169751281	171041448	-0.339392	-0.147986	-0.084911	-0.229611
chr1	171043945	172437170	0.108454	0.027763	0.017998	0.097135
chr1	172734993	175332619	-0.033230	-0.008507	-0.006009	-0.030206
chr1	175468426	180736895	0.180564	0.033634	0.023256	0.117359
chr1	180742593	182103814	0.318638	0.074400	0.054735	0.260322
chr1	182113863	183482751	0.204704	0.066034	0.041235	0.142201
chr1	183483282	184826634	-0.032881	-0.012136	-0.008054	-0.025627
chr1	184949709	186092288	-0.276995	-0.061833	-0.044525	-0.195175
chr1	186092439	187474690	0.054772	0.014134	0.009889	0.018670
chr1	187489651	189305453	-0.161493	-0.044457	-0.027929	-0.130553
chr1	189306474	191398900	-0.000476	-0.000099	-0.000073	0.006880
chr1	191494440	193613585	0.092140	0.016336	0.011762	0.063684
chr1	193645043	194518467	0.252440	0.106516	0.070699	0.206239
chr1	194558124	196541077	-0.398267	-0.091201	-0.062998	-0.314400
chr1	196574047	198403033	0.358824	0.072262	0.048236	0.288049
chr1	198596355	200687016	-0.143717	-0.040330	-0.027045	-0.098667
chr1	200713125	202744329	-0.189985	-0.054219	-0.034704	-0.141176
chr1	202767776	203794942	-0.356954	-0.124692	-0.069151	-0.247030
chr1	203801310	205035640	-0.005874	-0.002238	-0.001315	0.001441
chr1	205085248	207069038	0.181507	0.028784	0.022501	0.126405
chr1	207069292	208113360	0.300000	0.133651	0.086123	0.229368
chr1	208253980	209083535	0.067330	0.025128	0.017519	0.054335
chr1	209085992	210128961	-0.006658	-0.002263	-0.001487	-0.006186
chr1	210131287	210791688	0.016203	0.005280	0.003438	0.009122
chr1	210797040	212918512	0.175299	0.053803	0.035737	0.147460
chr2	175847	1179331	0.425295	0.211521	0.136660	0.379733
chr2	1264604	2758481	0.377062	0.120716	0.073215	0.273699
chr2	2759205	4028287	0.281060	0.102054	0.067527	0.228397
chr2	4051903	5177756	-0.018739	-0.006262	-0.004083	-0.021142
chr2	5202722	6294496	0.118496	0.041259	0.026934	0.085312
chr2	6310653	7261476	-0.186021	-0.043085	-0.028521	-0.121583
chr2	7265455	9388912	-0.007207	-0.001253	-0.000823	0.005896
chr2	9482865	11836977	-0.144864	-0.028255	-0.020094	-0.084530
chr2	11839859	14999228	-0.003304	-0.000481	-0.000339	-0.002332
chr2	15018945	16770270	-0.002683	-0.000505	-0.000317	0.003525
chr2	16815144	18542738	-0.321601	-0.103001	-0.058039	-0.226626
chr2	18796742	21126411	0.083767	0.015287	0.009829	0.057300
chr2	21155265	23015676	-0.042241	-0.009355	-0.005340	-0.024306
chr2	23018991	24642696	0.266462	0.065181	0.046419	0.215347
chr2	24734795	26328441	0.102134	0.024218	0.016272	0.070526
chr2	26353855	27204594	0.150140	0.062040	0.042503	0.119913
chr2	27204611	28552954	0.241098	0.062842	0.040321	0.223134
chr2	28556161	30762415	0.190373	0.043795	0.031258	0.134539
chr2	30774357	32276094	-0.063278	-0.021264	-0.012693	-0.043616
chr2	32276241	33343413	0.165659	0.050797	0.033805	0.129367
chr2	33344096	34540346	0.400700	0.099060	0.062127	0.240849
chr2	34546303	36058108	0.220680	0.049247	0.035291	0.129750
chr2	36123567	36888296	-0.037527	-0.011533	-0.007254	-0.036834
chr2	36888300	37551477	0.373991	0.128771	0.084155	0.260940
chr2	37581522	38344086	-0.212152	-0.080207	-0.046110	-0.122622
chr2	38378902	39416780	0.081805	0.026528	0.017936	0.051971
chr2	39422582	40761312	0.042056	0.010991	0.007125	0.042781
chr2	40768608	42210264	0.199076	0.037893	0.026253	0.122337
chr2	42224319	43847699	0.103048	0.028688	0.020583	0.072898
chr2	43894048	45548952	0.063706	0.012640	0.008294	0.049900
chr2	45584092	47287737	0.351809	0.080033	0.057823	0.278463
chr2	47350197	48254094	0.158782	0.055308	0.037162	0.104510
chr2	48304734	49200448	0.242820	0.089805	0.054411	0.199761
chr2	49249834	50195656	0.286003	0.117868	0.073269	0.199436
chr2	50198108	51279213	0.013733	0.004452	0.003099	-0.000902
chr2	51288901	52353165	-0.065979	-0.022098	-0.015716	-0.038295
chr2	52363046	53089466	-0.055254	-0.019054	-0.012712	-0.044428
chr2	53091405	54276286	0.074433	0.028804	0.018396	0.055122
chr2	54285902	55825754	0.277549	0.065854	0.048917	0.212365
chr2	55825772	57086843	0.011485	0.002064	0.001460	0.011886
chr2	57157640	58073250	-0.040434	-0.009459	-0.006871	-0.027471
chr2	58073598	59818286	-0.212143	-0.045349	-0.027321	-0.145120
chr2	59819498	63666552	0.277864	0.043490	0.031802	0.264714
chr2	63690405	65844763	0.328671	0.053282	0.037452	0.282684
chr2	65867787	67041585	0.019070	0.004656	0.002786	0.002159
chr2	67049877	68209940	-0.372571	-0.125658	-0.078681	-0.269815
chr2	68320133	70134967	0.046946	0.008444	0.005826	0.056167
chr2	70226236	71568836	-0.275196	-0.057392	-0.035281	-0.171038
chr2	71582744	72704394	-0.262662	-0.063821	-0.039871	-0.178827
chr2	72712829	74410639	0.137136	0.030990	0.023240	0.104603
chr2	74410643	75113763	0.222842	0.074375	0.048872	0.155523
chr2	75114052	76816235	0.246772	0.050005	0.037725	0.169884
chr2	76816565	78990558	-0.030414	-0.006805	-0.004354	-0.054614
chr2	79141706	83834037	0.032409	0.005685	0.004038	0.028320
chr2	83834104	85886669	-0.037370	-0.010328	-0.006798	-0.044040
chr2	85893033	87609866	-0.011820	-0.002842	-0.001907	-0.009311
chr2	87617069	89852621	0.200000	0.043856	0.032240	0.177414
chr2	89925088	92775217	0.040760	0.010515	0.006786	0.027035
chr2	92815501	94378700	-0.058275	-0.016234	-0.008960	-0.040284
chr2	94386480	95570196	-0.202243	-0.107033	-0.052541	-0.137687
chr2	95571349	98698459	-0.167312	-0.026807	-0.017017	-0.145543
chr2	98736359	100682733	0.142125	0.027477	0.018684	0.110573
chr2	100686925	101750132	-0.146798	-0.025668	-0.018525	-0.115252
chr2	101750194	104136496	0.206838	0.057715	0.037611	0.163551
chr2	104175344	107643805	0.354200	0.077540	0.051116	0.275756
chr2	107682384	108669658	0.114638	0.037042	0.023954	0.080331
chr2	108779741	110181808	-0.009511	-0.001854	-0.001170	-0.006737
chr2	110212345	111503143	-0.037371	-0.011116	-0.008090	-0.027610
chr2	111518092	112956696	-0.124877	-0.038144	-0.025418	-0.088811
chr2	113037167	114188784	0.007849	0.002472	0.001384	0.004955
chr2	114233451	114922955	-0.211804	-0.060992	-0.039978	-0.141030
chr2	114925619	115672008	-0.214141	-0.069179	-0.040293	-0.148981
chr2	115677066	117158035	0.116238	0.034506	0.021313	0.061738
chr2	117170453	118276617	0.017734	0.007324	0.004461	0.013722
chr2	118329059	119847174	-0.018327	-0.003714	-0.002501	-0.012036
chr2	119888955	122530146	0.088224	0.025605	0.015471	0.058020
chr2	122534017	124625839	0.060527	0.010779	0.008048	0.014013
chr2	124768498	125938204	0.216000	0.059016	0.036782	0.153992
chr2	125939681	128314851	-0.197836	-0.027315	-0.018298	-0.128153
chr2	128424999	129294303	0.128406	0.052050	0.032033	0.096629
chr2	129315973	131124841	-0.090240	-0.019868	-0.013184	-0.065110
chr2	131132375	132433167	0.051236	0.011744	0.007850	0.039073
chr2	132434948	134359490	-0.070863	-0.017959	-0.012206	-0.050896
chr2	134376785	136681413	0.032029	0.008869	0.005592	0.022429
chr2	136746768	138090255	-0.072303	-0.023622	-0.017301	-0.049355
chr2	138095493	138583242	0.223457	0.080626	0.051446	0.118027
chr2	138583251	140143213	0.055977	0.010606	0.007976	0.035480
chr2	140222476	142098666	0.077268	0.010694	0.008272	0.052156
chr2	142124019	144080325	0.178515	0.037299	0.025533	0.158498
chr2	144083394	148295715	-0.060991	-0.015533	-0.010391	-0.051866
chr2	148299153	149554131	0.039539	0.008297	0.005556	0.020168
chr2	149676612	151318310	-0.038531	-0.008675	-0.006322	-0.049407
chr2	151343179	152065985	0.288957	0.125438	0.073133	0.234175
chr2	152066468	153034285	0.458473	0.158849	0.092098	0.432425
chr2	153051963	154463037	-0.079915	-0.016164	-0.010399	-0.065574
chr2	154464681	155874631	0.029680	0.011809	0.007922	0.029907
chr2	155874800	157142127	-0.083131	-0.030957	-0.019338	-0.057055
chr2	157246681	159700586	0.219228	0.078508	0.045176	0.153544
chr2	159712156	161513602	-0.225929	-0.081184	-0.052520	-0.153239
chr2	161584226	163515483	-0.007634	-0.002622	-0.001580	-0.026408
chr3	3254815	6834079	-0.096844	-0.009432	-0.007144	-0.088762
chr3	6840501	9396947	-0.283349	-0.050758	-0.035693	-0.159902
chr3	9398112	12312914	-0.254750	-0.038952	-0.028748	-0.191589
chr3	12325141	13846980	0.322842	0.080062	0.047862	0.237906
chr3	14047778	15754145	-0.173045	-0.029824	-0.022337	-0.134890
chr3	15760941	17953285	0.187314	0.034627	0.026115	0.144860
chr3	17964415	21826611	0.369073	0.027078	0.021689	0.246669
chr3	21827387	23162053	0.051781	0.011346	0.008218	0.038688
chr3	23163729	24204718	0.346535	0.116825	0.079053	0.276074
chr3	24239416	25330968	-0.055716	-0.010282	-0.007514	-0.052174
chr3	25334461	26337410	0.095840	0.032075	0.023190	0.076539
chr3	26338226	27747743	-0.052845	-0.016657	-0.010392	-0.047459
chr3	27747747	29101099	-0.035888	-0.008582	-0.005901	-0.011444
chr3	29147037	30030688	-0.066667	-0.025010	-0.014230	-0.033386
chr3	30052108	30924519	0.520609	0.159557	0.112535	0.422978
chr3	30925243	32540967	0.175265	0.036247	0.024313	0.114356
chr3	32735668	34108328	0.186885	0.038468	0.028721	0.111874
chr3	34108820	35019442	0.146942	0.039841	0.025117	0.096505
chr3	35021871	36233083	-0.153303	-0.063399	-0.037594	-0.132055
chr3	36233093	37259899	-0.006585	-0.002331	-0.001633	-0.003414
chr3	37259951	39923516	-0.023389	-0.003922	-0.003013	-0.009518
chr3	39945837	41508920	0.004551	0.001567	0.001046	0.003495
chr3	41582890	43499329	-0.006170	-0.001446	-0.000999	-0.004087
chr3	43500722	44262869	0.176917	0.070305	0.040611	0.117384
chr3	44262963	45216868	0.075115	0.020723	0.013315	0.048750
chr3	45218678	45886772	0.321173	0.150603	0.093602	0.282521
chr3	45901918	47555817	0.087880	0.020587	0.014433	0.070113
chr3	47665429	48596670	-0.016575	-0.006130	-0.003767	-0.011569
chr3	48598598	50040138	-0.085942	-0.028421	-0.016098	-0.070636
chr3	50040180	51407302	0.108932	0.035976	0.023385	0.086655
chr3	51407432	51955551	0.579468	0.239566	0.174221	0.535793
chr3	51956678	52758715	-0.192832	-0.075869	-0.044496	-0.119138
chr3	52758877	53717661	0.101905	0.035827	0.023235	0.073707
chr3	53717692	54718355	0.361409	0.101604	0.076493	0.281455
chr3	54718685	55700982	0.251074	0.083414	0.055058	0.183872
chr3	55700987	56632336	0.428185	0.187775	0.141256	0.285604
chr3	56634464	57290790	0.304043	0.113367	0.074952	0.211945
chr3	57296074	57780153	0.125961	0.054689	0.032558	0.111111
chr3	57782621	58608886	-0.193145	-0.057182	-0.037932	-0.144441
chr3	58620862	62104347	-0.237801	-0.017946	-0.014130	-0.171968
chr3	62256204	63533217	0.187704	0.046137	0.030719	0.107234
chr3	63535849	64170936	-0.244711	-0.122689	-0.066382	-0.204004
chr3	64172095	66061228	0.225397	0.038814	0.027565	0.171649
chr3	66070277	67595183	-0.203675	-0.049715	-0.028866	-0.147287
chr3	67624445	69113490	-0.043262	-0.010035	-0.006916	-0.037332
chr3	69159720	71066420	-0.147218	-0.039619	-0.024950	-0.102131
chr3	71302874	73222755	-0.292369	-0.063492	-0.039610	-0.242712
chr3	73283728	75011715	-0.179506	-0.051715	-0.030392	-0.116475
chr3	75064313	76144647	-0.117267	-0.034628	-0.021991	-0.077605
chr3	76144988	77652134	-0.195791	-0.044836	-0.027936	-0.127503
chr3	77663737	80318010	-0.016904	-0.004228	-0.002749	-0.013862
chr3	80319079	81784126	-0.232379	-0.050426	-0.033959	-0.184987
chr3	81786684	84026509	0.165542	0.037472	0.026240	0.088069
chr3	84069529	84852949	0.029591	0.010600	0.006340	0.023910
chr3	84915503	86797984	0.140152	0.031523	0.020970	0.103534
chr3	86804411	88682271	0.001004	0.000197	0.000130	-0.008168
chr3	88682353	90365350	0.011127	0.002628	0.001783	0.009245
chr3	90647718	92703527	0.221652	0.042241	0.029324	0.188314
chr3	92750208	95742345	0.014946	0.004982	0.003120	0.012394
chr3	95742448	98113982	0.272065	0.082014	0.056828	0.209811
chr3	98113983	99752280	-0.025968	-0.005901	-0.004324	-0.018985
chr3	99795662	102736336	-0.213465	-0.037804	-0.029482	-0.142232
chr3	102848006	105256458	-0.226158	-0.029973	-0.022645	-0.138054
chr3	105344865	107414678	-0.024729	-0.006366	-0.003999	-0.022677
chr3	107424571	108949278	-0.005602	-0.001229	-0.000886	-0.004926
chr3	108953525	110934302	0.116731	0.034083	0.021560	0.122110
chr3	110973591	112368026	0.374459	0.144468	0.094458	0.309187
chr3	112368027	114162711	-0.136344	-0.032878	-0.021594	-0.098972
chr3	114181495	114990218	-0.117276	-0.051486	-0.031327	-0.099253
chr3	115110816	116287835	0.023899	0.008551	0.005331	0.020742
chr3	116321987	117278566	0.089374	0.022734	0.016311	0.076761
chr3	117279896	118286753	0.014877	0.006187	0.003463	0.008796
chr3	118352264	119600670	0.055644	0.018734	0.012713	0.041371
chr3	119620309	120959370	0.141476	0.062571	0.040551	0.113263
chr3	121007685	122223646	0.262521	0.077744	0.055414	0.176609
chr3	122223986	123236780	-0.001560	-0.000642	-0.000371	-0.001038
chr3	123238905	124132179	-0.239875	-0.096673	-0.054540	-0.206463
chr4	1479628	4737136	0.080645	0.022515	0.015079	0.051258
chr4	5089348	7130379	0.370539	0.069292	0.050159	0.250478
chr4	7135058	8982277	0.172068	0.032684	0.022978	0.089859
chr4	9023509	10880877	0.073112	0.018496	0.013043	0.053337
chr4	10891547	12906016	0.163315	0.036869	0.026261	0.114906
chr4	12920979	14031803	-0.000780	-0.000302	-0.000172	0.009588
chr4	14040484	15702032	-0.046203	-0.010016	-0.006679	-0.038526
chr4	15707716	16743365	-0.042254	-0.013230	-0.007773	-0.027933
chr4	16753889	18334873	-0.100980	-0.024895	-0.017216	-0.078363
chr4	18903475	20808437	0.070328	0.019243	0.011728	0.057125
chr4	20820675	22111421	-0.098827	-0.022653	-0.014054	-0.054579
chr4	22134350	23589756	0.385062	0.093208	0.060112	0.234769
chr4	23670055	24988086	-0.225928	-0.072769	-0.040556	-0.131745
chr4	24988090	27734516	-0.296662	-0.052085	-0.035591	-0.191383
chr4	27734581	29431886	0.161547	0.041575	0.029826	0.119163
chr4	29459532	30525779	-0.066241	-0.019788	-0.012602	-0.046465
chr4	30544743	32537216	-0.267504	-0.073876	-0.044866	-0.191747
chr4	32545356	33764273	-0.016634	-0.005277	-0.002922	-0.011010
chr4	33764432	35171115	0.277302	0.065412	0.045845	0.182138
chr4	35219865	38251967	-0.107965	-0.025475	-0.016134	-0.110503
chr4	38305868	41406538	-0.045843	-0.011564	-0.007584	-0.039934
chr4	41407763	42554113	-0.053172	-0.014000	-0.009253	-0.035661
chr4	42636268	45066407	-0.152342	-0.023457	-0.017158	-0.109811
chr4	45247709	47176286	0.006481	0.002218	0.001342	0.005315
chr4	47176321	48337747	-0.406286	-0.098162	-0.061235	-0.321258
chr4	48354924	50043023	-0.246704	-0.048702	-0.026176	-0.144114
chr4	50048794	52600519	0.299545	0.043736	0.032458	0.206734
chr4	52647569	54657987	-0.073333	-0.016217	-0.011780	-0.055520
chr4	54705241	56405789	0.126486	0.027884	0.019578	0.075018
chr4	56412510	58005356	0.304551	0.067110	0.046536	0.175095
chr4	58120863	59996266	-0.039113	-0.009000	-0.006403	-0.024054
chr4	60080008	60814440	0.275881	0.078254	0.045539	0.159127
chr4	60831388	64167684	0.089561	0.013643	0.010034	0.050369
chr4	64189391	66744672	-0.258936	-0.048218	-0.032654	-0.214474
chr4	66826231	68677667	0.057874	0.018865	0.012877	0.023676
chr4	68816138	70162382	0.082953	0.032816	0.018108	0.054691
chr4	70162383	70966182	0.178457	0.065396	0.038232	0.123622
chr4	70975900	72433208	0.022172	0.008007	0.004334	0.015213
chr4	72480269	74680831	-0.116682	-0.034315	-0.021490	-0.082952
chr4	74718279	76861012	-0.167204	-0.057637	-0.030734	-0.109370
chr4	76863673	79001034	0.239330	0.050809	0.036735	0.164463
chr4	79046756	81136626	0.011623	0.004511	0.002701	-0.014094
chr5	195647	1916802	0.077034	0.028100	0.018167	0.040559
chr5	1926687	2673193	0.243967	0.107274	0.066285	0.151581
chr5	2673328	3533676	-0.147592	-0.045052	-0.030313	-0.099130
chr5	3553554	3957880	-0.117434	-0.058131	-0.034089	-0.089002
chr5	4002639	4688850	-0.044122	-0.016852	-0.010491	-0.032034
chr5	4723230	6012463	0.037838	0.008966	0.006633	0.025735
chr5	6012503	6936490	0.182452	0.060676	0.040628	0.148440
chr5	6936518	8058960	-0.304897	-0.113748	-0.070339	-0.161789
chr5	8068101	8584469	0.133291	0.064664	0.036064	0.107071
chr5	8584661	9180935	0.053633	0.017676	0.011067	0.039245
chr5	9200283	10176032	0.193344	0.042912	0.030720	0.130793
chr5	10182517	11680725	-0.183650	-0.040070	-0.026725	-0.143437
chr5	11680846	12477690	0.102748	0.036824	0.024872	0.059761
chr5	12487053	13558120	-0.022833	-0.005193	-0.003798	-0.014374
chr5	13561305	14425840	0.110277	0.027044	0.017806	0.068624
chr5	14429136	15227077	0.296741	0.107320	0.066847	0.210700
chr5	15229033	16290639	0.076537	0.016770	0.012242	0.050362
chr5	16290760	17497082	0.190917	0.046549	0.032868	0.098509
chr5	17533622	21901578	0.116596	0.019734	0.014247	0.098078
chr5	22031082	24189848	-0.085577	-0.015431	-0.010183	-0.052053
chr5	24198379	26257490	0.141570	0.022748	0.016481	0.101103
chr5	26283619	28492348	-0.008355	-0.001412	-0.000903	-0.016492
chr5	28493102	30995752	-0.254209	-0.038069	-0.025362	-0.206127
chr5	31053271	33719608	-0.023705	-0.004048	-0.002916	-0.014659
chr5	33740644	37542315	-0.100991	-0.013964	-0.009871	-0.075051
chr5	37577230	40312860	-0.163404	-0.019453	-0.014744	-0.125038
chr5	40542302	42608640	-0.371358	-0.055771	-0.041890	-0.302892
chr5	42665946	45050707	-0.249259	-0.034425	-0.024379	-0.217338
chr5	45060656	47928824	0.423877	0.072218	0.050707	0.288260
chr5	47986245	49115032	-0.003065	-0.000897	-0.000565	0.009302
chr5	49127341	51769230	0.008336	0.001949	0.001274	0.030682
chr5	51779017	53660926	0.039169	0.004939	0.003378	0.023400
chr5	53721044	57077647	-0.275196	-0.025287	-0.020428	-0.196239
chr5	57091903	58895080	-0.211180	-0.047517	-0.035342	-0.152223
chr5	58953772	60447230	0.055046	0.012124	0.008228	0.037899
chr5	60555286	61557491	-0.177170	-0.057378	-0.033566	-0.119569
chr5	61662154	63359629	0.166902	0.034783	0.025138	0.110575
chr5	63385614	64261024	-0.066824	-0.030034	-0.018776	-0.055339
chr5	64435459	66048780	0.066294	0.021122	0.013768	0.048005
chr5	66072861	67283710	0.178170	0.046482	0.031676	0.117107
chr5	67296900	68377891	0.224048	0.090512	0.058790	0.178091
chr5	68377935	69348977	-0.087030	-0.027669	-0.019571	-0.046800
chr5	69389458	70536836	0.116164	0.034415	0.023023	0.081853
chr6	791333	2035001	0.327540	0.082288	0.058678	0.236258
chr6	2071725	2944499	-0.161348	-0.059207	-0.036567	-0.126810
chr6	2944553	4755335	-0.017305	-0.006783	-0.004449	-0.010009
chr6	4757573	5661519	-0.047771	-0.015887	-0.009301	-0.032051
chr6	5675266	6320266	0.232958	0.063351	0.044377	0.145405
chr6	6320363	8081599	0.044400	0.013667	0.009582	0.035384
chr6	8088674	8911136	0.156377	0.074480	0.040462	0.117667
chr6	8929579	9851911	0.247788	0.060561	0.040715	0.174764
chr6	9908217	10908438	0.216474	0.083249	0.053690	0.169199
chr6	10908483	11530763	-0.247254	-0.107009	-0.060621	-0.159789
chr6	11551066	12215789	-0.298401	-0.103880	-0.065078	-0.212195
chr6	12220964	13804810	-0.174397	-0.029456	-0.021999	-0.120513
chr6	13908873	14821589	-0.266106	-0.066835	-0.043806	-0.187380
chr6	14835185	15794847	-0.145266	-0.059424	-0.036754	-0.131148
chr6	15823643	17528993	0.018310	0.003923	0.002857	0.003196
chr6	17594887	19621051	0.227961	0.043671	0.029349	0.162226
chr6	19625424	20375597	0.147769	0.053939	0.031533	0.128091
chr6	20405951	21869985	0.357579	0.090017	0.055836	0.332792
chr6	21918583	23845777	-0.003519	-0.000994	-0.000658	-0.002900
chr6	23845908	25475376	-0.124702	-0.027800	-0.017489	-0.062728
chr6	25475978	26701459	-0.145476	-0.039506	-0.024821	-0.110707
chr6	26701632	31036182	0.165127	0.023876	0.017840	0.125650
chr6	31794707	37123555	-0.081691	-0.006859	-0.005621	-0.052730
chr6	37246945	39464782	0.139880	0.021135	0.015245	0.100161
chr6	39493517	40629121	0.173060	0.054001	0.033466	0.153290
chr6	40637335	41480885	0.168539	0.047652	0.032739	0.101866
chr6	41502305	42005078	0.483141	0.195136	0.139558	0.294968
chr6	42007663	42783946	-0.281545	-0.088745	-0.051617	-0.215133
chr6	42784061	44591837	0.256085	0.051657	0.038246	0.183971
chr6	44594475	45401806	0.369815	0.111808	0.079187	0.246077
chr6	45403718	45729416	0.316084	0.138711	0.096552	0.252554
chr6	45760392	46626506	0.131579	0.038610	0.024918	0.089799
chr6	46626624	47456126	-0.128225	-0.034461	-0.025004	-0.084236
chr6	47456927	48030141	-0.116245	-0.034165	-0.023225	-0.079428
chr6	48050916	48306046	0.189347	0.080803	0.056508	0.142054
chr6	48312190	49087072	0.151676	0.043453	0.030153	0.106315
chr6	49087151	50254529	0.251112	0.051336	0.035207	0.151180
chr6	50320599	51080056	0.360356	0.133024	0.086211	0.179501
chr6	51118200	51794239	0.228383	0.071468	0.050120	0.145356
chr7	271131	929414	0.217696	0.073380	0.051685	0.153442
chr7	929430	1851850	0.158791	0.071883	0.040508	0.104805
chr7	1857753	2619801	-0.045500	-0.016716	-0.010777	-0.025759
chr7	2620866	3603110	0.381443	0.114198	0.082240	0.305031
chr7	3645043	4224791	0.169169	0.054941	0.031651	0.098160
chr7	4224815	5339384	0.057440	0.019498	0.012460	0.042495
chr7	5377858	6178016	-0.114724	-0.030172	-0.020526	-0.082559
chr7	6186530	7683464	-0.103736	-0.034040	-0.021183	-0.072039
chr7	7683497	8648049	0.144856	0.056315	0.027564	0.112946
chr7	8648066	9264657	0.128501	0.035669	0.025206	0.084097
chr7	9319177	10263524	0.124950	0.031488	0.020727	0.092790
chr7	10269196	11798813	-0.287760	-0.065072	-0.042146	-0.188334
chr7	11814499	14529800	-0.170482	-0.028533	-0.019151	-0.133315
chr7	14535788	18212529	-0.118334	-0.014875	-0.009821	-0.094586
chr7	18226780	21399059	0.226419	0.028218	0.021249	0.142516
chr7	21540763	25375547	-0.138474	-0.021465	-0.015882	-0.103876
chr7	25429566	28955559	-0.045074	-0.006448	-0.004505	-0.030984
chr7	29010021	31812748	-0.155607	-0.020274	-0.014049	-0.112672
chr7	31895916	34098934	0.350021	0.050313	0.040461	0.265981
chr7	34116725	34610474	0.331726	0.107517	0.066770	0.177882
chr7	34614836	35209565	-0.245063	-0.075303	-0.051413	-0.149622
chr7	35214371	36157725	0.049124	0.020084	0.011354	0.043085
chr7	36157832	37478169	-0.111989	-0.027302	-0.019037	-0.079692
chr7	37478655	39018184	0.315353	0.066429	0.047518	0.261720
chr7	39020007	40716816	-0.046035	-0.006569	-0.004228	-0.038978
chr7	40731121	41193894	0.140086	0.053414	0.037185	0.091608
chr7	41203601	42141342	0.352671	0.121995	0.083742	0.342634
chr7	42143037	43447529	0.295497	0.065471	0.049097	0.200503
chr7	43461285	44147574	-0.200250	-0.071024	-0.041659	-0.103235
chr7	44151579	44940066	0.331590	0.110322	0.075109	0.234232
chr7	44940073	45711775	0.348037	0.082874	0.060541	0.212062
chr7	45711781	46625595	0.193747	0.043239	0.031399	0.171724
chr7	46632398	46984822	0.059803	0.038195	0.020405	0.040227
chr8	287963	931316	0.069147	0.036750	0.025929	0.034397
chr8	960884	1839738	0.136109	0.040377	0.028274	0.107804
chr8	1840508	2507707	-0.154897	-0.067438	-0.042153	-0.120521
chr8	2507838	3029582	-0.542442	-0.251894	-0.132685	-0.384754
chr8	3047279	4042072	0.029819	0.008403	0.005563	0.016714
chr8	4048065	4694230	-0.085601	-0.018963	-0.013591	-0.051892
chr8	4694549	5256508	0.015666	0.005239	0.003014	0.030506
chr8	5258432	5723695	0.073087	0.028067	0.017547	0.045354
chr8	5757634	6186450	0.037091	0.013283	0.008010	0.021395
chr8	6189123	6577171	0.246544	0.101345	0.063926	0.157081
chr8	6603079	7177880	0.255768	0.085832	0.061021	0.162045
chr8	7179731	7520132	0.208224	0.099632	0.062553	0.145321
chr8	7522198	8146260	0.257908	0.092308	0.065137	0.188948
chr8	8166663	8595604	0.398340	0.139105	0.090417	0.247089
chr8	8596811	9663122	0.031499	0.010702	0.006423	0.011420
chr8	9680377	11165103	-0.123780	-0.030107	-0.017816	-0.077304
chr8	11229044	12963130	0.055158	0.010303	0.007514	0.039023
chr8	12965530	14087006	-0.051363	-0.015562	-0.010168	-0.026632
chr8	14106763	16169625	0.254461	0.052321	0.039401	0.213905
chr8	16211916	18335657	-0.048932	-0.010666	-0.007027	-0.032058
chr8	18387729	23036490	-0.065369	-0.006173	-0.004879	-0.041582
chr8	23090101	27227415	-0.217997	-0.020818	-0.016356	-0.151408
chr8	27320512	29866116	0.323065	0.043699	0.030916	0.234922
chr8	29883174	31101604	-0.256253	-0.061927	-0.038181	-0.179742
chr8	31108571	32251753	-0.125239	-0.033052	-0.020261	-0.104549
chr8	32253106	33721390	-0.072300	-0.014399	-0.009130	-0.051282
chr8	33721391	34356309	-0.156844	-0.051028	-0.030203	-0.129260
chr8	34356332	35214060	-0.167249	-0.050551	-0.032249	-0.098849
chr8	35215008	35825291	0.016787	0.006208	0.003433	0.011578
chr8	35842889	36657671	0.129270	0.042181	0.023779	0.095578
chr8	36658918	37270845	0.083983	0.036256	0.020271	0.058003
chr8	37277895	38411174	0.318182	0.062204	0.037155	0.213793
chr8	38411175	38802990	-0.164223	-0.072948	-0.035669	-0.118547
chr8	38802991	39895237	-0.020765	-0.005738	-0.003301	-0.008177
chr8	39895488	40367801	-0.035134	-0.012742	-0.008326	-0.012608
chr8	40367802	40797985	0.125825	0.059152	0.037124	0.081020
chr8	40841276	41289257	0.429794	0.186908	0.109406	0.313653
chr8	41307956	42000368	0.353246	0.191508	0.094781	0.264235
chr8	42000380	43051206	0.385549	0.124765	0.071850	0.237128
chr8	43065568	43621489	0.048193	0.022455	0.013460	0.028571
chr9	1129978	2716832	0.090052	0.024249	0.015703	0.065549
chr9	2731609	3542781	-0.132292	-0.069487	-0.038687	-0.087419
chr9	3579969	4084348	0.193654	0.069713	0.043643	0.121665
chr9	4094411	4783468	0.259282	0.053189	0.038381	0.149280
chr9	4814484	5749256	0.302551	0.102470	0.073788	0.229678
chr9	5812285	6989783	-0.063895	-0.028142	-0.017165	-0.051528
chr9	7045532	10151554	-0.009210	-0.001627	-0.000970	-0.012243
chr9	10152945	10741397	-0.142788	-0.067229	-0.034726	-0.101062
chr9	10741639	11224114	0.192106	0.107822	0.060044	0.137431
chr9	11228395	12300573	-0.472618	-0.093943	-0.056212	-0.343027
chr9	12305129	13098802	0.009881	0.002515	0.001539	0.007092
chr9	13098925	13849744	0.029884	0.008970	0.006317	0.034065
chr9	13851936	14682396	0.531794	0.143372	0.092309	0.406879
chr9	14696630	16406065	0.313734	0.083646	0.054920	0.223452
chr9	16409189	18404044	-0.178230	-0.028059	-0.020379	-0.115414
chr9	18404260	22374659	0.119107	0.009770	0.007637	0.080672
chr9	22428823	26159405	0.150121	0.023561	0.017683	0.127820
chr9	26289022	27714597	0.310700	0.069118	0.047824	0.228442
chr9	27731359	29031140	0.196522	0.056977	0.040206	0.132099
chr9	29059409	30956176	-0.027527	-0.005302	-0.003213	-0.015593
chr9	30957380	31780885	0.025031	0.006711	0.004679	0.025296
chr9	31793395	33016594	-0.145568	-0.028210	-0.018157	-0.100474
chr9	33020156	34367921	-0.042883	-0.016158	-0.009622	-0.034068
chr9	34368207	35304270	0.190200	0.052130	0.034352	0.150299
chr9	35304809	36204097	0.288635	0.095335	0.059850	0.158713
chr9	36208462	37280483	-0.211485	-0.049526	-0.035189	-0.130697
chr9	37327743	38429687	-0.063694	-0.018953	-0.012787	-0.048087
chr9	38480872	39017250	0.201562	0.075269	0.056739	0.144963
chr9	39029154	39749895	0.290298	0.130461	0.074557	0.212729
chr9	39749949	40619828	-0.334922	-0.097263	-0.062992	-0.186900
chr9	40638376	42073288	-0.188000	-0.060470	-0.036297	-0.127891
chr9	42094687	43313586	0.090639	0.030723	0.020369	0.079118
chr10	7077076	10837094	-0.264625	-0.030767	-0.023383	-0.210659
chr10	10843676	15569772	-0.371701	-0.037746	-0.026615	-0.292746
chr10	15574395	18316707	-0.102635	-0.012031	-0.008544	-0.061644
chr10	18408493	19740680	0.013817	0.002068	0.001586	-0.008895
chr10	19827425	21707072	-0.160449	-0.027710	-0.018639	-0.120162
chr10	21734235	24182161	-0.185041	-0.027010	-0.018856	-0.122864
chr10	24206185	25817507	-0.143369	-0.028277	-0.019000	-0.083732
chr10	25826456	26753150	-0.016648	-0.003890	-0.002693	-0.008855
chr10	26756579	27973783	0.014176	0.002187	0.001656	0.008451
chr10	28005794	29177787	-0.092920	-0.034922	-0.018083	-0.065319
chr10	29203368	30739740	0.110648	0.020018	0.013798	0.087732
chr10	30739741	31240206	-0.387735	-0.145458	-0.081939	-0.279944
chr10	31240754	32958861	0.019537	0.004637	0.003086	0.013840
chr10	32964952	33762397	0.528007	0.185098	0.118657	0.404255
chr10	33769570	34672400	0.436179	0.111937	0.078379	0.289318
chr10	34676658	35833749	0.355580	0.185326	0.126821	0.252369
chr10	35833944	36744001	0.167460	0.065805	0.041122	0.118603
chr10	36762494	37491869	0.021205	0.006362	0.004074	-0.008822
chr10	37492789	38925199	0.148094	0.054553	0.036212	0.130937
chr10	38928099	39431231	0.103858	0.037409	0.021608	0.066768
chr10	39449491	40493921	0.022030	0.007086	0.005019	0.003845
chr11	1250201	3061611	0.182172	0.038446	0.027942	0.146782
chr11	3068219	3872057	0.240458	0.072012	0.045657	0.140580
chr11	3874653	4330575	0.334525	0.131910	0.082437	0.238964
chr11	4338818	4979836	0.263284	0.095819	0.061576	0.188615
chr11	4979946	5673791	0.109938	0.054424	0.034174	0.101274
chr11	5675500	6430046	-0.171693	-0.061816	-0.041031	-0.125928
chr11	6464717	7336045	-0.021292	-0.006044	-0.003913	-0.013876
chr11	7380782	7722354	0.205875	0.099423	0.055285	0.137700
chr11	7722363	8105609	0.054613	0.016138	0.010478	0.032136
chr11	8175723	8809356	0.234430	0.070655	0.050469	0.174537
chr11	8817027	9544680	0.044652	0.013390	0.007199	0.025816
chr11	9561903	10173828	0.152339	0.044351	0.029785	0.105279
chr11	10214561	11159859	0.029615	0.006860	0.004468	0.020804
chr11	11160420	11754000	0.003413	0.000879	0.000609	-0.019752
chr11	11811295	13455805	0.161000	0.026686	0.017589	0.113485
chr11	13458252	14456905	0.281828	0.059538	0.043516	0.150535
chr11	14569617	15319111	0.153660	0.040506	0.024708	0.102093
chr11	15328469	16292806	0.144538	0.043813	0.030844	0.095474
chr11	16306492	16674780	-0.087150	-0.044913	-0.030630	-0.066396
chr11	16683177	17811956	-0.112807	-0.030498	-0.018673	-0.085248
chr11	17817647	18704071	0.291766	0.101809	0.062714	0.245229
chr11	18751491	23286472	-0.091431	-0.007667	-0.005776	-0.070818
chr11	23301420	26988887	-0.211548	-0.024144	-0.017255	-0.105452
chr11	27068575	28021759	0.052016	0.014962	0.009926	0.026128
chr11	28025363	28625169	0.077213	0.022627	0.016581	0.056558
chr11	28676286	29654911	0.230489	0.071090	0.053353	0.170761
chr11	29660932	30556886	0.100649	0.028073	0.019974	0.059989
chr11	30556956	31248216	-0.027730	-0.009294	-0.005431	-0.020306
chr11	31250141	31841218	0.213731	0.059997	0.042222	0.149314
chr11	31854579	32686665	-0.113178	-0.039502	-0.022736	-0.072393
chr11	32690939	33688692	-0.076828	-0.020379	-0.013818	-0.040010
chr11	33728501	34132045	-0.025128	-0.010826	-0.006055	-0.020684
chr11	34152511	34884789	0.355949	0.085620	0.060399	0.228247
chr11	34887282	35431840	0.043590	0.017932	0.010831	0.035270
chr11	35431865	36297453	0.115396	0.029884	0.021126	0.076046
chr11	36300900	37003687	0.197776	0.062884	0.040953	0.138129
chr11	37022192	38168383	0.373225	0.101670	0.065517	0.228288
chr12	3205172	8159591	0.128908	0.014948	0.010609	0.090335
chr12	8169038	10126103	-0.108664	-0.028961	-0.018706	-0.081768
chr12	10152864	12163905	-0.140403	-0.023681	-0.014709	-0.086301
chr12	12170296	15239510	0.015440	0.001678	0.001288	0.002478
chr12	15240841	17114042	-0.102839	-0.022725	-0.015164	-0.079475
chr12	17159626	18395874	0.007511	0.001552	0.001120	0.005069
chr12	18467841	20329572	-0.028777	-0.004531	-0.002848	-0.015968
chr12	20401775	22061724	-0.132263	-0.018870	-0.013555	-0.095758
chr12	22134508	22929492	0.070651	0.020185	0.011484	0.047142
chr12	22930931	23501143	-0.224649	-0.070559	-0.039592	-0.157311
chr12	23504421	24003258	0.250439	0.076367	0.050635	0.194188
chr12	24018561	24760712	0.236919	0.090543	0.050418	0.197701
chr12	24760795	25654432	-0.186279	-0.062773	-0.038273	-0.112043
chr12	25663191	26357418	0.297277	0.088655	0.062097	0.225698
chr12	26357506	27460041	-0.085852	-0.022011	-0.015752	-0.059815
chr12	27460247	29074567	0.072522	0.016395	0.011410	0.058442
chr12	29208839	29786718	0.116950	0.046784	0.028323	0.079885
chr12	29794529	30727445	-0.186631	-0.058109	-0.037991	-0.125670
chr12	30727621	31322940	0.096066	0.032035	0.020716	0.068477
chr12	31339125	31909216	-0.169167	-0.048646	-0.029260	-0.094873
chr12	31914184	32788750	0.005538	0.001247	0.000881	0.003377
chr12	32801687	34120801	0.150348	0.054915	0.034823	0.085874
chr12	34132183	35350994	0.201154	0.084988	0.051450	0.155513
chr13	1908265	2569153	0.128923	0.043905	0.030973	0.089620
chr13	2571399	3392198	0.427007	0.174029	0.114470	0.315336
chr13	3398643	4076425	0.246712	0.090312	0.070453	0.159760
chr13	4076470	4777816	0.326473	0.100809	0.072860	0.245948
chr13	4802555	5376497	0.192242	0.053222	0.032161	0.085618
chr13	5385678	6082543	0.207340	0.073732	0.046966	0.190151
chr13	6098785	6722549	0.390071	0.121288	0.082024	0.301154
chr13	6725030	7723046	0.560386	0.155219	0.112385	0.459048
chr13	7731834	8408896	0.149704	0.030978	0.019081	0.091369
chr13	8426461	9216674	-0.030035	-0.009213	-0.005710	-0.022078
chr13	9225513	10056468	0.266942	0.063588	0.042527	0.134194
chr13	10143085	11509701	0.047471	0.010294	0.007927	0.035057
chr13	11509999	12165735	0.133019	0.052458	0.035083	0.088409
chr13	12165786	12617428	0.269674	0.095400	0.062196	0.213235
chr13	12619804	13297090	0.051354	0.018720	0.010888	0.039654
chr13	13369379	14391370	0.255427	0.092980	0.058205	0.197759
chr13	14395248	18346418	0.195769	0.025260	0.018164	0.160763
chr13	18349282	20454588	0.000470	0.000095	0.000060	0.000328
chr13	20512391	21987700	0.361125	0.057459	0.046607	0.242946
chr13	22075969	23660177	-0.145075	-0.017402	-0.013410	-0.081750
chr13	23682109	24385379	-0.045134	-0.008720	-0.006894	-0.035414
chr13	24406852	25424792	0.009603	0.002781	0.001723	0.006663
chr13	25450732	27324578	0.525097	0.099510	0.071500	0.416667
chr13	27325411	27749953	-0.062807	-0.028700	-0.018626	-0.047328
chr13	27808674	28362906	0.438776	0.112878	0.079276	0.247113
chr13	28399541	28912812	0.081866	0.029213	0.018141	0.044152
chr13	28929011	29646690	0.075085	0.024269	0.017481	0.042389
chr13	29649825	30388933	-0.127305	-0.038380	-0.025165	-0.075353
chr13	30403225	31137905	0.082700	0.036533	0.021631	0.074934
chr13	31163451	31912442	0.217230	0.077183	0.047889	0.140883
chr13	31917070	33000646	-0.018522	-0.007515	-0.004255	-0.020861
chr13	33018613	33750066	0.485185	0.098929	0.072025	0.375897
chr14	1694930	3012421	0.142127	0.021178	0.015433	0.068904
chr14	3058138	4923392	0.068397	0.014852	0.008658	0.043385
chr14	4936913	5719390	0.138836	0.035649	0.021147	0.093994
chr14	5729517	7274509	-0.291343	-0.047668	-0.032593	-0.171760
chr14	7276183	8458906	0.068313	0.014525	0.010267	0.060909
chr14	8461900	9117503	-0.227774	-0.110124	-0.058413	-0.190652
chr14	9135303	9759053	-0.116989	-0.031825	-0.023097	-0.066206
chr14	9759449	10903152	0.088338	0.026531	0.018665	0.070465
chr14	10914863	11440359	0.143174	0.061228	0.037204	0.142902
chr15	322764	1223658	0.147400	0.048704	0.030455	0.099104
chr15	1224999	2312246	0.090909	0.025393	0.015844	0.061347
chr15	2345159	3185369	0.215481	0.046485	0.031448	0.172358
chr15	3185386	3706530	0.128313	0.054846	0.033381	0.098482
chr15	3706639	4259339	-0.052404	-0.013542	-0.009604	-0.038484
chr15	4264970	5171096	0.181684	0.036696	0.028430	0.121229
chr15	5171404	5598590	0.014092	0.006090	0.003786	-0.005743
chr15	5599034	5927815	0.165371	0.079286	0.047749	0.102632
chr15	5937669	6848940	0.101898	0.027997	0.019519	0.072711
chr15	6849277	7522766	0.094476	0.027719	0.019001	0.066847
chr15	7532840	8370459	-0.223782	-0.074139	-0.046175	-0.179705
chr15	8424187	9599488	-0.011442	-0.002381	-0.001645	-0.008120
chr15	9604349	11093995	-0.106429	-0.031127	-0.019787	-0.059355
chr15	11099392	12124448	0.084519	0.025534	0.016998	0.051356
chr15	12129995	12654275	-0.208092	-0.088591	-0.058771	-0.132054
chr16	551887	1442309	-0.060366	-0.015429	-0.011116	-0.043885
chr16	1481832	3840337	0.362491	0.070108	0.047882	0.269519
chr16	3854085	5756767	-0.004617	-0.000483	-0.000364	-0.028284
chr16	5759463	7314795	-0.040562	-0.010740	-0.007867	-0.028307
chr16	7330792	8981572	0.361600	0.063400	0.045123	0.218720
chr16	8983308	9360882	0.381277	0.151883	0.104522	0.261208
chr17	405256	805578	0.216395	0.105082	0.060892	0.155835
chr17	819829	1866054	-0.144617	-0.046104	-0.028920	-0.099527
chr17	1874460	2886904	-0.021650	-0.004492	-0.002978	-0.013719
chr17	2959986	3750507	0.291453	0.091018	0.059325	0.192764
chr17	3783056	4382617	-0.314172	-0.125619	-0.073496	-0.203786
chr17	4388957	5455801	0.271093	0.089648	0.057531	0.166524
chr17	5455880	7167472	0.210724	0.046555	0.029489	0.127285
chr17	7167483	8330958	0.243271	0.078425	0.050954	0.173945
chr18	1489486	3550036	0.211438	0.055461	0.035270	0.151439
chr18	3550055	4578891	-0.007324	-0.001859	-0.001275	0.001621
chr18	4646645	5302365	0.099106	0.040099	0.024214	0.072061
chr18	5307988	5795232	0.080228	0.029580	0.021291	0.046645
chr18	5795733	6349247	0.252804	0.103552	0.073480	0.208541
chr18	6351856	7141002	0.113413	0.036610	0.022751	0.087078
chr18	7149446	8092505	0.162539	0.063396	0.040595	0.124926
chr19	2218183	3474612	0.065668	0.016228	0.010996	0.025781
chr19	3524709	4470711	0.287136	0.083445	0.064496	0.226462
chr19	4491039	5651949	0.024051	0.006452	0.003996	0.015116
chr19	5656331	6562952	-0.033717	-0.012511	-0.007737	-0.051282
chr19	6567551	7386774	-0.097859	-0.030539	-0.018297	-0.055104
chr20	309614	1202217	0.126454	0.037340	0.027040	0.091130
chr20	1203018	2502553	0.255027	0.075086	0.055141	0.186562
chr20	2523964	3422565	0.051571	0.016097	0.010297	0.030230
chr20	3445110	4150379	0.062533	0.018175	0.010399	0.039125
chr20	4170110	4976617	-0.325156	-0.132677	-0.069320	-0.263338
chr20	4983114	5760004	0.045327	0.015046	0.010293	0.011121
chr20	5816572	6698591	-0.018662	-0.004599	-0.003264	-0.004461
chr21	918824	2469882	-0.003340	-0.000921	-0.000671	0.008598
chr21	2473104	4118274	0.525424	0.151707	0.112928	0.378468
chr21	4134352	5854163	0.349839	0.087775	0.060097	0.231489
chr21	5854671	7011099	0.020317	0.003422	0.002415	0.014133
chr22	1128159	2448015	0.298410	0.092170	0.058361	0.217896
chr22	2459748	3529243	-0.172001	-0.056900	-0.036099	-0.163791
chr22	3532685	5234955	0.001762	0.000414	0.000274	-0.001619
chr22	5241411	5707264	-0.143620	-0.055157	-0.033197	-0.085841
chr23	834082	1243651	0.128738	0.049464	0.028992	0.049129
chr23	1243662	2757986	0.016318	0.005054	0.003185	0.013364
chr24	678861	1728494	0.310606	0.093382	0.063131	0.221932
