chr	windowStart	windowEnd	D	f_d	f_dM	d_f
chr1	1503338	2147321	0.356188	0.157146	0.097780	0.287526
chr1	2148955	3281595	0.127867	0.082858	0.045818	0.113024
chr1	3305702	4200417	0.246407	0.130175	0.069774	0.181669
chr1	4242741	5336673	0.566328	0.270614	0.164181	0.457321
chr1	5358099	6410299	0.266411	0.130451	0.076449	0.174035
chr1	6412477	7180229	0.238340	0.103039	0.068358	0.194820
chr1	7206071	7972966	0.620309	0.319439	0.165651	0.602573
chr1	7975714	8834008	0.427852	0.192102	0.112260	0.298382
chr1	8869399	10496216	0.375744	0.195245	0.109859	0.325550
chr1	10515419	12793522	0.150193	0.059724	0.035820	0.110691
chr1	12793536	14478095	0.547368	0.278554	0.157491	0.461343
chr1	14547062	15627350	0.462963	0.302485	0.169012	0.368967
chr1	15635082	17295187	-0.287798	-0.181336	-0.079473	-0.153317
chr1	17300469	18485491	0.044142	0.021525	0.014829	0.041566
chr1	18697671	22573537	0.148746	0.039015	0.024913	0.119287
chr1	22610852	24612345	0.018409	0.006367	0.004260	0.013797
chr1	24646572	25886690	0.275691	0.121858	0.072534	0.245257
chr1	25895291	27657566	0.349705	0.160192	0.090524	0.283892
chr1	27700704	29042750	0.329080	0.147063	0.081020	0.284578
chr1	29051578	30401326	0.534069	0.251074	0.149462	0.423739
chr1	30401726	32052772	0.694541	0.340195	0.202195	0.556404
chr1	32083982	32905465	0.604782	0.356505	0.230761	0.518366
chr1	32908377	34030652	0.177061	0.103045	0.064349	0.113752
chr1	34050109	35073853	0.389947	0.263273	0.153945	0.293149
chr1	35078308	36754329	0.333333	0.159875	0.082124	0.296082
chr1	36756099	37554725	0.290594	0.148560	0.090096	0.219731
chr1	37560669	39042075	0.121361	0.052186	0.029421	0.084714
chr1	39086794	41384729	0.219899	0.091424	0.047237	0.183210
chr1	41401931	43330280	0.062596	0.027292	0.016688	0.038134
chr1	43330367	45004999	0.531286	0.249089	0.161565	0.409159
chr1	45047998	47793292	-0.154605	-0.086015	-0.041183	-0.149766
chr1	47801062	49480419	0.222391	0.097220	0.052103	0.201766
chr1	49491873	50530877	0.468585	0.288064	0.128559	0.380263
chr1	50531502	51266658	-0.279406	-0.219534	-0.105109	-0.216208
chr1	51268786	52357988	0.505857	0.277733	0.159308	0.402446
chr1	52373062	53585198	0.015066	0.006439	0.003751	-0.004408
chr1	53593089	54522594	-0.166534	-0.098126	-0.048817	-0.127032
chr1	54526655	55280662	-0.001655	-0.001150	-0.000585	-0.001316
chr1	55281548	56286087	0.161264	0.074588	0.037572	0.140736
chr1	56286100	57317636	0.017204	0.008409	0.004404	0.012882
chr1	57317777	58281797	0.590394	0.288274	0.169243	0.469070
chr1	58334951	59586905	0.132206	0.047851	0.028015	0.108724
chr1	59609907	60442442	0.381526	0.204839	0.111531	0.314286
chr1	60443277	62049350	0.053435	0.018265	0.010251	0.036254
chr1	62066094	63155549	0.386301	0.148356	0.097956	0.227309
chr1	63211589	64762750	-0.102389	-0.035967	-0.019805	-0.091590
chr1	64762763	66337399	0.154567	0.077543	0.046016	0.125543
chr1	66373425	68168317	-0.244178	-0.098309	-0.054682	-0.187229
chr1	68190276	69225716	-0.032394	-0.021053	-0.008536	-0.024390
chr1	69289432	70068996	0.203122	0.156021	0.093030	0.164844
chr1	70080514	71494002	0.396226	0.163551	0.098264	0.294718
chr1	71517919	72684000	0.058659	0.020639	0.013037	0.031250
chr1	72719501	73810234	0.650373	0.246738	0.158557	0.548055
chr1	73848943	76777250	0.125461	0.043446	0.026316	0.114094
chr1	76785886	78371862	-0.124862	-0.051656	-0.030878	-0.109114
chr1	78471648	79576794	0.413672	0.214586	0.117459	0.368547
chr1	79800878	80911075	0.421807	0.213538	0.131743	0.374266
chr1	80914179	81867073	0.242078	0.160801	0.074405	0.151102
chr1	81867074	83605048	0.123011	0.048003	0.022816	0.093586
chr1	83617692	85177451	0.027066	0.011682	0.006473	0.016431
chr1	85235588	86459614	-0.018605	-0.010296	-0.005161	-0.008353
chr1	86488973	87592741	0.128145	0.090031	0.046141	0.109393
chr1	87617396	89051055	0.162505	0.070485	0.038346	0.121750
chr1	89071908	89709555	0.834667	0.387536	0.251204	0.785774
chr1	89728635	90406062	0.781964	0.341148	0.228561	0.647537
chr1	90408458	91246800	0.726727	0.340126	0.204579	0.661202
chr1	91259933	92547206	0.637636	0.277809	0.184063	0.584879
chr1	92549363	94895021	0.029751	0.007348	0.005007	0.027968
chr1	94926818	96905898	0.602352	0.253643	0.162418	0.572073
chr1	96906773	98238612	0.249391	0.133971	0.068235	0.170770
chr1	98280475	100627681	0.410674	0.141224	0.087166	0.349799
chr1	100655351	101555709	0.141439	0.056324	0.032008	0.089426
chr1	101560302	102743040	0.711659	0.432789	0.250745	0.555812
chr1	102760940	105258501	0.529859	0.222880	0.161339	0.425084
chr1	105331912	106665892	0.663278	0.311389	0.171953	0.511490
chr1	106680487	108168198	0.212942	0.122141	0.060200	0.144757
chr1	108169663	112432432	0.475066	0.199804	0.119735	0.441441
chr1	112444758	114204304	0.362732	0.121824	0.078742	0.286416
chr1	114242190	115898576	0.346341	0.128105	0.073335	0.288889
chr1	115899511	117487958	0.239274	0.088703	0.053315	0.144855
chr1	117499282	118743926	0.579067	0.332897	0.167987	0.462517
chr1	118751773	120163166	0.270842	0.123562	0.077110	0.216867
chr1	120265804	121968922	0.057070	0.016673	0.010765	0.042513
chr1	122144553	123195349	0.384526	0.164570	0.086008	0.297962
chr1	123200200	124629687	0.172491	0.079507	0.047904	0.131669
chr1	124633991	126201337	-0.194789	-0.125263	-0.064047	-0.165546
chr1	126213822	128660735	0.484230	0.181401	0.118100	0.369374
chr1	128669563	129905792	0.382353	0.160014	0.107948	0.280518
chr1	129906375	131513194	0.638162	0.379273	0.224879	0.524906
chr1	131520724	132311890	0.143127	0.085612	0.051886	0.133765
chr1	132358837	133310929	0.643179	0.382930	0.220845	0.527469
chr1	133343865	134590271	0.652833	0.335540	0.201876	0.550487
chr1	134821211	135694191	0.491124	0.235270	0.150110	0.398475
chr1	135748795	136379563	0.652047	0.435183	0.283406	0.520507
chr1	136447789	140557626	0.401280	0.176969	0.095022	0.359931
chr1	140561424	141685144	0.291459	0.156423	0.078713	0.262081
chr1	141686662	142510182	0.249010	0.190124	0.093430	0.193762
chr1	142610847	144001023	0.268460	0.177719	0.090856	0.221018
chr1	144026730	145337868	0.116245	0.060186	0.032140	0.093982
chr1	145425877	146240067	0.451264	0.296017	0.149831	0.369326
chr1	146240387	147427098	0.285232	0.122014	0.071813	0.220240
chr1	147428956	148721096	0.326038	0.177150	0.086293	0.243082
chr1	148743062	149337610	-0.138854	-0.069872	-0.033191	-0.089125
chr1	149364966	150684941	0.355543	0.124705	0.087792	0.279613
chr1	150684946	151730490	0.101112	0.062150	0.038095	0.067069
chr1	151730514	152706818	-0.025740	-0.010329	-0.005994	-0.001391
chr1	152739404	154076881	0.138486	0.071573	0.037374	0.103610
chr1	154135096	156334286	0.369853	0.168682	0.108618	0.339523
chr1	156380743	157330916	0.174990	0.125322	0.065697	0.145465
chr1	157330969	158307366	0.229778	0.116049	0.069229	0.182235
chr1	158346302	159466767	-0.369378	-0.232041	-0.118623	-0.280116
chr1	159470155	161237778	0.315239	0.127833	0.074165	0.240934
chr1	161255637	168613964	0.292164	0.080980	0.053811	0.220501
chr1	168659608	170146446	0.219290	0.120631	0.073399	0.195371
chr1	170150545	171425593	0.040147	0.015704	0.009599	0.027114
chr1	171426594	174054710	0.150045	0.057401	0.033436	0.135223
chr1	174122557	177000357	0.205634	0.091673	0.055238	0.174328
chr1	177310167	180367363	0.443872	0.182087	0.111293	0.355904
chr1	180655508	181724312	0.166667	0.092747	0.045027	0.161348
chr1	181732336	182928991	0.028065	0.017533	0.008469	0.018102
chr1	182939650	183849089	0.570750	0.289406	0.167737	0.521249
chr1	183849136	185292520	0.367329	0.189944	0.093892	0.281830
chr1	185292632	186170477	0.408660	0.195217	0.105309	0.340090
chr1	186171746	187119630	0.147373	0.076811	0.040777	0.118273
chr1	187126116	188637967	-0.020826	-0.007816	-0.005094	-0.026968
chr1	188665055	190589050	0.321799	0.118850	0.068925	0.237973
chr1	190599525	192601633	0.420266	0.157878	0.097261	0.301104
chr1	192641016	193968798	0.404211	0.232680	0.138229	0.300000
chr1	193978630	195099314	0.177315	0.100620	0.050912	0.149353
chr1	195099535	196781514	0.204938	0.135008	0.066212	0.173037
chr1	196783542	198733725	0.205577	0.064959	0.037549	0.129248
chr1	198746851	200306615	0.162103	0.119307	0.062566	0.149118
chr1	200309665	202431423	0.331162	0.176165	0.111517	0.243805
chr1	202440015	203562840	0.394343	0.141696	0.091287	0.334085
chr1	203565534	204665728	0.527545	0.399933	0.264589	0.375824
chr1	204672091	206036702	0.237759	0.117711	0.064466	0.188001
chr1	206137665	207743611	0.218882	0.103991	0.056738	0.156130
chr1	207819859	208987696	0.176187	0.114961	0.057761	0.134769
chr1	208987985	210135270	0.326942	0.212505	0.101589	0.292948
chr1	210137333	210756682	-0.236356	-0.169629	-0.080868	-0.175773
chr1	210775791	212345177	0.254494	0.138341	0.088135	0.202128
chr1	212450553	215287028	0.055699	0.029282	0.014788	0.088475
chr2	907021	2251907	0.309845	0.170987	0.093868	0.309684
chr2	2269684	3450584	0.571429	0.240932	0.146675	0.472952
chr2	3468392	5159644	0.249697	0.111091	0.067674	0.208577
chr2	5160098	6227494	0.443954	0.167863	0.116207	0.353976
chr2	6237698	7151542	0.106218	0.058349	0.030077	0.077710
chr2	7151927	8111154	0.446124	0.254736	0.184687	0.361940
chr2	8119632	9492520	0.571991	0.224262	0.127004	0.442002
chr2	9498324	11194456	0.227085	0.111021	0.072079	0.187202
chr2	11194458	12768604	-0.164694	-0.082472	-0.043969	-0.124052
chr2	12771021	14999228	0.239984	0.079572	0.049582	0.172491
chr2	15008557	16071601	0.286675	0.127907	0.082129	0.234687
chr2	16087112	17355757	0.254892	0.080173	0.051534	0.197472
chr2	17413273	19286044	0.351140	0.140146	0.096794	0.323171
chr2	19293224	21614310	0.377271	0.102921	0.070191	0.273083
chr2	21614495	23148040	0.238872	0.076339	0.051251	0.199011
chr2	23196265	24982048	0.544939	0.189702	0.117248	0.454962
chr2	25031831	26484438	-0.082437	-0.028045	-0.018308	-0.060241
chr2	26486637	27459941	0.605624	0.288755	0.174322	0.480078
chr2	27466078	29652304	0.414938	0.152685	0.088224	0.363068
chr2	29743496	31622938	0.354604	0.120656	0.078588	0.277480
chr2	31622955	33108673	0.203951	0.084765	0.050179	0.182784
chr2	33126220	33956666	0.190325	0.098452	0.053991	0.165102
chr2	33963163	35539653	-0.250000	-0.086957	-0.059679	-0.202361
chr2	35546370	36542765	0.135084	0.082022	0.048790	0.103330
chr2	36545481	37093811	-0.020348	-0.007695	-0.004440	-0.006597
chr2	37098122	37773426	0.149600	0.082808	0.046357	0.115598
chr2	37775156	39012654	-0.050895	-0.022422	-0.014060	-0.039370
chr2	39078659	39627018	-0.047637	-0.025258	-0.015108	-0.034010
chr2	39640677	41117330	0.342908	0.151212	0.086128	0.270643
chr2	41136556	41917700	-0.198517	-0.124031	-0.075420	-0.187589
chr2	41947387	43074269	0.332634	0.156595	0.095587	0.273512
chr2	43113227	44490356	0.335327	0.152629	0.081390	0.298982
chr2	44529681	45951787	0.228410	0.099490	0.053442	0.178289
chr2	45966166	47191799	0.400692	0.196086	0.123709	0.337198
chr2	47192666	48074525	0.244335	0.148453	0.084958	0.183380
chr2	48075843	48842276	0.281696	0.181945	0.088152	0.219607
chr2	48881050	49631101	0.771610	0.415797	0.280092	0.664757
chr2	49631622	50791369	0.375671	0.208333	0.114019	0.324274
chr2	50795172	51876555	-0.309169	-0.256669	-0.091883	-0.230231
chr2	51881265	52737945	0.459677	0.199440	0.149538	0.340095
chr2	52740784	53408679	0.497221	0.221650	0.169731	0.333142
chr2	53444409	54670064	-0.169421	-0.092066	-0.046424	-0.159533
chr2	54675414	56330960	0.267727	0.102450	0.055284	0.188161
chr2	56331034	57090388	0.264716	0.155488	0.082387	0.225106
chr2	57137226	58272578	0.244616	0.145535	0.069150	0.198125
chr2	58288949	59877314	0.518961	0.237691	0.133600	0.464458
chr2	59920418	63343221	0.722193	0.321785	0.160619	0.636913
chr2	63363212	64886178	0.491366	0.251507	0.139219	0.361030
chr2	65047612	66626811	0.101966	0.030794	0.021157	0.078822
chr2	66746452	67317057	0.705245	0.377221	0.254415	0.602269
chr2	67324503	68936569	0.363834	0.144005	0.081398	0.331025
chr2	68937086	69955654	0.542811	0.312969	0.167751	0.404398
chr2	69972764	71053118	0.439405	0.187297	0.111090	0.363608
chr2	71055855	71808978	0.640957	0.333333	0.216022	0.584055
chr2	71811394	72559618	0.398311	0.257360	0.135886	0.338922
chr2	72559728	74132040	0.434106	0.225598	0.123039	0.351245
chr2	74140032	74772975	0.467425	0.291864	0.151616	0.436861
chr2	74775392	76063248	0.398596	0.272483	0.120227	0.332186
chr2	76067921	77044368	0.582875	0.325915	0.184669	0.543785
chr2	77049629	79051182	0.614716	0.306129	0.171343	0.500267
chr2	79053458	83554791	0.272628	0.110607	0.066326	0.240848
chr2	83572124	85390214	0.342561	0.141249	0.092987	0.290844
chr2	85762560	87032434	0.283429	0.176230	0.080304	0.268689
chr2	87040460	88805527	0.302425	0.164966	0.075481	0.252581
chr2	88840456	91295251	0.456925	0.152234	0.091438	0.373773
chr2	91302175	92952761	0.249189	0.140709	0.083572	0.185350
chr2	92952851	94541103	0.500500	0.199178	0.136014	0.411732
chr2	94541105	95546762	0.558258	0.361168	0.235948	0.428485
chr2	95570196	97883743	0.287418	0.097044	0.060582	0.229000
chr2	97888642	99766249	0.121249	0.037719	0.024173	0.098647
chr2	99775191	101183452	0.060159	0.024331	0.014485	0.056200
chr2	101183500	101760927	0.000000	0.000000	0.000000	-0.000000
chr2	101763035	104498791	0.605638	0.247005	0.166871	0.524814
chr2	104512216	107350755	0.200486	0.063739	0.043315	0.145889
chr2	107360389	108444422	0.326711	0.183357	0.096177	0.285164
chr2	108454602	109393074	0.267090	0.120208	0.072237	0.210765
chr2	109419123	110611328	0.484732	0.222255	0.136409	0.434332
chr2	110642049	111743854	0.511261	0.207579	0.131588	0.422842
chr2	111781134	113423462	0.254244	0.101074	0.065061	0.169506
chr2	113496090	114337187	0.060037	0.032898	0.017806	0.043192
chr2	114337205	115083038	0.374971	0.135438	0.095089	0.243594
chr2	115094523	115588081	0.288095	0.154930	0.101715	0.221021
chr2	115589825	116556402	0.256898	0.109312	0.077891	0.177912
chr2	116569311	117812058	0.575492	0.306675	0.205488	0.496781
chr2	117821902	119131620	0.035523	0.014807	0.008019	0.025029
chr2	119131621	121096791	0.429603	0.215935	0.128082	0.321543
chr2	121120666	122512704	0.218487	0.116307	0.075372	0.169939
chr2	122527923	124501163	0.239393	0.111853	0.052668	0.206871
chr2	124512923	126088872	0.325665	0.138022	0.077768	0.243685
chr2	126118015	127611685	0.508812	0.185594	0.114875	0.362291
chr2	127615275	128803706	0.361881	0.179490	0.111434	0.303995
chr2	128805234	129753878	0.504843	0.273383	0.170529	0.366111
chr2	129767400	131168068	0.010664	0.005344	0.003010	0.007761
chr2	131170492	132417265	0.513787	0.284720	0.158927	0.384721
chr2	132417340	133882064	0.412581	0.173256	0.106067	0.340982
chr2	133891940	136620236	0.635264	0.272659	0.172836	0.511270
chr2	136681097	137880707	0.020767	0.013782	0.006640	0.017333
chr2	137882916	138382686	0.191289	0.127672	0.072621	0.140881
chr2	138396724	139108854	0.230106	0.169025	0.092370	0.149213
chr2	139121901	140478647	-0.050360	-0.023435	-0.011341	-0.044420
chr2	140507841	142112364	0.214221	0.059486	0.035461	0.169186
chr2	142121321	143713958	0.354240	0.141938	0.082515	0.220038
chr2	143714119	145146076	0.116156	0.055636	0.031790	0.101354
chr2	145159153	148535910	0.273814	0.163573	0.088658	0.229463
chr2	148582872	149695470	0.309309	0.144489	0.081102	0.220941
chr2	149728590	150820409	0.321498	0.186029	0.095065	0.297327
chr2	150820428	151762220	0.362525	0.198957	0.117829	0.273006
chr2	151762278	152771019	0.559373	0.328682	0.187738	0.489174
chr2	152772556	153665668	0.333660	0.218795	0.097964	0.284224
chr2	153669750	154652868	0.200107	0.102757	0.058012	0.173495
chr2	154701111	155993051	0.018307	0.012698	0.005449	0.015940
chr2	156018276	157056582	0.321858	0.204806	0.117210	0.266916
chr2	157075119	159465049	0.207798	0.087146	0.054557	0.180281
chr2	159468639	160845271	0.269936	0.128555	0.074395	0.228705
chr2	160955799	163515921	0.415919	0.236435	0.128871	0.345463
chr3	1563047	4011955	0.455982	0.135045	0.084625	0.320184
chr3	4070094	5776561	0.176380	0.122222	0.050890	0.150217
chr3	5813124	7380992	0.389756	0.152219	0.088336	0.286277
chr3	7382581	10034782	0.113504	0.061767	0.032308	0.089295
chr3	10077072	12312236	-0.215840	-0.104825	-0.057360	-0.173204
chr3	12312289	13027306	0.628261	0.515091	0.320105	0.597868
chr3	13228897	15061677	0.158938	0.060267	0.027610	0.128438
chr3	15094362	16856429	0.191238	0.062200	0.037076	0.161796
chr3	17038490	18379956	-0.011965	-0.004003	-0.002629	-0.021103
chr3	18431915	21994112	-0.273610	-0.080321	-0.041366	-0.173038
chr3	22004242	23227121	0.021318	0.009521	0.004903	0.017118
chr3	23263950	24121608	0.613704	0.282198	0.166880	0.485927
chr3	24121635	24855067	0.322155	0.182093	0.094883	0.281396
chr3	24855102	25863992	0.133548	0.078487	0.039295	0.088517
chr3	25912086	26905509	0.115675	0.052302	0.030393	0.068522
chr3	27033256	28519828	0.357816	0.119947	0.073161	0.288748
chr3	28526819	29977984	0.275936	0.093152	0.055095	0.245714
chr3	29978267	30920362	-0.225061	-0.093215	-0.050822	-0.196159
chr3	30925243	32901288	0.264466	0.098601	0.052356	0.237627
chr3	32981182	34196698	0.119573	0.061472	0.031979	0.110969
chr3	34217633	35283384	0.574034	0.214657	0.136344	0.446716
chr3	35303058	36241380	0.349271	0.237094	0.147756	0.256784
chr3	36241425	37741392	-0.008824	-0.005453	-0.002295	-0.010154
chr3	37755667	39537992	0.157303	0.068066	0.038005	0.100681
chr3	39538034	40801987	-0.124166	-0.079510	-0.040429	-0.088825
chr3	40829638	42890046	-0.013173	-0.004368	-0.003131	0.010134
chr3	43022607	43707563	0.012275	0.007376	0.004321	0.010067
chr3	43722766	44753959	-0.176568	-0.069962	-0.039890	-0.141722
chr3	44927976	46118904	0.338630	0.137550	0.084156	0.289466
chr3	46169746	47312044	-0.067028	-0.027687	-0.016945	-0.039737
chr3	47372266	48409678	0.329791	0.165123	0.090467	0.246616
chr3	48413336	49552389	0.179322	0.083576	0.052274	0.159257
chr3	49596724	50205832	0.262814	0.175419	0.099901	0.207742
chr3	50206002	51571847	0.380977	0.198413	0.108088	0.353314
chr3	51611436	52225796	0.123894	0.080986	0.039035	0.089603
chr3	52225970	53075032	0.181599	0.107992	0.066009	0.152964
chr3	53075033	54019701	0.361422	0.212292	0.118193	0.279407
chr3	54020463	55174056	0.262171	0.136398	0.068744	0.200884
chr3	55174085	56270261	0.167835	0.091836	0.039705	0.135725
chr3	56336705	57177615	-0.117513	-0.087430	-0.039363	-0.113789
chr3	57188087	57781056	0.290545	0.125709	0.072945	0.264447
chr3	57782621	58584139	0.230901	0.110049	0.059080	0.195925
chr3	58620429	61067572	-0.121878	-0.032887	-0.019400	-0.091315
chr3	61112670	62933674	0.205470	0.102333	0.048767	0.180509
chr3	62947826	63953110	0.475401	0.214146	0.126381	0.443520
chr3	63953236	64461874	0.339899	0.346728	0.137827	0.280697
chr3	64462118	66476457	0.336598	0.143424	0.084929	0.263996
chr3	66479844	67137183	0.154027	0.083607	0.053672	0.115588
chr3	67145903	68306068	0.712998	0.394156	0.203451	0.664830
chr3	68306741	69551446	0.823806	0.377331	0.229444	0.743224
chr3	69570268	71944446	0.440227	0.142644	0.093147	0.351260
chr3	72064707	73842473	0.335425	0.133233	0.080910	0.268984
chr3	73854549	74983651	0.374441	0.168680	0.124573	0.283683
chr3	74983688	76075770	0.300328	0.140074	0.074609	0.216070
chr3	76093484	76864983	-0.256144	-0.116434	-0.068090	-0.209266
chr3	76865366	77770260	0.448672	0.205811	0.140771	0.373849
chr3	77785236	80185063	0.527972	0.287306	0.154974	0.498820
chr3	80188906	80957179	0.440885	0.292155	0.163222	0.400277
chr3	80964482	82323074	0.620666	0.318008	0.174586	0.591704
chr3	82331770	84026509	-0.219322	-0.161688	-0.082196	-0.139880
chr3	84045999	84719110	0.437182	0.261112	0.144595	0.403205
chr3	84773792	86770073	0.099962	0.033634	0.020937	0.077812
chr3	86797984	87606671	-0.014336	-0.010919	-0.005543	-0.011598
chr3	87610708	89572161	0.390557	0.182922	0.101981	0.319120
chr3	89586586	90890195	0.482130	0.311479	0.145650	0.450770
chr3	90890652	92592549	0.117956	0.047268	0.028260	0.103354
chr3	92645702	95708188	0.385355	0.168855	0.099153	0.324371
chr3	95716202	98113737	0.367130	0.204045	0.114512	0.286983
chr3	98113753	99752280	0.077419	0.037618	0.016921	0.063534
chr3	99774649	102735721	0.209895	0.086553	0.047986	0.167564
chr3	102809646	104283122	0.215857	0.126891	0.070806	0.184737
chr3	104641823	106003436	0.269690	0.136098	0.066700	0.241085
chr3	106038451	107661959	0.477001	0.205744	0.109638	0.433988
chr3	107664240	109318793	0.149617	0.062527	0.029032	0.112624
chr3	109319041	111714154	0.276935	0.095042	0.060165	0.250904
chr3	111774939	113088268	0.250820	0.155200	0.086421	0.202353
chr3	113202946	114007464	0.304703	0.188464	0.092766	0.251945
chr3	114047521	114895712	0.636303	0.379393	0.228640	0.562796
chr3	114898708	116047489	0.535392	0.271895	0.150739	0.464328
chr3	116065855	116917556	0.032470	0.019866	0.010007	0.023931
chr3	116931786	117660811	0.383068	0.282198	0.138762	0.334845
chr3	117663338	119148581	0.116657	0.047895	0.028607	0.093155
chr3	119188675	120621892	0.512706	0.229622	0.127629	0.397040
chr3	120633151	121906639	0.165494	0.102382	0.051611	0.128930
chr3	121928099	123054613	0.521936	0.269953	0.174816	0.416415
chr3	123095907	123954002	0.134713	0.065892	0.042024	0.138307
chr4	784749	4325902	0.174833	0.093806	0.045775	0.135228
chr4	4438683	6938882	0.255025	0.097175	0.057776	0.193363
chr4	6943747	7950143	0.027547	0.013581	0.008426	0.025147
chr4	7976243	10458290	0.152070	0.047309	0.028037	0.114539
chr4	10458326	11867529	0.594845	0.299792	0.183641	0.533765
chr4	11957706	13545905	0.079794	0.033009	0.019019	0.051855
chr4	13559795	15399143	0.442497	0.156075	0.103596	0.392924
chr4	15411592	16579333	0.080581	0.034499	0.022275	0.062304
chr4	16599701	17449900	0.127772	0.070907	0.033966	0.110821
chr4	17456981	19245282	0.218194	0.118258	0.061088	0.189905
chr4	19255781	20776446	0.281467	0.156560	0.091850	0.250883
chr4	20808437	21702790	0.112887	0.073824	0.033511	0.088350
chr4	21755462	23037615	0.314497	0.111495	0.079781	0.248329
chr4	23041409	24444809	-0.056263	-0.022819	-0.015832	-0.051707
chr4	24446144	25273422	0.610332	0.315136	0.231049	0.439670
chr4	25277853	28953724	0.152547	0.044748	0.028174	0.144894
chr4	28998250	29715840	-0.010363	-0.004995	-0.002987	-0.007874
chr4	29727360	30945771	0.472432	0.247557	0.149811	0.432245
chr4	30965436	32760030	0.112734	0.056233	0.033822	0.100028
chr4	32767916	33853719	0.574104	0.331064	0.228896	0.401285
chr4	33886694	34586697	0.362963	0.326259	0.177215	0.263795
chr4	34596740	36088657	0.411111	0.255929	0.124295	0.355500
chr4	36177403	38779701	0.361864	0.167089	0.111246	0.312139
chr4	39002084	41595409	0.140074	0.047613	0.031516	0.108888
chr4	41595422	42551474	0.630708	0.385206	0.213223	0.521692
chr4	42554113	44324544	0.175483	0.079255	0.037160	0.139785
chr4	44464785	46616577	0.658014	0.303883	0.184815	0.569336
chr4	46658161	47875217	0.835897	0.459626	0.258153	0.711226
chr4	47887365	48953123	0.205684	0.083042	0.055254	0.123082
chr4	48956479	50122509	0.341989	0.106061	0.072373	0.257029
chr4	50126130	53009432	0.218464	0.068038	0.039861	0.157713
chr4	53077691	54413342	-0.130504	-0.095742	-0.044384	-0.098778
chr4	54470820	56106376	0.131066	0.072749	0.039291	0.117773
chr4	56109532	57037267	0.104739	0.044409	0.023860	0.079542
chr4	57037417	58344123	0.004932	0.002081	0.001383	0.003651
chr4	58344230	59965359	0.242723	0.116427	0.074645	0.192792
chr4	59976567	60378183	-0.164768	-0.139271	-0.068205	-0.133707
chr4	60378291	61472339	0.478566	0.288263	0.147225	0.389245
chr4	61472860	64081836	0.334748	0.236389	0.133781	0.229544
chr4	64154217	66409580	0.534829	0.195270	0.124631	0.425532
chr4	66443508	68190446	0.528885	0.299539	0.185555	0.420168
chr4	68194792	70140289	0.442986	0.193651	0.126415	0.408888
chr4	70162330	70851627	0.483822	0.287666	0.184544	0.427144
chr4	70925210	72076587	0.355395	0.151173	0.100029	0.287748
chr4	72076592	73810460	0.276607	0.163278	0.086336	0.271220
chr4	73870869	75931329	0.201470	0.086984	0.062764	0.187914
chr4	75950303	77547478	-0.041310	-0.017497	-0.010454	-0.028110
chr4	77561517	80719022	0.070635	0.035502	0.018675	0.058129
chr5	35011	1916579	0.355702	0.153780	0.101933	0.262827
chr5	1926687	2850645	0.318807	0.201413	0.108171	0.303162
chr5	2850664	3607641	0.326332	0.151280	0.093691	0.238963
chr5	3607766	4140804	0.270154	0.151917	0.083366	0.234783
chr5	4165714	4841220	0.030030	0.016741	0.010543	0.028509
chr5	4845851	6012503	-0.014272	-0.005968	-0.003602	-0.008552
chr5	6013857	7304227	0.445990	0.176090	0.110168	0.318468
chr5	7306239	8339586	0.217881	0.093030	0.061141	0.184935
chr5	8345787	8757949	0.201528	0.133940	0.074743	0.161934
chr5	8766900	9488667	-0.164410	-0.073257	-0.036920	-0.150801
chr5	9520226	10383108	0.064078	0.032109	0.017298	0.054092
chr5	10399313	11679613	0.311321	0.106337	0.072655	0.257410
chr5	11680725	12728307	0.275141	0.118298	0.075306	0.226675
chr5	12840870	13425106	0.094085	0.063312	0.036194	0.087689
chr5	13496585	14507981	0.024087	0.008750	0.005581	-0.001095
chr5	14537657	15243400	0.155335	0.080815	0.048964	0.107510
chr5	15262580	16518072	0.108175	0.041723	0.023871	0.075723
chr5	16529654	18907136	0.228070	0.063725	0.046314	0.168361
chr5	18933244	21901578	0.204225	0.097989	0.060930	0.170445
chr5	21943513	22778322	-0.114286	-0.060581	-0.035411	-0.088235
chr5	22778762	24496402	0.114058	0.038924	0.023776	0.089663
chr5	24501862	26283619	0.404973	0.123644	0.080880	0.295912
chr5	26306480	28523431	0.272903	0.057698	0.042290	0.243567
chr5	28730906	30337954	0.227397	0.078972	0.048449	0.221039
chr5	30341855	31724009	-0.012448	-0.004857	-0.002659	-0.007287
chr5	31852145	33528169	0.447139	0.218685	0.135246	0.310334
chr5	33595143	36540942	-0.012058	-0.003785	-0.002450	-0.009973
chr5	36564713	39006195	0.009364	0.002745	0.001405	0.006808
chr5	39006201	39997753	0.611988	0.434683	0.228968	0.549200
chr5	40073429	41612189	0.434488	0.187548	0.102883	0.408558
chr5	41630316	43083671	-0.063063	-0.016301	-0.010291	-0.005068
chr5	43094911	44814679	-0.010954	-0.004358	-0.002324	-0.002979
chr5	44931035	46225760	0.242771	0.152465	0.072178	0.193614
chr5	46393967	48498590	-0.004831	-0.001683	-0.001091	-0.003425
chr5	48499024	49997728	0.518621	0.251342	0.137495	0.465018
chr5	49998839	51760851	0.319072	0.167904	0.104959	0.268875
chr5	51811329	53125273	0.149489	0.060623	0.033131	0.137414
chr5	53167832	54870928	0.374311	0.225227	0.108478	0.327748
chr5	54873927	57091903	0.290753	0.116279	0.056560	0.197156
chr5	57092880	58976347	0.111485	0.051033	0.030812	0.099849
chr5	58976787	59904701	0.164095	0.087772	0.051900	0.108837
chr5	59917662	61335260	0.522047	0.340062	0.199188	0.433547
chr5	61343893	61996964	0.428341	0.265516	0.165342	0.314184
chr5	62021511	63436023	0.078828	0.035230	0.021944	0.046373
chr5	63436196	64961538	0.325686	0.134952	0.078853	0.264912
chr5	64962710	66198140	0.025868	0.015217	0.006790	0.020971
chr5	66212751	67131529	0.154010	0.074699	0.042666	0.132994
chr5	67133884	68030847	0.133356	0.102452	0.042424	0.114839
chr5	68031785	69197870	0.462937	0.213581	0.142395	0.396146
chr5	69203381	70121685	0.208977	0.114701	0.063372	0.165405
chr6	458283	1538307	0.185834	0.123451	0.054801	0.146283
chr6	1550114	2782647	0.095200	0.051117	0.023386	0.081507
chr6	2804221	4530448	0.327065	0.158840	0.097247	0.226150
chr6	4610774	5484923	0.125630	0.069494	0.039584	0.088202
chr6	5508934	6073178	0.534729	0.266288	0.161634	0.341019
chr6	6073184	7357917	0.328993	0.227335	0.125487	0.283926
chr6	7360562	8415659	0.507750	0.270656	0.170076	0.333951
chr6	8415667	9001107	0.137500	0.079831	0.046186	0.096491
chr6	9007206	10167667	0.477308	0.149705	0.084417	0.282669
chr6	10171943	10971398	0.314449	0.213810	0.119910	0.228850
chr6	11067203	11743020	0.410006	0.207108	0.129378	0.340064
chr6	11759499	12655669	0.518470	0.314904	0.168579	0.460727
chr6	12663312	13724177	0.122536	0.064853	0.032911	0.088710
chr6	13750984	14745580	0.537447	0.222594	0.126193	0.434614
chr6	14767508	15695621	0.659937	0.498570	0.232755	0.565566
chr6	15705827	16348176	0.250711	0.123368	0.059579	0.212966
chr6	16358843	18673681	0.227067	0.090593	0.051947	0.199387
chr6	18702084	19768225	0.324389	0.229391	0.104646	0.273279
chr6	19768244	20579787	0.689133	0.306914	0.211948	0.507246
chr6	20650872	21332063	0.441984	0.180318	0.105467	0.390149
chr6	21332108	22915295	0.538659	0.364346	0.169478	0.511147
chr6	22925789	24438253	0.520980	0.399953	0.213479	0.477407
chr6	24438727	25083236	0.081676	0.049804	0.029889	0.049694
chr6	25104957	26154674	0.208384	0.077795	0.049949	0.149529
chr6	26161499	27465861	0.654461	0.255872	0.160129	0.538462
chr6	27527348	32112133	0.289139	0.116116	0.078625	0.195941
chr6	32123525	34199085	-0.304047	-0.203906	-0.101936	-0.207379
chr6	34215964	37283461	-0.034879	-0.015454	-0.007719	-0.019583
chr6	37569118	39242946	0.372439	0.173889	0.108130	0.270026
chr6	39247358	40209984	0.136476	0.063805	0.037608	0.115065
chr6	40218497	41160140	0.355637	0.186583	0.114101	0.257344
chr6	41179155	41682260	0.461075	0.322600	0.191600	0.334345
chr6	41683786	42690218	0.234081	0.083783	0.053906	0.188761
chr6	42695759	44191934	0.087074	0.026821	0.017536	0.076676
chr6	44200684	45219898	0.243337	0.118958	0.067647	0.156566
chr6	45231927	45566818	0.391366	0.274731	0.147784	0.332236
chr6	45581630	46045880	0.443297	0.264130	0.139233	0.299968
chr6	46050823	47158296	0.664224	0.350995	0.169471	0.572659
chr6	47158544	47706985	0.343313	0.208991	0.100482	0.236752
chr6	47725244	48116092	0.280755	0.192796	0.092751	0.219340
chr6	48120495	48786252	0.256429	0.131080	0.070377	0.170680
chr6	48786282	49745004	0.207642	0.101248	0.050553	0.151345
chr6	49759238	50764529	0.232106	0.134307	0.072340	0.174593
chr6	50808414	51624464	0.108898	0.049893	0.030196	0.092624
chr7	232433	975438	0.367879	0.245646	0.106139	0.316972
chr7	1038298	1867461	0.137419	0.073107	0.041399	0.120938
chr7	1867462	2756540	0.083622	0.032927	0.019311	0.064056
chr7	2782212	3732778	0.153108	0.059003	0.035483	0.111449
chr7	3732846	4444711	-0.057154	-0.025108	-0.015164	-0.039880
chr7	4471796	5479125	0.559777	0.288872	0.163512	0.473488
chr7	5480925	6252568	0.221462	0.105757	0.058803	0.181788
chr7	6259779	8227084	0.245867	0.131695	0.081119	0.234001
chr7	8235164	8845256	0.589356	0.214129	0.149785	0.516839
chr7	8861264	9254585	0.323910	0.223150	0.090930	0.283392
chr7	9260900	10877849	0.065667	0.025010	0.012934	0.067399
chr7	10880582	11854828	0.669128	0.326725	0.223618	0.582373
chr7	11866106	14378850	0.123275	0.027041	0.020854	0.097525
chr7	14422666	15362523	0.458318	0.214999	0.136208	0.337586
chr7	15419415	18433187	0.567554	0.217456	0.132659	0.538099
chr7	18438478	19437010	0.564479	0.338975	0.166250	0.473752
chr7	19442537	21857888	0.386721	0.155587	0.099634	0.279709
chr7	21864975	23706114	0.236962	0.114198	0.080025	0.168084
chr7	23780417	26488688	0.327989	0.208537	0.135598	0.271271
chr7	26499112	28513092	0.023619	0.011958	0.007127	0.017833
chr7	28526057	29487595	0.172414	0.095818	0.052496	0.152672
chr7	29496506	31479061	0.120370	0.035524	0.024170	0.088435
chr7	31489013	33129890	0.145603	0.069336	0.036011	0.101576
chr7	33131272	34173216	0.138454	0.071555	0.043068	0.091958
chr7	34179862	34637219	0.354946	0.145180	0.096265	0.272727
chr7	34667562	35196040	0.290072	0.132812	0.085584	0.198444
chr7	35209468	35877044	0.605973	0.413001	0.267205	0.498810
chr7	35877572	36584665	0.018423	0.008402	0.005009	0.034733
chr7	36602582	37806906	0.439971	0.242339	0.139411	0.369392
chr7	37823107	39289660	0.422354	0.165056	0.086613	0.400187
chr7	39294525	40489182	0.244086	0.109748	0.059033	0.201470
chr7	40496883	41056978	-0.067703	-0.032818	-0.016858	-0.046726
chr7	41063005	41761046	0.028265	0.017277	0.008833	0.036520
chr7	41776364	42967910	0.516543	0.175298	0.087002	0.403242
chr7	42989458	44254359	0.650080	0.262921	0.155709	0.527284
chr7	44283381	45442756	0.393469	0.132791	0.077581	0.256346
chr7	45442853	45938572	0.290763	0.151782	0.063281	0.222086
chr7	45941163	46807677	0.259786	0.144052	0.069291	0.187796
chr7	46807685	47427912	0.569102	0.314091	0.193457	0.465347
chr8	572476	1561436	-0.040678	-0.025030	-0.011527	-0.007472
chr8	1567408	2422099	0.505282	0.274041	0.143217	0.453592
chr8	2434933	2923584	0.495492	0.298395	0.173650	0.403834
chr8	2924259	3764447	0.408926	0.211246	0.122968	0.331462
chr8	3798735	4453515	0.058960	0.031496	0.015815	0.049869
chr8	4465776	5073635	0.306048	0.178509	0.094860	0.244141
chr8	5103601	5519127	0.210892	0.107275	0.062994	0.129860
chr8	5528008	5910828	-0.101245	-0.067329	-0.032088	-0.069397
chr8	5957970	6492006	-0.183935	-0.081823	-0.041623	-0.125000
chr8	6500165	7180411	0.074594	0.039599	0.021601	0.063547
chr8	7180599	7566055	0.373166	0.213942	0.112801	0.262279
chr8	7567818	8188353	-0.007273	-0.004662	-0.002244	-0.016232
chr8	8188360	8633750	0.153045	0.092271	0.050845	0.105638
chr8	8633814	9485325	0.265097	0.146454	0.077487	0.232426
chr8	9495701	10389411	0.681023	0.290742	0.200426	0.547945
chr8	10399988	12303620	-0.137143	-0.046207	-0.024702	-0.089021
chr8	12303679	13080821	0.224868	0.205749	0.073418	0.169745
chr8	13123885	14895789	0.341705	0.117420	0.061632	0.285635
chr8	14923291	16219996	0.685318	0.439906	0.194797	0.618904
chr8	16244702	18111975	0.540436	0.205041	0.115114	0.491794
chr8	18117815	21876834	0.212132	0.083129	0.055502	0.181618
chr8	21883840	24842304	0.118676	0.059693	0.029517	0.098567
chr8	24849423	26250427	0.084752	0.051219	0.026678	0.068216
chr8	26255703	28461663	0.555900	0.249264	0.160252	0.470516
chr8	28461772	29933077	0.339425	0.135706	0.084978	0.263739
chr8	29939741	31054935	0.538136	0.224382	0.167664	0.467255
chr8	31060819	32281139	0.709129	0.283829	0.190277	0.552909
chr8	32309940	33242355	0.177376	0.093452	0.051237	0.154818
chr8	33363017	34131358	0.211087	0.082308	0.053886	0.172844
chr8	34141854	34633235	0.588856	0.298396	0.183239	0.448763
chr8	34636922	35678937	0.397361	0.120753	0.086970	0.292973
chr8	35716915	36410297	0.336258	0.134377	0.091600	0.268990
chr8	36415095	37162852	0.227651	0.103250	0.063985	0.170970
chr8	37173925	37778127	0.577896	0.211811	0.137298	0.401501
chr8	37829832	38522520	0.695550	0.262020	0.163052	0.532860
chr8	38527395	38884540	0.485335	0.234381	0.167128	0.371921
chr8	38889919	40148501	0.238926	0.073340	0.047907	0.163496
chr8	40167189	40481502	0.069682	0.043073	0.026851	0.048682
chr8	40483230	41271054	0.725751	0.437324	0.244993	0.661580
chr8	41275113	41839871	0.398426	0.216983	0.140108	0.337353
chr8	41843062	42734473	0.046503	0.020144	0.012693	0.046947
chr8	42793507	43457289	0.364545	0.225339	0.136266	0.254907
chr9	996477	2308868	0.475504	0.312401	0.157268	0.335294
chr9	2317613	3328748	0.214286	0.099582	0.066170	0.149456
chr9	3370065	4011281	0.540975	0.242561	0.151792	0.434923
chr9	4014146	4782233	0.168249	0.085936	0.040232	0.142857
chr9	4785989	5591068	-0.015690	-0.012760	-0.005054	-0.011954
chr9	5650535	6856618	0.283814	0.152836	0.091767	0.236462
chr9	6859993	8677112	0.073983	0.021679	0.013713	0.063819
chr9	8684473	10389818	0.387904	0.136709	0.089686	0.288621
chr9	10393769	10806661	0.443550	0.293826	0.167882	0.391271
chr9	10830703	11399230	0.226779	0.124772	0.081739	0.193565
chr9	11417355	11905186	0.387696	0.217261	0.118024	0.292131
chr9	11916936	12762191	0.401008	0.173197	0.104926	0.304205
chr9	12765974	13687132	0.404230	0.164742	0.103579	0.321894
chr9	13688186	14390770	0.516817	0.216351	0.123317	0.397276
chr9	14398935	15545498	0.273316	0.155605	0.078400	0.196412
chr9	15546985	16520204	0.005000	0.002636	0.001491	0.004032
chr9	16544549	17284868	0.166522	0.099069	0.049792	0.117477
chr9	17314577	19070371	0.178621	0.060883	0.037981	0.134589
chr9	19111197	21826743	-0.101505	-0.029255	-0.017127	-0.076833
chr9	21934697	26217294	0.460285	0.127804	0.084867	0.376040
chr9	26300278	27505523	0.428238	0.297811	0.140675	0.380437
chr9	27525728	28648376	0.494041	0.248366	0.138518	0.406417
chr9	28648387	29400664	0.246345	0.133406	0.092107	0.202551
chr9	29450246	30906162	0.220138	0.099972	0.063624	0.211538
chr9	30909110	31604742	-0.214656	-0.075174	-0.049174	-0.167339
chr9	31614867	32550791	0.360066	0.202722	0.120452	0.330977
chr9	32552434	33633351	0.108881	0.041002	0.024560	0.090014
chr9	33633496	34881326	-0.143024	-0.062832	-0.036136	-0.104113
chr9	34910818	35517386	0.053787	0.033500	0.019935	0.043789
chr9	35534460	36221461	0.146804	0.091792	0.051554	0.119246
chr9	36221629	37345135	0.095194	0.058105	0.029104	0.072741
chr9	37371031	38384077	0.479530	0.198701	0.119602	0.330135
chr9	38402514	39170707	0.138750	0.068803	0.036693	0.095832
chr9	39197009	40052740	0.179462	0.094637	0.053327	0.151734
chr9	40066021	41089555	0.367153	0.171658	0.102397	0.325821
chr9	41107553	42598709	-0.104913	-0.068261	-0.029575	-0.091817
chr10	856759	6494995	0.105682	0.033507	0.021562	0.099735
chr10	6571550	8939204	0.198115	0.070314	0.041935	0.123855
chr10	9054977	12761341	0.402887	0.120856	0.083454	0.313442
chr10	12857175	15053721	0.392044	0.153781	0.099818	0.352159
chr10	15059423	16069036	0.361084	0.220016	0.120303	0.298785
chr10	16084056	17279524	0.671133	0.391494	0.268654	0.587647
chr10	17306691	19253793	0.518193	0.298755	0.166324	0.384475
chr10	19257906	19742126	0.215504	0.154357	0.083838	0.173900
chr10	19742127	21443168	0.337467	0.136142	0.088733	0.259148
chr10	21444791	23647501	0.128771	0.050879	0.025165	0.102399
chr10	23673894	25242911	0.341655	0.173834	0.097131	0.276719
chr10	25267048	26152349	0.506844	0.318662	0.180930	0.465084
chr10	26153954	26853730	0.108016	0.066713	0.037901	0.071375
chr10	26864671	27630600	0.043575	0.019618	0.009759	0.024134
chr10	27633262	28424426	0.795642	0.455223	0.287485	0.711216
chr10	28438849	30199931	0.168809	0.092341	0.054646	0.153925
chr10	30215733	31047977	0.633166	0.191315	0.122580	0.396725
chr10	31058549	31840790	0.390099	0.217295	0.120785	0.300478
chr10	31858331	33184019	0.320172	0.145080	0.086338	0.235516
chr10	33207413	33828430	-0.100251	-0.039971	-0.022989	-0.060790
chr10	33829186	34668887	0.247796	0.074874	0.048570	0.180546
chr10	34756250	35905248	0.188795	0.098405	0.042901	0.140716
chr10	35938923	36811098	-0.033854	-0.017557	-0.010047	-0.029555
chr10	36813183	37785065	0.117556	0.075029	0.032512	0.112851
chr10	37851451	39073963	0.252004	0.113288	0.068202	0.202044
chr10	39080342	39672400	0.246830	0.114009	0.068439	0.194930
chr10	39678472	41172419	0.144034	0.068992	0.030556	0.099050
chr11	2596522	3633601	0.362589	0.115880	0.065645	0.213021
chr11	3666600	4166944	-0.007013	-0.003423	-0.002044	-0.003413
chr11	4167007	4700670	0.346078	0.156472	0.106776	0.235648
chr11	4700801	5634571	0.234713	0.111160	0.064000	0.220418
chr11	5639840	6217294	0.218415	0.122363	0.071018	0.171243
chr11	6244905	7298574	0.564636	0.270484	0.154793	0.486763
chr11	7380782	7772705	0.120476	0.048239	0.031584	0.089853
chr11	7789629	8286840	0.256990	0.141233	0.074119	0.180937
chr11	8286886	8971774	-0.022239	-0.009313	-0.005679	-0.020188
chr11	8971802	9667234	0.053313	0.034780	0.018221	0.051460
chr11	9707860	10448302	0.481196	0.197519	0.125535	0.432784
chr11	10448353	11183356	0.199175	0.113141	0.051111	0.158001
chr11	11188768	11617644	0.376543	0.162927	0.105482	0.217754
chr11	11617885	12388925	0.308575	0.193235	0.088712	0.254840
chr11	12413491	13699863	0.525920	0.154129	0.109363	0.381443
chr11	13702745	14741079	0.193276	0.110421	0.055223	0.155089
chr11	14741536	15714340	-0.286007	-0.113777	-0.066508	-0.206510
chr11	15783543	16545565	0.118724	0.086707	0.037577	0.089335
chr11	16546045	17516053	0.692152	0.314576	0.193805	0.553414
chr11	17546800	18173667	0.661180	0.331328	0.160989	0.504712
chr11	18200274	19883517	0.529412	0.261735	0.139925	0.492795
chr11	20133911	23238511	-0.277446	-0.072553	-0.043557	-0.185276
chr11	23239128	26883874	-0.024723	-0.008099	-0.005466	-0.003873
chr11	26883888	27827120	0.258320	0.152242	0.090505	0.180599
chr11	27839282	28369547	0.273052	0.171942	0.089903	0.200309
chr11	28415387	29355601	-0.024476	-0.014355	-0.006965	-0.015005
chr11	29355647	29839567	0.332205	0.277925	0.128657	0.262659
chr11	29906734	30702770	0.147805	0.096477	0.045370	0.116619
chr11	30723197	31237081	0.451160	0.194638	0.131595	0.308050
chr11	31238016	31827102	0.276982	0.181420	0.082586	0.195946
chr11	31854579	32484058	0.645504	0.349909	0.243972	0.543896
chr11	32491007	33440352	0.526506	0.261207	0.176566	0.393339
chr11	33454125	34106703	0.260280	0.108823	0.073366	0.184379
chr11	34114655	34750327	0.374831	0.202485	0.119758	0.263058
chr11	34750882	35431840	0.356641	0.188695	0.092386	0.297996
chr11	35439641	36344359	0.171946	0.099785	0.052562	0.128615
chr11	36352156	36963473	0.064910	0.039352	0.020026	0.058100
chr11	36966950	38130232	0.225673	0.109375	0.061246	0.168378
chr12	2800284	4037272	0.387113	0.207506	0.124857	0.272025
chr12	4310591	8062359	-0.091333	-0.021814	-0.013277	-0.069836
chr12	8083150	9822879	0.499795	0.216812	0.132450	0.400000
chr12	9824628	10979001	0.415501	0.235547	0.130766	0.342295
chr12	10997174	12459948	0.387865	0.182049	0.112972	0.349156
chr12	12508706	14527148	0.648998	0.267585	0.168459	0.536648
chr12	14569214	16153756	0.008942	0.002684	0.001716	0.006000
chr12	16165249	17221030	0.457374	0.225705	0.154611	0.313102
chr12	17230294	18139771	0.058898	0.043141	0.023639	0.042625
chr12	18184975	19858000	0.336207	0.080717	0.060041	0.239264
chr12	19913081	20515160	-0.188703	-0.082077	-0.048881	-0.150548
chr12	20515707	21631269	0.214223	0.110268	0.063114	0.182331
chr12	21631270	22592966	0.634815	0.388151	0.221626	0.562463
chr12	22599687	23209719	0.681513	0.322252	0.226094	0.587764
chr12	23213447	23828895	0.327573	0.094730	0.061130	0.226507
chr12	23829814	24708371	0.524584	0.180370	0.126342	0.361796
chr12	24793331	25472086	0.029925	0.012278	0.008546	0.022099
chr12	25495499	26086698	-0.162981	-0.077642	-0.040289	-0.163989
chr12	26093923	27022726	0.441112	0.189072	0.100110	0.353107
chr12	27026940	27663026	0.290720	0.208104	0.097344	0.240216
chr12	27665828	29208956	0.199863	0.099940	0.052553	0.155674
chr12	29209874	29731420	-0.077877	-0.041392	-0.021448	-0.061253
chr12	29746436	30468351	0.130584	0.094379	0.053166	0.110100
chr12	30490148	30923302	0.205470	0.124361	0.080167	0.170394
chr12	30927164	31440535	0.398248	0.215889	0.133494	0.320924
chr12	31442876	31713853	-0.007253	-0.002678	-0.001838	-0.019652
chr12	31715933	32138337	0.510963	0.256521	0.158791	0.381223
chr12	32156398	33375457	-0.000363	-0.000182	-0.000092	-0.000294
chr12	33381580	35312185	0.481390	0.172737	0.110859	0.401385
chr13	1814743	2559031	0.513643	0.304120	0.159045	0.433257
chr13	2581727	3390701	0.307813	0.181146	0.084392	0.243736
chr13	3391962	4125024	-0.081614	-0.050567	-0.023013	-0.058089
chr13	4125060	4811104	0.021515	0.011580	0.005525	-0.001947
chr13	4841586	5496093	0.201204	0.090727	0.050152	0.196626
chr13	5520892	6490507	0.203187	0.073925	0.044211	0.167139
chr13	6501108	7217550	0.228244	0.138991	0.080859	0.172739
chr13	7352743	8147578	0.144939	0.042716	0.024467	0.106421
chr13	8183305	8790576	0.124704	0.052474	0.030847	0.101870
chr13	8812588	9512324	0.224160	0.143793	0.065999	0.173985
chr13	9528547	10705751	0.114790	0.050988	0.028396	0.086181
chr13	10707167	11746966	0.006167	0.002889	0.001613	-0.011417
chr13	11747720	12346105	0.136382	0.078751	0.038303	0.105832
chr13	12349219	12947999	0.366337	0.209261	0.113053	0.328342
chr13	12999037	14207085	0.545942	0.180667	0.116118	0.457893
chr13	14221795	16521029	0.060465	0.022340	0.014676	0.046686
chr13	16611587	19054459	0.422022	0.147114	0.086271	0.313395
chr13	19194327	20454588	-0.033301	-0.013412	-0.008752	-0.024113
chr13	20468708	21565854	-0.187722	-0.135755	-0.059721	-0.128294
chr13	21582194	22604187	0.027778	0.022868	0.006937	0.013841
chr13	22613694	23555805	0.522707	0.332390	0.206146	0.361676
chr13	23563001	24059017	0.310516	0.170949	0.090826	0.188373
chr13	24059075	25189780	0.472036	0.197344	0.114761	0.327198
chr13	25189791	26328655	-0.141773	-0.075178	-0.036563	-0.147105
chr13	26336944	27585346	0.113409	0.059251	0.032858	0.103786
chr13	27585475	28057279	0.170691	0.105643	0.057755	0.114304
chr13	28057841	28610376	0.249756	0.151186	0.065158	0.203770
chr13	28612657	29206763	0.096136	0.055120	0.029369	0.078462
chr13	29214690	29789743	-0.135887	-0.096534	-0.042592	-0.097501
chr13	29811548	30531476	-0.000742	-0.000380	-0.000205	-0.003670
chr13	30534746	31091008	0.379264	0.225213	0.129482	0.233570
chr13	31092308	31902727	0.192948	0.093708	0.054954	0.130173
chr13	31912340	32684529	0.434480	0.244295	0.131201	0.384818
chr13	32686831	33271993	0.162066	0.103678	0.048850	0.134756
chr14	391269	1929832	0.174733	0.069055	0.045905	0.139581
chr14	1929888	2818769	0.174136	0.084332	0.045479	0.145617
chr14	2838615	4684787	0.444408	0.162325	0.106419	0.377166
chr14	4700041	5611314	0.092732	0.028612	0.020555	0.061873
chr14	5615347	6471443	0.082569	0.030618	0.018877	0.046270
chr14	6474836	7913607	-0.027768	-0.010084	-0.006109	-0.026161
chr14	7919643	8889871	0.348277	0.147618	0.084682	0.298709
chr14	8902160	9484185	0.200878	0.074877	0.046761	0.138531
chr14	9484677	10515176	0.385321	0.181524	0.115610	0.301056
chr14	10515772	11266614	0.036822	0.019333	0.008729	0.027917
chr14	11268715	12178175	0.375049	0.169633	0.105631	0.300157
chr15	397507	1291143	0.176317	0.087397	0.054011	0.126602
chr15	1395183	2557339	0.133946	0.051898	0.032808	0.102480
chr15	2601544	3286371	0.082670	0.036366	0.019982	0.077963
chr15	3306935	3979995	0.248055	0.113114	0.061360	0.223064
chr15	4029952	4891213	0.157529	0.059887	0.028765	0.119126
chr15	4896668	5389473	0.014305	0.008506	0.004150	0.039580
chr15	5392160	5713087	0.282496	0.174240	0.106098	0.175963
chr15	5728306	6363333	0.267631	0.128428	0.079536	0.225335
chr15	6383677	6897719	0.048276	0.032243	0.014930	0.042169
chr15	6911623	7532840	0.237347	0.105652	0.067695	0.180851
chr15	7532970	8356613	0.568519	0.310989	0.203083	0.442372
chr15	8359888	9417481	0.232597	0.110028	0.061308	0.159050
chr15	9452523	10805516	0.373511	0.191631	0.122210	0.295292
chr15	10806448	11797221	0.376480	0.183136	0.102953	0.254478
chr15	11803825	12474524	0.334852	0.198649	0.113636	0.232115
chr16	431406	1384884	0.267067	0.143643	0.071107	0.228701
chr16	1411992	2822040	0.507301	0.279148	0.130071	0.358962
chr16	2833150	5202489	0.168734	0.035402	0.021091	0.122722
chr16	5213419	6604942	0.351339	0.160933	0.077534	0.228050
chr16	6652278	8575147	0.580268	0.227076	0.136301	0.445584
chr16	8678566	9288155	0.016743	0.010409	0.004476	0.011869
chr17	304642	718968	0.328778	0.145635	0.099151	0.250315
chr17	722243	1468306	0.369752	0.145879	0.094726	0.280614
chr17	1470757	2402234	0.257044	0.124626	0.069848	0.193492
chr17	2516499	3438460	0.356777	0.165579	0.088226	0.303591
chr17	3441097	4195334	0.435252	0.202482	0.127828	0.414384
chr17	4211229	4996632	0.067174	0.035985	0.017947	0.043062
chr17	4999125	6360194	0.542905	0.170673	0.107561	0.451116
chr17	6374495	7878587	0.358562	0.134373	0.087277	0.263012
chr18	955710	2591436	0.362111	0.137610	0.089072	0.295488
chr18	2596667	3700774	0.293256	0.147879	0.084865	0.236357
chr18	3743385	4554493	0.024990	0.011168	0.007163	0.015902
chr18	4554901	5233504	0.721034	0.456949	0.289813	0.583589
chr18	5248928	5805176	-0.168255	-0.153555	-0.057199	-0.129382
chr18	5806346	6566910	0.359144	0.283619	0.140916	0.308295
chr18	6662666	7570721	0.224191	0.099080	0.052160	0.150969
chr19	1926704	3095374	-0.019591	-0.008940	-0.004695	-0.016336
chr19	3106204	4170896	-0.083398	-0.060708	-0.023663	-0.039282
chr19	4181522	5593692	-0.019461	-0.007541	-0.004614	-0.023697
chr19	5593770	6436877	0.391908	0.212336	0.122642	0.318021
chr19	6460118	7211074	0.273263	0.144759	0.083936	0.231969
chr20	344148	1417061	0.321864	0.189051	0.083029	0.236116
chr20	1481046	2567375	0.366510	0.215564	0.115041	0.278518
chr20	2577454	3293841	0.232725	0.103593	0.061825	0.160915
chr20	3293979	4002178	0.523810	0.213770	0.136597	0.425414
chr20	4009302	4820312	0.497409	0.259873	0.157514	0.431975
chr20	4825230	5450062	0.373234	0.233611	0.111998	0.315758
chr20	5494528	6457901	0.375314	0.208314	0.098366	0.271736
chr21	97788	1220150	0.012788	0.006572	0.003504	0.004310
chr21	1223672	2951853	0.002722	0.000904	0.000537	0.008683
chr21	2953043	4574098	0.275557	0.103085	0.056122	0.256973
chr21	4657191	5997298	0.209705	0.081317	0.049396	0.180825
chr21	5997299	6913177	0.333333	0.149601	0.106519	0.247967
chr22	1202786	2447787	0.056832	0.025791	0.016032	0.044805
chr22	2448015	3264035	0.688151	0.405216	0.218262	0.612003
chr22	3270721	4368433	0.203042	0.091410	0.053050	0.179113
chr22	4400611	5464378	0.039356	0.014760	0.008029	-0.005851
chr23	104056	1016186	0.126008	0.057447	0.031997	0.104132
chr23	1030698	1984671	0.397911	0.189421	0.114387	0.348730
chr24	492890	1310636	0.135409	0.080595	0.037297	0.102281
chr24	1332347	2454255	0.138662	0.053708	0.032881	0.106177
