#Position (bp)	Coverage
1473116.5	15.301191148558566
4419348.5	15.157367444247432
7365580.5	14.219423657064345
1.03118125E7	11.409580100956068
1.32580445E7	12.720752133572645
1.62042765E7	13.680258038063533
1.91505085E7	10.28019653577858
2.20967405E7	12.270648747281273
2.50429725E7	12.127788646651045
2.79892045E7	12.352877505912637
3.09354365E7	11.869656564724027
3.38816685E7	12.697139940099762
3.68279005E7	13.135435023446897
3.97741325E7	12.958979129953105
4.27203645E7	12.912185123235373
4.56665965E7	10.318826555410435
4.86128285E7	12.593837145207845
5.15590605E7	12.628040833172676
5.45052925E7	14.844654799757793
5.74515245E7	15.84787382663687
6.03977565E7	13.615705416274075
6.33439885E7	14.075423795546312
6.62902205E7	14.196329073881486
6.92364525E7	13.26676582156463
7.21826845E7	12.962282332144923
7.51289165E7	23.80066573168712
7.80751485E7	13.668150369692542
8.10213805E7	12.989675626359363
8.39676125E7	13.426434849665608
8.69138445E7	14.553839955577157
8.98600765E7	15.414890273406847
9.28063085E7	13.54252143076309
9.57525405E7	12.92226681401872
9.86987725E7	12.068936186966946
1.016450045E8	13.518050513333641
1.045912365E8	11.112100472739417
1.075374685E8	12.169758864882331
1.104837005E8	9.982746436804705
1.134299325E8	13.600427936428632
1.163761645E8	13.876603064524451
1.193223965E8	14.56554677296289
1.222686285E8	14.29115629726376
1.252148605E8	11.546832700208267
1.281610925E8	11.875954778849731
1.311073245E8	13.546716280320084
1.340535565E8	13.418730772050537
1.369997885E8	12.277556553591163
1.399460205E8	11.448439566198452
1.428922525E8	13.432942144406821
1.458384845E8	13.501527035209719
1.487847165E8	14.195763945269755
1.517309485E8	13.071699716790803
1.546771805E8	10.845251494111801
1.576234125E8	13.177296628371424
1.605696445E8	11.31958311497533
1.635158765E8	9.462559296077158
1.664621085E8	9.877725175749907
1.694083405E8	12.509913679574453
1.723545725E8	10.632588336560053
1.753008045E8	9.777624436907887
1.782470365E8	10.4335208496819
1.811932685E8	12.66216238232427
1.841395005E8	13.886314451815064
1.870857325E8	13.373313099579395
1.900319645E8	12.736271617442211
1.929781965E8	13.960081555016712
1.959244285E8	13.327663944998221
1.988706605E8	12.621794549784267
2.018168925E8	12.400107323523741
2.047631245E8	15.458192701728853
2.077093565E8	15.19790430624608
2.106555885E8	13.988895986466781
2.136018205E8	13.525624933813766
2.154737165E8	13.323689753748933
2.169468325E8	14.178692234086915
2.194942845E8	13.648873544242273
2.224405165E8	14.849736205431208
2.253867485E8	13.410994789276609
2.283329805E8	12.387873731600227
2.312792125E8	13.335727125358764
2.342254445E8	13.37753340538016
2.371716765E8	12.562974674092196
2.401179085E8	12.580638591937092
2.430641405E8	13.119822539433418
2.460103725E8	11.03265866367618
2.489566045E8	12.39838614202819
2.519028365E8	12.866641187795123
2.548490685E8	12.824695407557856
2.577953005E8	12.966667594405328
2.607415325E8	13.422596048104834
2.636877645E8	12.854564406333242
2.666339965E8	13.543075698044145
2.695802285E8	13.373375891647365
2.725264605E8	13.571842611172508
2.754726925E8	11.68880794180499
2.784189245E8	17.05442952218291
2.813651565E8	16.34172970764013
2.843113885E8	14.193743058930865
2.872576205E8	14.083755454424498
2.902038525E8	13.67508329282962
2.931500845E8	11.916348067633507
2.960963165E8	10.44674078619742
2.990425485E8	11.397699502279522
3.019887805E8	12.041166479761268
3.049350125E8	12.439188427795232
3.078812445E8	11.93465280398828
3.108274765E8	12.539059381610137
3.137737085E8	12.123924388846499
3.167199405E8	13.650640546976613
3.196661725E8	10.038341176119193
3.226124045E8	11.327546167443705
3.255586365E8	12.91313956266852
3.285048685E8	13.085295048047811
3.314511005E8	13.071814779012652
3.343973325E8	13.00439680242425
3.373435645E8	11.65136927438165
3.402897965E8	12.875224354361775
3.432360285E8	12.740928412969515
3.461822605E8	12.047970764013153
3.491284925E8	12.078085160978498
3.520747245E8	11.708811458160797
3.550209565E8	14.082915058963449
3.579671885E8	13.068828591909938
3.609134205E8	12.022539297652052
3.638596525E8	11.081493242894654
3.668058845E8	14.66360320572175
3.697521165E8	14.379074017253224
3.726983485E8	12.882299493047391
3.756445805E8	13.594729810822773
3.785908125E8	14.343372483904865
3.804938555E8	14.33483475101587
3.819669715E8	19.897016743849868
3.844832765E8	13.071108792518716
3.874295085E8	15.159728765419695
3.903757405E8	12.885833837932655
3.933219725E8	14.712048134702224
3.962682045E8	14.606561194094695
3.992144365E8	14.507182054909457
4.021606685E8	14.464468174943454
4.051069005E8	13.115743091514856
4.080531325E8	12.756181454820938
4.109993645E8	13.01688292028598
4.139455965E8	13.745680245140234
4.168918285E8	13.364510669899722
4.198380605E8	16.85788254285474
4.227842925E8	11.521353376108873
4.257305245E8	13.97699705929472
4.286767565E8	13.40603217940746
4.316229885E8	12.679712256197067
4.345692205E8	12.747987938492285
4.375154525E8	13.424183838883021
4.404616845E8	12.782514751044724
4.434079165E8	13.625822066965535
4.463541485E8	12.832549846719472
4.493003805E8	12.931474167682653
4.522466125E8	12.509664547802075
4.551928445E8	12.979322062892535
4.581390765E8	12.741897447315758
4.610853085E8	11.719997610507251
4.640315405E8	11.205817125060078
4.669777725E8	13.79570889189989
4.699240045E8	12.864239136632824
4.728702365E8	12.553281615297099
4.758164685E8	10.104356004550898
4.787627005E8	16.232348979985282
4.817089325E8	11.077333692662357
4.846551645E8	12.202183670532396
4.876013965E8	12.520742765674937
4.905476285E8	13.356974942910131
4.934938605E8	12.06750215190114
4.964400925E8	13.424812777812473
4.993863245E8	13.878250932037938
5.023325565E8	13.94959731616519
5.05119797E8	14.317195973440873
5.06592913E8	14.442809835745937
5.082250205E8	13.499195922113397
5.111712525E8	12.009913679574453
5.141174845E8	12.976609784972807
5.170637165E8	11.237584820204248
5.200099485E8	12.63611826902973
5.229561805E8	12.5095396424993
5.259024125E8	14.402326429147466
5.288486445E8	14.526048865126711
5.317948765E8	13.27377409518327
5.347411085E8	12.693764442175633
5.376873405E8	12.576313066995404
5.406335725E8	13.319046836773207
5.435798045E8	11.025956204399382
5.465260365E8	12.945570138400505
5.494722685E8	15.459223509893315
5.524185005E8	11.799698733840376
5.553647325E8	13.933668156479191
5.583109645E8	12.696148504259
5.612571965E8	12.927460227164731
5.642034285E8	12.448216569503012
5.671496605E8	11.732412790303004
5.700958925E8	9.95824497188273
5.730421245E8	13.298915020948792
5.759883565E8	13.733080762139574
5.789345885E8	11.681709722791688
5.818808205E8	12.048096348149093
5.848270525E8	11.452554652858295
5.875864595E8	12.863361401113744
5.890595755E8	13.653721397029306
5.907195165E8	15.105427882121978
5.936657485E8	14.984782936306441
5.966119805E8	13.514750365891077
5.995582125E8	13.991616070967934
6.025044445E8	14.771177218901974
6.054506765E8	14.25102028625037
6.083969085E8	12.442753999006188
6.113431405E8	13.406704563659616
6.142893725E8	14.643392645249932
6.172356045E8	13.870270908740384
6.201818365E8	12.886575802584453
6.231280685E8	10.916718031709655
6.260743005E8	10.923258928692649
6.290205325E8	12.637300117573904
6.319667645E8	14.99231560854678
6.349129965E8	10.640551728445011
6.378592285E8	13.083270767543086
6.408054605E8	14.175971885445545
6.437516925E8	12.331113096320996
6.466979245E8	12.422255952688044
6.496441565E8	12.227325614547667
6.525903885E8	14.179738391274007
6.555366205E8	13.32275903594829
6.58437679E8	14.976923790698855
6.59910795E8	13.647913046365678
6.614290845E8	14.552127259496197
6.643753165E8	14.018102444070935
6.673215485E8	13.311475471042336
6.702677805E8	14.64046925021519
6.732140125E8	16.159111366654084
6.761602445E8	12.484455059886661
6.791064765E8	13.436135036208961
6.820527085E8	12.170193657525951
6.849989405E8	13.840717227971185
6.879451725E8	15.46122437065377
6.908914045E8	18.260879998588027
6.938376365E8	14.515859239869773
6.967838685E8	11.604498220099435
6.997301005E8	14.578805402968944
7.026763325E8	16.02417324908561
7.056225645E8	15.21284610309032
7.085687965E8	15.711855346082725
7.112236495E8	15.4789115513858
7.126967655E8	18.269115138702514
7.144612605E8	15.913239690560689
7.174074925E8	16.177507406069854
7.203537245E8	12.60395990539781
7.232999565E8	12.929252007309676
7.262461885E8	13.106677274566293
7.291924205E8	10.63675806928986
7.321386525E8	13.221595583782948
7.350848845E8	16.193569617056635
7.380311165E8	31.09919483598033
7.409773485E8	12.943832325492357
7.439235805E8	11.751106837479194
7.468698125E8	12.572108374357484
7.498160445E8	13.374208480526992
7.527622765E8	12.673577980281253
7.557085085E8	13.652811794862048
7.586547405E8	15.865461715167033
7.601416665E8	43.74170890658943
7.616147825E8	15.41026179567548
7.645472045E8	15.387692822561156
7.674934365E8	17.065003027595925
7.704396685E8	12.871371976137656
7.733859005E8	12.310375421894813
7.763321325E8	13.795677326157614
7.792783645E8	18.600006720448356
7.822245965E8	15.441664132356175
7.851708285E8	12.115186108901131
7.881170605E8	11.6312361008909
7.910632925E8	12.665622734394304
7.940095245E8	14.90451057486308
7.969557565E8	14.96885818903603
7.999019885E8	14.520684386022554
8.026961355E8	15.791364472143348
8.041692515E8	11.871220041424204
8.057944525E8	14.540859986586257
8.087406845E8	13.353649678640378
8.116869165E8	13.025864561921804
8.146331485E8	13.907599265774046
8.175793805E8	14.233976821920338
8.205256125E8	14.656134343799131
8.234718445E8	13.212153014426562
8.264180765E8	12.869582571908797
8.293643085E8	12.097868395971533
8.323105405E8	12.985176320126861
8.352567725E8	13.226583649895867
8.382030045E8	12.891064586902864
8.411492365E8	13.321231321905403
8.440954685E8	15.225202224400523
8.466781495E8	15.602756485649781
8.481512655E8	14.345819431111453
8.499879325E8	13.119091436112296
8.529341645E8	12.342621694421892
8.558803965E8	13.096974712106853
8.588266285E8	11.844779026227398
8.617728605E8	11.990572364973294
8.647190925E8	12.11209334499116
8.676653245E8	14.653058890134925
8.706115565E8	11.68691060310254
8.735577885E8	15.919978467411935
8.765040205E8	13.839414207706657
8.794502525E8	12.942112162246557
8.823964845E8	13.873679669489707
8.853427165E8	14.174863350883433
8.88046739E8	15.833915492362742
8.89519855E8	15.211597810985944
8.912351805E8	12.43789253527896
8.941814125E8	15.632367036947532
8.971276445E8	15.05076619899587
9.000738765E8	14.918382530635741
9.030201085E8	14.525529218337185
9.059663405E8	15.879815981905024
9.089125725E8	14.737771159908656
9.118588045E8	13.325446197040831
9.148050365E8	18.78591536579604
9.177512685E8	15.747708259227378
9.206975005E8	15.49424553124126
9.236437325E8	15.56100470024085
9.265899645E8	14.35460649398961
9.281577005E8	12.61141407736208
9.296308165E8	18.937651977227354
9.324824285E8	14.58530998237749
9.354286605E8	13.108416445140776
9.383748925E8	11.413165018912292
9.413211245E8	11.598591013878066
9.442673565E8	12.715459610784215
9.472135885E8	12.474545113894628
9.501598205E8	13.204196410873278
9.531060525E8	16.026223325250694
9.560522845E8	13.039561039320732
9.589985165E8	15.103990113473753
9.619447485E8	14.768172024470578
9.63608251E8	18.27553686842292
9.65081367E8	14.751846355759339
9.678372125E8	16.462640077224062
9.707834445E8	14.93618459103017
9.737296765E8	14.780045495398868
9.766759085E8	15.896745402262958
9.796221405E8	24.111353416838863
9.825683725E8	16.27729112982277
9.855146045E8	14.759020674542942
9.884608365E8	14.335936545390858
9.914070685E8	14.010946863655
9.943533005E8	15.393471729313918
9.96973979E8	15.713431294591798
9.98447095E8	20.66481085290129
1.0002457645E9	15.646479978494565
1.0031919965E9	15.280674434328322
1.0061382285E9	15.172858417123974
1.0090844605E9	14.826304242164229
1.0109513325E9	16.235850374343503
1.0124244485E9	16.712504169137265
1.0149769245E9	15.893322386017124
1.0179231565E9	15.952204374943996
1.0208693885E9	15.843628743425501
1.023418539E9	17.515214893202774
1.024891655E9	16.15508529105486
1.0267618525E9	13.920124755959476
1.0297080845E9	14.957585824877334
1.0326543165E9	14.949992397068527
1.034194805E9	85.58555790567368
1.035667921E9	17.02011533398518
1.0385467805E9	14.593547283445432
1.0414841345E9	18.992691420383846
1.0429572505E9	137.13510925884208
1.0444392445E9	14.707442591079046
1.0473854765E9	15.412390470268464
1.0500931455E9	15.994040353067062
1.0515662615E9	17.8576288024547
1.0532779405E9	14.655314992166264
1.0562241725E9	14.877553770375178
1.0585794415E9	14.874069464140574
1.0600525575E9	18.86412093481318
1.0621166365E9	14.871567480089823
1.0650628685E9	16.8444867885489
1.0668876105E9	15.17449221616149
1.0683607265E9	17.76255249712436
1.0709553325E9	13.917368353883877
1.0733928775E9	15.565647652652503
1.0748659935E9	22.77543066758144
1.0768477965E9	14.298979510099679
1.0794745915E9	15.780006396926701
1.0809477075E9	10.939573374405596
1.082564658E9	14.678190631542561
1.084037774E9	7.595310431229624
1.085319423E9	14.416629409342193
1.086792539E9	23.545086148535905
1.087255665E9	12.43990255734906
1.088728781E9	14.805261137953734
1.0915789565E9	13.176570276882472
1.0945251885E9	6.386009995139554
1.0974714205E9	8.678335921950477
1.1004176525E9	7.191525650390058
1.1033638845E9	6.484480855547018
1.1063101165E9	6.354578322413171
1.1092563485E9	6.757970180216629
1.1122025805E9	6.320332886208554
1.1151488125E9	6.802801340831272
1.1180950445E9	6.199980178071517
1.1210412765E9	5.365985434955563
1.1239875085E9	5.990739018515853
1.1269337405E9	5.883336750126942
1.1298799725E9	5.953158814377144
1.1328262045E9	5.898720806779642
1.1357724365E9	5.4219287551014315
1.1387186685E9	6.471906149956962
1.1416649005E9	6.535601405456189
1.1446111325E9	5.776110978361514
1.1475573645E9	5.379153101317208
1.1505035965E9	6.202550919275875
1.1534498285E9	5.3587864092169255
1.1563960605E9	6.483754843474649
1.1593422925E9	5.759825091846127
1.1622885245E9	6.994210231916563
1.1652347565E9	5.9156502271375775
1.1681809885E9	6.288835706081531
1.1707663265E9	7.198735953793397
1.1718881035E9	315.36106750392463
1.171912573E9	4.343692379898756
1.1719423915E9	0.8040458937198067
1.1719716865E9	55.509554582725315
1.1719998695E9	5.209142981438515
1.1720271865E9	14.570388170055454
1.172053963E9	6.230992717805531
1.172080324E9	6.591021778099852
1.172105473E9	25.758544790066033
1.1721293445E9	6.20131845841785
1.1721530725E9	4.52383154001345
1.1721767445E9	3.699388586956522
1.1722002915E9	1.6551694843258857
1.1722236575E9	1.1728331177231566
1.172246207E9	21.467433474827697
1.1722677735E9	2.1644364869958537
1.1722889615E9	3.0098335854765508
1.1723099925E9	2.2094213295074128
1.1723290745E9	90.5223136663962
1.172344497E9	4.207048782282393
1.1724758145E9	10.049079680698993
1.172785965E9	16.416522786102348
1.173312376E9	30.294582321568743
1.173847659E9	16.058169516273736
1.1742281915E9	14.224101229895933
1.1745383545E9	18.93350170384513
1.1747839385E9	44.21249372185125
1.175021832E9	17.42437124540001
1.1752406195E9	107.41332916450898
1.1754447675E9	9.40649404229821
1.1756302895E9	9.269114081293822
1.1758017095E9	6.5517964857067925
1.1759743985E9	11.080685963054478
1.1761449175E9	149.97585614236107
1.1763080145E9	8.297500257838283
1.176454614E9	8.60171081317949
1.1765908095E9	3.2744327318206183
1.1767148905E9	7.72834126886519
1.176828827E9	5.866721034032217
1.1769415455E9	13.00781881182786
1.1770466005E9	4.415896750141827
1.1771437885E9	20.074374895467468
1.177227665E9	5.232837187365617
1.1772982075E9	17.48149168067714
1.1773658055E9	146.06093655589123
1.1774300485E9	30.35735157178178
1.1774925145E9	9.371963094211921
1.17755326E9	5.885172911887161
1.1776102095E9	45.58720528935227
1.177664105E9	7.746345070823141
1.177715901E9	8.31288958804444
1.1777667665E9	1.1769989779070682
1.177815724E9	43.373137184038775
1.1778623185E9	10.361603466955579
1.177908416E9	30.57109349549354
1.1779522895E9	5.346506162773967
1.1779928755E9	7.410793007347352
1.178031512E9	20.834933735417824
1.178069269E9	88.46137731696322
1.1781066915E9	0.006947810631766037
1.178143855E9	147.20823810932166
1.178180591E9	9.781278425535433
1.178216752E9	7.030824293205338
1.178252379E9	5.304109511232285
1.178286871E9	4.098155331181713
1.1783202805E9	5.246020698420383
1.1783530415E9	10.944789998768321
1.1783849895E9	2.808816040738383
1.1784162885E9	9.729745333247802
1.178447326E9	1.2897692332588924
1.1784776715E9	230.25303752433376
