#Position (bp)	insert size	chromosomes
1473116.5	389.1625333936131	0.0
4419348.5	390.5655293501933	407.18305504019787
7365580.5	390.888786625086	0.0
1.03118125E7	391.30213115491944	0.0
1.32580445E7	390.99983967132624	407.18305504019787
1.62042765E7	391.3213841151881	0.0
1.91505085E7	391.0313826864479	0.0
2.20967405E7	391.47025085874884	407.18305504019787
2.50429725E7	391.34217234485897	0.0
2.79892045E7	391.79948503712285	0.0
3.09354365E7	391.66146810759506	407.18305504019787
3.38816685E7	391.60010066438497	0.0
3.68279005E7	391.08173081575967	0.0
3.97741325E7	391.95444762562937	407.18305504019787
4.27203645E7	392.3321475729686	0.0
4.56665965E7	391.53103884349775	0.0
4.86128285E7	391.4596092362345	407.18305504019787
5.15590605E7	391.3773882629627	0.0
5.45052925E7	390.68758562590943	0.0
5.74515245E7	391.5612189558643	407.18305504019787
6.03977565E7	391.7076148955834	0.0
6.33439885E7	391.3332009925558	0.0
6.62902205E7	391.30096790992513	407.18305504019787
6.92364525E7	391.4814537711145	0.0
7.21826845E7	391.8172025141986	0.0
7.51289165E7	370.8274210501789	407.18305504019787
7.80751485E7	391.45207365502773	0.0
8.10213805E7	391.2430772250025	0.0
8.39676125E7	391.72735686139816	407.18305504019787
8.69138445E7	391.504296868177	0.0
8.98600765E7	391.5970838937527	0.0
9.28063085E7	391.56897753168727	407.18305504019787
9.57525405E7	391.9922417877448	0.0
9.86987725E7	391.991200981429	0.0
1.016450045E8	391.8711931914254	407.18305504019787
1.045912365E8	391.92388167802903	0.0
1.075374685E8	391.59532796510655	0.0
1.104837005E8	391.22569637432946	407.18305504019787
1.134299325E8	390.9662832172403	0.0
1.163761645E8	391.74198252065696	0.0
1.193223965E8	391.50477966279743	407.18305504019787
1.222686285E8	391.89025158069296	0.0
1.252148605E8	391.75482958313074	0.0
1.281610925E8	391.9866050311761	407.18305504019787
1.311073245E8	391.9208218065771	0.0
1.340535565E8	391.9188682477445	0.0
1.369997885E8	390.9540719598325	407.18305504019787
1.399460205E8	391.97396148586546	0.0
1.428922525E8	391.92998687788827	0.0
1.458384845E8	391.8686403922308	407.18305504019787
1.487847165E8	391.54548882305414	0.0
1.517309485E8	391.4940926460267	0.0
1.546771805E8	392.023345202443	407.18305504019787
1.576234125E8	391.16070927340127	0.0
1.605696445E8	391.885363194476	0.0
1.635158765E8	391.44434097911676	407.18305504019787
1.664621085E8	391.72132050239924	0.0
1.694083405E8	391.7074165624015	0.0
1.723545725E8	391.2594121054156	407.18305504019787
1.753008045E8	391.734071545748	0.0
1.782470365E8	391.72339324014496	0.0
1.811932685E8	391.27750848279203	407.18305504019787
1.841395005E8	391.69669500746943	0.0
1.870857325E8	391.94645284825276	0.0
1.900319645E8	390.8426133043145	407.18305504019787
1.929781965E8	391.6355220313939	0.0
1.959244285E8	391.19670279171294	0.0
1.988706605E8	388.9896096800955	407.18305504019787
2.018168925E8	391.91425378231264	0.0
2.047631245E8	379.8374818934084	0.0
2.077093565E8	390.6048456080911	407.18305504019787
2.106555885E8	391.22613831555935	0.0
2.136018205E8	390.8689100191691	0.0
2.154737165E8	386.49435489597386	407.18305504019787
2.169468325E8	390.1079101322452	0.0
2.194942845E8	392.05185310320877	0.0
2.224405165E8	390.6387101735319	407.18305504019787
2.253867485E8	392.0279577451409	0.0
2.283329805E8	391.5663614616844	0.0
2.312792125E8	391.4876924539061	407.18305504019787
2.342254445E8	391.2933019909399	0.0
2.371716765E8	391.3483101793382	0.0
2.401179085E8	391.40066969965295	407.18305504019787
2.430641405E8	391.830794637653	0.0
2.460103725E8	391.45116678065915	0.0
2.489566045E8	391.67843837397703	407.18305504019787
2.519028365E8	391.6310044746486	0.0
2.548490685E8	391.4029714467194	0.0
2.577953005E8	391.94119959895414	407.18305504019787
2.607415325E8	391.7348175844097	0.0
2.636877645E8	391.0274109862201	0.0
2.666339965E8	391.563811641867	407.18305504019787
2.695802285E8	391.07673689526695	0.0
2.725264605E8	391.50073140542366	0.0
2.754726925E8	391.29318585428956	407.18305504019787
2.784189245E8	389.7271511974804	0.0
2.813651565E8	391.4393441599488	0.0
2.843113885E8	391.51073263864106	407.18305504019787
2.872576205E8	391.7523156274473	0.0
2.902038525E8	392.1103591057635	0.0
2.931500845E8	391.8288136140185	407.18305504019787
2.960963165E8	391.3320456649182	0.0
2.990425485E8	391.4616320050444	0.0
3.019887805E8	391.5237620507164	407.18305504019787
3.049350125E8	391.69038179825236	0.0
3.078812445E8	392.415541599559	0.0
3.108274765E8	392.04657631954353	407.18305504019787
3.137737085E8	391.41051688708575	0.0
3.167199405E8	391.48055503818216	0.0
3.196661725E8	391.5737845007908	407.18305504019787
3.226124045E8	391.40001577215986	0.0
3.255586365E8	391.9666950141408	0.0
3.285048685E8	391.22157884016644	407.18305504019787
3.314511005E8	391.8899379973637	0.0
3.343973325E8	391.9864775887654	0.0
3.373435645E8	391.0993966999157	407.18305504019787
3.402897965E8	391.2992608403494	0.0
3.432360285E8	391.2049415266002	0.0
3.461822605E8	391.7423440433634	407.18305504019787
3.491284925E8	392.31539302120797	0.0
3.520747245E8	391.44250680603085	0.0
3.550209565E8	391.99438395001533	407.18305504019787
3.579671885E8	391.44577479882315	0.0
3.609134205E8	391.0983947522799	0.0
3.638596525E8	391.2026889316071	407.18305504019787
3.668058845E8	391.82450564051794	0.0
3.697521165E8	391.67798696468424	0.0
3.726983485E8	392.0339309409077	407.18305504019787
3.756445805E8	391.05769593778314	0.0
3.785908125E8	391.59105333656964	0.0
3.804938555E8	387.81155922898256	407.18305504019787
3.819669715E8	377.9906339609911	0.0
3.844832765E8	391.4305110971423	0.0
3.874295085E8	389.79119300385054	407.18305504019787
3.903757405E8	391.67398091071783	0.0
3.933219725E8	390.79804835924006	0.0
3.962682045E8	391.85884910530234	407.18305504019787
3.992144365E8	391.2848868511089	0.0
4.021606685E8	359.3403172348485	0.0
4.051069005E8	391.8726433840278	407.18305504019787
4.080531325E8	391.2605264731084	0.0
4.109993645E8	391.1160613965667	0.0
4.139455965E8	391.7812291249165	407.18305504019787
4.168918285E8	391.3622251216655	0.0
4.198380605E8	390.3301575473707	0.0
4.227842925E8	391.29596312954635	407.18305504019787
4.257305245E8	391.8426835373902	0.0
4.286767565E8	391.77578862482807	0.0
4.316229885E8	391.81716391681147	407.18305504019787
4.345692205E8	391.54405459447094	0.0
4.375154525E8	391.1634985301485	0.0
4.404616845E8	391.89951377633713	407.18305504019787
4.434079165E8	391.92602714172455	0.0
4.463541485E8	391.58803500492814	0.0
4.493003805E8	391.30102146968784	407.18305504019787
4.522466125E8	391.77740149988233	0.0
4.551928445E8	391.1868607550207	0.0
4.581390765E8	391.7122658501441	407.18305504019787
4.610853085E8	391.5670919345124	0.0
4.640315405E8	391.81517367458866	0.0
4.669777725E8	391.88217544960463	407.18305504019787
4.699240045E8	391.65446337527595	0.0
4.728702365E8	391.76560275031534	0.0
4.758164685E8	391.4666088796543	407.18305504019787
4.787627005E8	391.38827255835105	0.0
4.817089325E8	391.278128042279	0.0
4.846551645E8	391.5600025191296	407.18305504019787
4.876013965E8	391.5519017269737	0.0
4.905476285E8	390.92424647336173	0.0
4.934938605E8	392.1847119551364	407.18305504019787
4.964400925E8	391.9272496371553	0.0
4.993863245E8	391.3577302555678	0.0
5.023325565E8	392.0423333579118	407.18305504019787
5.05119797E8	389.1223854950524	0.0
5.06592913E8	391.31472397414933	0.0
5.082250205E8	390.4335630680941	407.18305504019787
5.111712525E8	391.43444075188444	0.0
5.141174845E8	391.51998834215766	0.0
5.170637165E8	391.5866565019003	407.18305504019787
5.200099485E8	391.63158581247177	0.0
5.229561805E8	391.6581912040083	0.0
5.259024125E8	377.5543175247055	407.18305504019787
5.288486445E8	391.8693889371561	0.0
5.317948765E8	391.6800585696376	0.0
5.347411085E8	391.61085836218695	407.18305504019787
5.376873405E8	391.80440988884163	0.0
5.406335725E8	391.09847171141644	0.0
5.435798045E8	391.0159697924966	407.18305504019787
5.465260365E8	391.45755836575876	0.0
5.494722685E8	387.25206415643447	0.0
5.524185005E8	391.61721971545154	407.18305504019787
5.553647325E8	392.2563606497536	0.0
5.583109645E8	391.89957016028603	0.0
5.612571965E8	391.55654005085825	407.18305504019787
5.642034285E8	391.45145332759785	0.0
5.671496605E8	391.902335870909	0.0
5.700958925E8	391.67338979560316	407.18305504019787
5.730421245E8	391.3922114979509	0.0
5.759883565E8	391.2153725272694	0.0
5.789345885E8	391.65611883169134	407.18305504019787
5.818808205E8	390.74068766387484	0.0
5.848270525E8	391.0960944432588	0.0
5.875864595E8	390.6890747799103	407.18305504019787
5.890595755E8	391.2303971859886	0.0
5.907195165E8	391.29092778850736	0.0
5.936657485E8	391.75911607806063	407.18305504019787
5.966119805E8	391.6144903799089	0.0
5.995582125E8	391.7016668937639	0.0
6.025044445E8	391.8614789811769	407.18305504019787
6.054506765E8	392.04889312875014	0.0
6.083969085E8	359.9877157063469	0.0
6.113431405E8	391.68513654962413	407.18305504019787
6.142893725E8	391.6795333691303	0.0
6.172356045E8	391.5825163548405	0.0
6.201818365E8	391.6618683843601	407.18305504019787
6.231280685E8	391.4171888151127	0.0
6.260743005E8	391.53091177435226	0.0
6.290205325E8	391.6904101605675	407.18305504019787
6.319667645E8	391.4793907114021	0.0
6.349129965E8	391.3227103625134	0.0
6.378592285E8	390.91688107420606	407.18305504019787
6.408054605E8	391.1329356739789	0.0
6.437516925E8	391.51039450832894	0.0
6.466979245E8	391.22157953055273	407.18305504019787
6.496441565E8	391.62186078394717	0.0
6.525903885E8	391.3497834419829	0.0
6.555366205E8	391.5466834809359	407.18305504019787
6.58437679E8	389.06411224577363	0.0
6.59910795E8	390.7251794258373	0.0
6.614290845E8	391.00161596713053	407.18305504019787
6.643753165E8	391.37154914876004	0.0
6.673215485E8	391.9061885957382	0.0
6.702677805E8	391.5848182250465	407.18305504019787
6.732140125E8	391.5061549829421	0.0
6.761602445E8	391.6148013928817	0.0
6.791064765E8	392.00383558020235	407.18305504019787
6.820527085E8	391.2107068530971	0.0
6.849989405E8	391.62121435821723	0.0
6.879451725E8	390.93152772796924	407.18305504019787
6.908914045E8	327.75211409185147	0.0
6.938376365E8	391.84658124503915	0.0
6.967838685E8	391.57358043125026	407.18305504019787
6.997301005E8	391.7567293526302	0.0
7.026763325E8	391.2397773175744	0.0
7.056225645E8	391.71222985840853	407.18305504019787
7.085687965E8	391.70059412006543	0.0
7.112236495E8	391.3867298578199	0.0
7.126967655E8	390.37364335760407	407.18305504019787
7.144612605E8	390.8507027985311	0.0
7.174074925E8	391.6423182066703	0.0
7.203537245E8	391.67847477726764	407.18305504019787
7.232999565E8	391.2541993612239	0.0
7.262461885E8	391.1188998111472	0.0
7.291924205E8	391.33048531640435	407.18305504019787
7.321386525E8	391.6392811420101	0.0
7.350848845E8	391.4258506061791	0.0
7.380311165E8	253.22174801125055	407.18305504019787
7.409773485E8	391.3546525300827	0.0
7.439235805E8	391.39988340332735	0.0
7.468698125E8	391.61694170304133	407.18305504019787
7.498160445E8	391.35555008474495	0.0
7.527622765E8	391.3937479248624	0.0
7.557085085E8	391.1489511787637	407.18305504019787
7.586547405E8	390.4805328432181	0.0
7.601416665E8	395.86426014319807	0.0
7.616147825E8	391.27434144577916	407.18305504019787
7.645472045E8	391.0295479746918	0.0
7.674934365E8	391.57231062734775	0.0
7.704396685E8	391.0019562317838	407.18305504019787
7.733859005E8	391.81093436485116	0.0
7.763321325E8	390.85809519454983	0.0
7.792783645E8	358.91595529686276	407.18305504019787
7.822245965E8	391.20647140636504	0.0
7.851708285E8	391.6976337556277	0.0
7.881170605E8	390.86028269395825	407.18305504019787
7.910632925E8	391.8401573859551	0.0
7.940095245E8	391.7783841590209	0.0
7.969557565E8	392.39764230609285	407.18305504019787
7.999019885E8	391.55921785764036	0.0
8.026961355E8	390.3138347342376	0.0
8.041692515E8	390.0621515589511	407.18305504019787
8.057944525E8	391.53725949127454	0.0
8.087406845E8	391.7420923421075	0.0
8.116869165E8	391.79079800109315	407.18305504019787
8.146331485E8	391.81338870128684	0.0
8.175793805E8	392.0977229262364
8.205256125E8	391.77614291401966
8.234718445E8	391.5326423385556
8.264180765E8	389.93396357156996
8.293643085E8	389.9551264474489
8.323105405E8	391.84509537184744
8.352567725E8	391.6637400893276
8.382030045E8	391.6422821760283
8.411492365E8	391.33196911123923
8.440954685E8	391.46830097892814
8.466781495E8	391.2941031440608
8.481512655E8	391.6360956318533
8.499879325E8	391.83627416724903
8.529341645E8	391.91765022013686
8.558803965E8	391.1102576303446
8.588266285E8	391.89479221462386
8.617728605E8	391.14465861244526
8.647190925E8	391.2622204589589
8.676653245E8	391.29435480382404
8.706115565E8	390.96203971529786
8.735577885E8	391.6107801957015
8.765040205E8	391.56477797888664
8.794502525E8	391.81024562090226
8.823964845E8	391.3126950854486
8.853427165E8	390.9567958083351
8.88046739E8	391.2278883400432
8.89519855E8	391.070439374315
8.912351805E8	390.87666686840566
8.941814125E8	391.32679659541543
8.971276445E8	391.6607029939211
9.000738765E8	391.6578506492954
9.030201085E8	391.72693494662667
9.059663405E8	391.8278697668489
9.089125725E8	390.838398534786
9.118588045E8	391.3293076145231
9.148050365E8	321.9554459937691
9.177512685E8	391.14879558649005
9.206975005E8	391.215669469599
9.236437325E8	391.0680957674771
9.265899645E8	391.1312021603991
9.281577005E8	389.0407847983933
9.296308165E8	389.5048441360825
9.324824285E8	391.3841241909209
9.354286605E8	391.5648737544742
9.383748925E8	391.4202098656904
9.413211245E8	391.0628789210087
9.442673565E8	391.7356620343754
9.472135885E8	391.20605556006825
9.501598205E8	391.46349239784
9.531060525E8	391.5150142937021
9.560522845E8	391.681674764329
9.589985165E8	391.6672972610996
9.619447485E8	390.86454105293615
9.63608251E8	389.8828534731885
9.65081367E8	391.1453455391898
9.678372125E8	391.1247201108894
9.707834445E8	391.5293465004404
9.737296765E8	391.66951981511596
9.766759085E8	391.7796626413648
9.796221405E8	362.46500616202894
9.825683725E8	387.04908331399395
9.855146045E8	391.0068716525175
9.884608365E8	391.320674919211
9.914070685E8	391.6674741266326
9.943533005E8	391.3543225490596
9.96973979E8	390.86903547083557
9.98447095E8	374.04187470690465
1.0002457645E9	391.8706537534198
1.0031919965E9	391.38707210577815
1.0061382285E9	390.7139445325929
1.0090844605E9	391.1810896350958
1.0109513325E9	390.6356188262638
1.0124244485E9	390.8903932487046
1.0149769245E9	391.42085562343703
1.0179231565E9	391.4151331175734
1.0208693885E9	392.3689747251063
1.023418539E9	390.94087097060304
1.024891655E9	390.2815442829099
1.0267618525E9	391.0571969422506
1.0297080845E9	390.91665323093895
1.0326543165E9	390.5632564000643
1.034194805E9	391.8464114518353
1.035667921E9	390.10256075455464
1.0385467805E9	390.6115512175004
1.0414841345E9	383.7904430396629
1.0429572505E9	387.87875632252303
1.0444392445E9	390.88056340933116
1.0473854765E9	391.9623515878559
1.0500931455E9	391.1443353699426
1.0515662615E9	391.5476760688309
1.0532779405E9	391.0498944790391
1.0562241725E9	390.14074428281407
1.0585794415E9	390.57283189875517
1.0600525575E9	390.8990254060808
1.0621166365E9	390.47930321818717
1.0650628685E9	390.55064148359827
1.0668876105E9	391.33078951019843
1.0683607265E9	384.2425438477103
1.0709553325E9	389.61521643683415
1.0733928775E9	390.39202184060747
1.0748659935E9	307.84115404930833
1.0768477965E9	390.63675202405125
1.0794745915E9	383.1663166653459
1.0809477075E9	382.1286503159047
1.082564658E9	385.71957792670753
1.084037774E9	386.8302932036211
1.085319423E9	386.0719021941033
1.086792539E9	384.9760142074632
1.087255665E9	386.3006026752903
1.088728781E9	390.05894849610064
1.0915789565E9	391.38539806350093
1.0945251885E9	391.79848212093935
1.0974714205E9	391.75163745014055
1.1004176525E9	392.0027821868702
1.1033638845E9	391.15151575232466
1.1063101165E9	391.1661657017208
1.1092563485E9	391.26532667135285
1.1122025805E9	391.7209857559081
1.1151488125E9	391.67504722327163
1.1180950445E9	391.9554808729566
1.1210412765E9	391.31697129198153
1.1239875085E9	390.6903526080988
1.1269337405E9	392.02404395604395
1.1298799725E9	391.3605011624903
1.1328262045E9	390.9701525054466
1.1357724365E9	392.0203443253182
1.1387186685E9	391.4633037539952
1.1416649005E9	391.727303064209
1.1446111325E9	390.67047937569674
1.1475573645E9	390.93656205729104
1.1505035965E9	391.50612110076594
1.1534498285E9	392.08825922557793
1.1563960605E9	392.4171858004549
1.1593422925E9	391.9802828975568
1.1622885245E9	392.1411441833051
1.1652347565E9	391.739949420075
1.1681809885E9	390.59567556593237
1.1707663265E9	390.72851776673434
1.1718881035E9	373.7018905037701
1.171912573E9	368.79695431472084
1.1719423915E9	265.8181818181818
1.1719716865E9	384.0964064436183
1.1719998695E9	363.97836538461536
1.1720271865E9	358.01405405405404
1.172053963E9	389.4409282700422
1.172080324E9	378.50287907869483
1.172105473E9	407.18305504019787
1.1721293445E9	380.4342105263158
1.1721530725E9	354.8023952095808
1.1721767445E9	374.28735632183907
1.1722002915E9	333.62595419847327
1.1722236575E9	353.21590909090907
1.172246207E9	371.0504885993485
1.1722677735E9	310.0
1.1722889615E9	331.42051282051284
1.1723099925E9	392.08256880733944
1.1723290745E9	384.147345942648
1.172344497E9	394.97241379310344
1.1724758145E9	378.83185591670184
1.172785965E9	389.5328411887185
1.173312376E9	390.1531518200651
1.173847659E9	390.41156138259834
1.1742281915E9	335.45815271757255
1.1745383545E9	350.80858208955226
1.1747839385E9	387.8645436755026
1.175021832E9	346.2408363222815
1.1752406195E9	312.1260470907856
1.1754447675E9	386.05978875895886
1.1756302895E9	251.77794420520502
1.1758017095E9	391.8726322664925
1.1759743985E9	387.46782815284104
1.1761449175E9	389.9517596721707
1.1763080145E9	385.7913688112258
1.176454614E9	360.7926383815679
1.1765908095E9	309.27556325823224
1.1767148905E9	376.5452708164915
1.176828827E9	376.35775213246365
1.1769415455E9	387.8684274883835
1.1770466005E9	366.21492537313435
1.1771437885E9	100.64789603960396
1.177227665E9	371.11361502347415
1.1772982075E9	389.3692838654012
1.1773658055E9	391.3376332245251
1.1774300485E9	316.3282486966596
1.1774925145E9	377.0680751173709
1.17755326E9	379.66950959488275
1.1776102095E9	105.53772485009993
1.177664105E9	366.7362270450751
1.177715901E9	374.87961335676624
1.1777667665E9	393.25619834710744
1.177815724E9	382.7019271948608
1.1778623185E9	376.7363437727604
1.177908416E9	391.57546429505624
1.1779522895E9	300.29338842975204
1.1779928755E9	374.2106455266138
1.178031512E9	255.76323777403036
1.178069269E9	388.2398555087297
1.1781066915E9	53.0
1.178143855E9	392.24233128834356
1.178180591E9	395.03078982597054
1.178216752E9	379.15315315315314
1.178252379E9	316.7640287769784
1.178286871E9	388.1653746770026
1.1783202805E9	382.3757225433526
1.1783530415E9	387.471
1.1783849895E9	308.39473684210526
1.1784162885E9	255.8161659513591
1.178447326E9	285.64444444444445
1.1784776715E9	390.79695290858723
