#Position (bp)	mapping quality
1473116.5	20.238793209330815
4419348.5	25.107562375102507
7365580.5	26.497148677721896
1.03118125E7	25.75062955020144
1.32580445E7	25.91176245595216
1.62042765E7	26.3291058571231
1.91505085E7	23.475642538306786
2.20967405E7	25.970684145226326
2.50429725E7	25.20923365211752
2.79892045E7	27.667435877504705
3.09354365E7	25.821237438292023
3.38816685E7	26.550828042231863
3.68279005E7	26.45673282138036
3.97741325E7	26.79590163571608
4.27203645E7	25.770052005014524
4.56665965E7	25.61276153467556
4.86128285E7	26.75217875977183
5.15590605E7	26.888908354539634
5.45052925E7	26.66737393627467
5.74515245E7	28.007614381654328
6.03977565E7	27.317361396765357
6.33439885E7	26.39153522698051
6.62902205E7	25.776371209658066
6.92364525E7	26.934156625596714
7.21826845E7	26.406108438487035
7.51289165E7	14.862792430759848
7.80751485E7	25.147273341226477
8.10213805E7	27.59969857277903
8.39676125E7	24.801709804326837
8.69138445E7	26.869989308749794
8.98600765E7	29.064678464737515
9.28063085E7	26.52961725499199
9.57525405E7	25.993059150352927
9.86987725E7	25.343353426578847
1.016450045E8	26.477090884840763
1.045912365E8	24.652258117013726
1.075374685E8	26.091074190544436
1.104837005E8	21.62065529022725
1.134299325E8	25.74362306219194
1.163761645E8	28.071758783428855
1.193223965E8	25.237056747669964
1.222686285E8	26.83628977912442
1.252148605E8	25.356907161414487
1.281610925E8	24.451971198752716
1.311073245E8	26.426913249573076
1.340535565E8	25.61699602379621
1.369997885E8	24.47969558667862
1.399460205E8	23.23777961176657
1.428922525E8	26.12937866460565
1.458384845E8	27.328318664360268
1.487847165E8	26.293851517934172
1.517309485E8	26.57142338569588
1.546771805E8	25.02855702599977
1.576234125E8	26.205517691623548
1.605696445E8	23.95901102958616
1.635158765E8	17.981508341704362
1.664621085E8	20.256396950457475
1.694083405E8	24.474191789545724
1.723545725E8	24.617612479470775
1.753008045E8	21.758446566217067
1.782470365E8	21.60123209909259
1.811932685E8	24.318743334122846
1.841395005E8	25.728606851376544
1.870857325E8	26.40729323248923
1.900319645E8	26.012796180024573
1.929781965E8	25.51624372389945
1.959244285E8	25.95448975574276
1.988706605E8	24.704789893492936
2.018168925E8	25.24728306903731
2.047631245E8	20.89572316283129
2.077093565E8	21.990960514333484
2.106555885E8	23.150146236037664
2.136018205E8	19.233363176354793
2.154737165E8	17.45230002666932
2.169468325E8	22.372614220630062
2.194942845E8	24.598817494392573
2.224405165E8	26.626159956780644
2.253867485E8	26.470279993101826
2.283329805E8	27.11894381951665
2.312792125E8	27.052977074709776
2.342254445E8	26.851651105640258
2.371716765E8	26.466993122876076
2.401179085E8	27.496457755302238
2.430641405E8	27.274443518078744
2.460103725E8	25.835865853789098
2.489566045E8	27.786085322587102
2.519028365E8	27.89188023354369
2.548490685E8	28.08667473628359
2.577953005E8	27.344577340133426
2.607415325E8	26.123530416995546
2.636877645E8	26.60370491761984
2.666339965E8	26.087497687717086
2.695802285E8	25.02688305301775
2.725264605E8	27.70329049587282
2.754726925E8	25.33117477410089
2.784189245E8	18.095496114679555
2.813651565E8	21.392382279203648
2.843113885E8	27.17003469314454
2.872576205E8	27.34958213608224
2.902038525E8	27.340177485373033
2.931500845E8	24.93424636651716
2.960963165E8	22.400006894418127
2.990425485E8	24.078458399392716
3.019887805E8	24.899994052328797
3.049350125E8	25.962361047386764
3.078812445E8	23.649896610729414
3.108274765E8	25.751463782914307
3.137737085E8	26.73173212664069
3.167199405E8	25.9254545121813
3.196661725E8	23.133722241431204
3.226124045E8	25.48332883326658
3.255586365E8	26.857113865239693
3.285048685E8	26.078262667235418
3.314511005E8	26.920901988463566
3.343973325E8	27.360660250034126
3.373435645E8	25.113967005652036
3.402897965E8	26.135138908462668
3.432360285E8	27.19698955698734
3.461822605E8	27.626927305879683
3.491284925E8	25.90411518207992
3.520747245E8	23.97217817555938
3.550209565E8	27.365445650540526
3.579671885E8	26.43699220760049
3.609134205E8	24.217199337458737
3.638596525E8	24.458525452047787
3.668058845E8	26.70057682242808
3.697521165E8	25.663924548546873
3.726983485E8	23.22424473068795
3.756445805E8	23.39683500665664
3.785908125E8	20.56610721769091
3.804938555E8	15.581939928759564
3.819669715E8	17.52615300985737
3.844832765E8	26.61337020672196
3.874295085E8	24.14167208377166
3.903757405E8	22.902403488128538
3.933219725E8	24.621680112590333
3.962682045E8	25.478998528569686
3.992144365E8	26.247463286522024
4.021606685E8	23.8032422761585
4.051069005E8	28.884703523019578
4.080531325E8	27.426952076582104
4.109993645E8	27.64144058486251
4.139455965E8	26.868940766230637
4.168918285E8	27.22178337297656
4.198380605E8	20.24538121541822
4.227842925E8	25.6526574492894
4.257305245E8	26.88235044564433
4.286767565E8	26.479631775159408
4.316229885E8	26.470309770702833
4.345692205E8	25.56958557749731
4.375154525E8	26.025580519818078
4.404616845E8	26.107021742338752
4.434079165E8	27.09777430136526
4.463541485E8	26.557954577945548
4.493003805E8	26.518293531323543
4.522466125E8	25.308011444641842
4.551928445E8	26.496968678999586
4.581390765E8	25.871762150969086
4.610853085E8	26.570638252743308
4.640315405E8	25.478619601788125
4.669777725E8	26.21497494953852
4.699240045E8	24.144122008495124
4.728702365E8	25.48059609764855
4.758164685E8	23.33676144097418
4.787627005E8	20.960875405803407
4.817089325E8	24.716698979773962
4.846551645E8	25.71735736150721
4.876013965E8	26.046694174224722
4.905476285E8	24.964316976398116
4.934938605E8	25.123275715544455
4.964400925E8	25.987867350255723
4.993863245E8	24.780574692468285
5.023325565E8	22.982172036862433
5.05119797E8	20.976045596132955
5.06592913E8	11.285228656385708
5.082250205E8	13.167941209948374
5.111712525E8	21.971720403961204
5.141174845E8	24.84234340967328
5.170637165E8	24.254674293623168
5.200099485E8	25.375547262484215
5.229561805E8	27.141328227480752
5.259024125E8	21.611978503789363
5.288486445E8	26.422097403305973
5.317948765E8	27.121093670292066
5.347411085E8	26.13708799285538
5.376873405E8	25.61899615186312
5.406335725E8	27.072245224523066
5.435798045E8	24.331426742014205
5.465260365E8	23.801007523389806
5.494722685E8	27.553988247472763
5.524185005E8	25.7218625241445
5.553647325E8	28.30709901064311
5.583109645E8	25.89102547976585
5.612571965E8	25.810264823991055
5.642034285E8	26.93760738484345
5.671496605E8	26.64637285156312
5.700958925E8	23.33501460498376
5.730421245E8	24.92699857834102
5.759883565E8	24.705856244909583
5.789345885E8	23.605427801768002
5.818808205E8	21.265772441086916
5.848270525E8	20.801495636743212
5.875864595E8	17.77473397539687
5.890595755E8	19.392572063540225
5.907195165E8	21.133665475053476
5.936657485E8	25.125509146407136
5.966119805E8	26.86907072979555
5.995582125E8	26.61399590374656
6.025044445E8	26.094613506669393
6.054506765E8	26.783153957961847
6.083969085E8	21.21438303139945
6.113431405E8	25.98988449455081
6.142893725E8	27.570342345629975
6.172356045E8	25.884062649547158
6.201818365E8	26.633015750954478
6.231280685E8	27.496787227284464
6.260743005E8	26.844118013992407
6.290205325E8	27.36590964895162
6.319667645E8	28.23560409989939
6.349129965E8	25.569186259674545
6.378592285E8	26.09712597698288
6.408054605E8	26.564949177676937
6.437516925E8	28.09918252853264
6.466979245E8	26.570489814324212
6.496441565E8	27.417046653034106
6.525903885E8	20.90033137771039
6.555366205E8	24.295299246235963
6.58437679E8	20.17008598447615
6.59910795E8	22.082492327954792
6.614290845E8	22.64709000522765
6.643753165E8	23.27379575425838
6.673215485E8	23.962537458219863
6.702677805E8	26.002032910344337
6.732140125E8	26.985058442621085
6.761602445E8	26.67661336148253
6.791064765E8	26.140746705442695
6.820527085E8	26.76791886059136
6.849989405E8	24.313880555684438
6.879451725E8	21.971397153262377
6.908914045E8	15.993065138877425
6.938376365E8	23.42409225000093
6.967838685E8	26.266072077474913
6.997301005E8	26.796777876457746
7.026763325E8	24.525706736736314
7.056225645E8	25.99743559732189
7.085687965E8	25.383595771174345
7.112236495E8	24.466968447003
7.126967655E8	20.757526083990445
7.144612605E8	23.349537826217233
7.174074925E8	23.93542334685684
7.203537245E8	27.165086972410062
7.232999565E8	26.60496095092125
7.262461885E8	28.310388454196616
7.291924205E8	26.435043387884054
7.321386525E8	23.94550582473308
7.350848845E8	22.591446810127678
7.380311165E8	11.558521381446418
7.409773485E8	27.638422413028813
7.439235805E8	28.383221783628183
7.468698125E8	28.286477546053295
7.498160445E8	27.905905160099778
7.527622765E8	28.151624584509495
7.557085085E8	25.318894169355275
7.586547405E8	24.585795864655005
7.601416665E8	1.676918187040308
7.616147825E8	23.610732720310516
7.645472045E8	25.692817271893354
7.674934365E8	26.333580687392747
7.704396685E8	27.139719721888437
7.733859005E8	27.0784329479138
7.763321325E8	24.49158290660467
7.792783645E8	18.596711839165504
7.822245965E8	22.842367219496325
7.851708285E8	26.809753833884653
7.881170605E8	27.350743281258026
7.910632925E8	28.257954050265432
7.940095245E8	27.692933135174037
7.969557565E8	27.658912148319626
7.999019885E8	28.855544542177945
8.026961355E8	22.358013290137972
8.041692515E8	21.425924341204293
8.057944525E8	21.064334312377888
8.087406845E8	25.466978048163647
8.116869165E8	26.343220570516067
8.146331485E8	26.689105658389767
8.175793805E8	28.769150945434344
8.205256125E8	26.992235268376103
8.234718445E8	27.14001748134438
8.264180765E8	23.489441507368664
8.293643085E8	24.177124751147677
8.323105405E8	26.513842571708196
8.352567725E8	28.470542860885065
8.382030045E8	27.116479783987742
8.411492365E8	25.033075636682323
8.440954685E8	22.734496670729804
8.466781495E8	22.44838642644979
8.481512655E8	19.246976140254404
8.499879325E8	21.243121817053847
8.529341645E8	20.959541639644918
8.558803965E8	25.804613431053983
8.588266285E8	25.428295812988374
8.617728605E8	26.435461135004697
8.647190925E8	28.391533964221473
8.676653245E8	28.717866825957636
8.706115565E8	26.407294128922366
8.735577885E8	26.999466228324053
8.765040205E8	26.925975627925798
8.794502525E8	27.449364858257038
8.823964845E8	25.773704217183287
8.853427165E8	23.213335998886656
8.88046739E8	21.055775378327922
8.89519855E8	18.813779391370655
8.912351805E8	22.059458942150147
8.941814125E8	26.01758241710522
8.971276445E8	27.218076862508937
9.000738765E8	28.14558250109617
9.030201085E8	26.54909524649731
9.059663405E8	25.76875256676079
9.089125725E8	23.72315560161326
9.118588045E8	25.07712037965702
9.148050365E8	18.37935468461045
9.177512685E8	24.56178298049922
9.206975005E8	26.23326388846598
9.236437325E8	25.457022688620878
9.265899645E8	23.433279758978536
9.281577005E8	23.230889840877172
9.296308165E8	15.685044814828611
9.324824285E8	21.551251035943256
9.354286605E8	24.536308937579058
9.383748925E8	25.288171397513672
9.413211245E8	26.1224984153758
9.442673565E8	27.469256348729218
9.472135885E8	28.873032835718234
9.501598205E8	28.37970907156756
9.531060525E8	28.196536935913638
9.560522845E8	28.086533084391693
9.589985165E8	27.55478164548791
9.619447485E8	21.62288128824928
9.63608251E8	16.832746620804556
9.65081367E8	23.984288519959055
9.678372125E8	23.718556637924728
9.707834445E8	26.96358061436233
9.737296765E8	26.3226101293768
9.766759085E8	25.185337404319373
9.796221405E8	18.535793383116424
9.825683725E8	21.366704752431133
9.855146045E8	27.01305472220623
9.884608365E8	26.978235051996478
9.914070685E8	27.935162707881638
9.943533005E8	24.08990451491805
9.96973979E8	22.9647099378557
9.98447095E8	15.520647821483205
1.0002457645E9	24.146590189283042
1.0031919965E9	25.724874574670707
1.0061382285E9	27.101218624952494
1.0090844605E9	24.90535624823668
1.0109513325E9	23.342907010183932
1.0124244485E9	23.498653555748984
1.0149769245E9	26.619629575092926
1.0179231565E9	27.35986424787221
1.0208693885E9	24.003169797574525
1.023418539E9	23.305800471805146
1.024891655E9	21.841088278192963
1.0267618525E9	23.93562490629248
1.0297080845E9	26.754417178267715
1.0326543165E9	23.199876352405497
1.034194805E9	2.3494807507241013
1.035667921E9	24.095734493598187
1.0385467805E9	23.221576991297976
1.0414841345E9	18.91365559155623
1.0429572505E9	1.5157026510788014
1.0444392445E9	20.221148185416357
1.0473854765E9	26.151821406566413
1.0500931455E9	22.959514983940256
1.0515662615E9	15.797338580072928
1.0532779405E9	16.64395275478289
1.0562241725E9	22.400943245029826
1.0585794415E9	23.42303687047036
1.0600525575E9	22.727390995557723
1.0621166365E9	22.862248958623567
1.0650628685E9	23.878171143145956
1.0668876105E9	25.342118515386602
1.0683607265E9	16.49587310073404
1.0709553325E9	19.63455442027855
1.0733928775E9	24.79225683491605
1.0748659935E9	11.177348183824087
1.0768477965E9	22.489009155905425
1.0794745915E9	23.132293287438404
1.0809477075E9	17.535886132068224
1.082564658E9	19.79337564174145
1.084037774E9	5.063755313473871
1.085319423E9	21.984206227947293
1.086792539E9	12.233587822207525
1.087255665E9	16.508218239759785
1.088728781E9	19.415394056585665
1.0915789565E9	21.165466073681895
1.0945251885E9	17.82808911792061
1.0974714205E9	21.906278224546863
1.1004176525E9	22.103997408332482
1.1033638845E9	22.280101869767183
1.1063101165E9	22.857368435164886
1.1092563485E9	20.31675210546691
1.1122025805E9	22.826680733812225
1.1151488125E9	22.603268702596978
1.1180950445E9	21.67455659461158
1.1210412765E9	21.05465684485432
1.1239875085E9	23.894926982595628
1.1269337405E9	22.30458445771021
1.1298799725E9	21.78262239153512
1.1328262045E9	22.00543097991829
1.1357724365E9	18.393079867236416
1.1387186685E9	22.208614530397604
1.1416649005E9	22.45520258786653
1.1446111325E9	19.433535770829575
1.1475573645E9	21.176110106407446
1.1505035965E9	23.34883163401162
1.1534498285E9	22.330027283619163
1.1563960605E9	21.444447015350647
1.1593422925E9	21.62506398874564
1.1622885245E9	18.85431138793334
1.1652347565E9	21.950080320718293
1.1681809885E9	21.806207119471768
1.1707663265E9	18.618391469279846
1.1718881035E9	4.515556827704076
1.171912573E9	19.072124289948135
1.1719423915E9	7.223599115450411
1.1719716865E9	3.634670609059659
1.1719998695E9	4.173527549081697
1.1720271865E9	1.1221528991776804
1.172053963E9	15.015423277219329
1.172080324E9	10.40026040159713
1.172105473E9	3.063214239649168
1.1721293445E9	14.971359064518767
1.1721530725E9	17.7769137144503
1.1721767445E9	7.542799100174456
1.1722002915E9	8.840655956474876
1.1722236575E9	9.031509669828663
1.172246207E9	1.9489890077179852
1.1722677735E9	9.991858592015324
1.1722889615E9	5.257508167881377
1.1723099925E9	1.2619320764518713
1.1723290745E9	3.2906172848991466
1.172344497E9	8.04533212074574
1.1724758145E9	9.792017143338915
1.172785965E9	19.915915487249762
1.173312376E9	5.766048291901574
1.173847659E9	20.294599468130407
1.1742281915E9	1.3526773735912487
1.1745383545E9	12.199116088203114
1.1747839385E9	3.7149300524792634
1.175021832E9	9.474490272450254
1.1752406195E9	10.409029864377203
1.1754447675E9	16.05400116229223
1.1756302895E9	3.606681275406095
1.1758017095E9	3.7806907930231506
1.1759743985E9	14.67375968611544
1.1761449175E9	3.193040382278869
1.1763080145E9	15.44680988253171
1.176454614E9	14.732720713923634
1.1765908095E9	2.2177684109055855
1.1767148905E9	13.40018164292502
1.176828827E9	16.435637896373134
1.1769415455E9	20.19128529479761
1.1770466005E9	18.58866213047887
1.1771437885E9	1.0360936161570926
1.177227665E9	14.612605042016806
1.1772982075E9	9.964400038801047
1.1773658055E9	2.0439904546730383
1.1774300485E9	5.047061144318022
1.1774925145E9	17.181342358239256
1.17755326E9	5.580402699292259
1.1776102095E9	0.9922857104151077
1.177664105E9	14.276055703651483
1.177715901E9	15.086923302550904
1.1777667665E9	1.3746263422454534
1.177815724E9	1.612942468713071
1.1778623185E9	13.607794423950413
1.177908416E9	1.667338947434227
1.1779522895E9	0.5008925367778974
1.1779928755E9	10.772608237836064
1.178031512E9	2.8946437572290296
1.178069269E9	3.981795083704365
1.1781066915E9	1.1627906976744187
1.178143855E9	2.95253872246725
1.178180591E9	1.14071099463161
1.178216752E9	17.109035878332516
1.178252379E9	9.802161027612536
1.178286871E9	1.1913776037339152
1.1783202805E9	9.368850946008306
1.1783530415E9	17.080384196622244
1.1783849895E9	8.040576524310788
1.1784162885E9	4.350890378897262
1.178447326E9	1.1820577164366375
1.1784776715E9	2.2150625080264175
