#Position (bp)	insert size	chromosomes
1473116.5	397.2186626411719	0.0
4419348.5	398.7842644422859	416.63367108339827
7365580.5	398.2004600090462	0.0
1.03118125E7	397.6946176751503	0.0
1.32580445E7	398.0412625527645	416.63367108339827
1.62042765E7	397.82229713680135	0.0
1.91505085E7	397.57279972576913	0.0
2.20967405E7	397.7495308360318	416.63367108339827
2.50429725E7	397.7935496824122	0.0
2.79892045E7	397.7825320802458	0.0
3.09354365E7	397.978354860392	416.63367108339827
3.38816685E7	398.3991576458418	0.0
3.68279005E7	397.7618599501799	0.0
3.97741325E7	398.34983286656427	416.63367108339827
4.27203645E7	398.600914808462	0.0
4.56665965E7	397.1320970334377	0.0
4.86128285E7	397.97941455244825	416.63367108339827
5.15590605E7	398.0930026819638	0.0
5.45052925E7	398.80818554676216	0.0
5.74515245E7	399.36739151168337	416.63367108339827
6.03977565E7	398.35841388906806	0.0
6.33439885E7	398.23215343053806	0.0
6.62902205E7	398.47159022343516	416.63367108339827
6.92364525E7	398.6770695230011	0.0
7.21826845E7	396.85887274535	0.0
7.51289165E7	387.70349460882574	416.63367108339827
7.80751485E7	397.91594258373203	0.0
8.10213805E7	398.2893712210554	0.0
8.39676125E7	398.11800050777174	416.63367108339827
8.69138445E7	399.3497950548724	0.0
8.98600765E7	398.2562231404198	0.0
9.28063085E7	398.354466406084	416.63367108339827
9.57525405E7	398.49417548751626	0.0
9.86987725E7	397.8977567886659	0.0
1.016450045E8	398.5787686799069	416.63367108339827
1.045912365E8	398.0450497544947	0.0
1.075374685E8	398.11106111391706	0.0
1.104837005E8	397.7039904821345	416.63367108339827
1.134299325E8	398.40942686600675	0.0
1.163761645E8	398.1473673442818	0.0
1.193223965E8	398.4278187469805	416.63367108339827
1.222686285E8	398.40652913554095	0.0
1.252148605E8	397.27761863707576	0.0
1.281610925E8	398.0873680174325	416.63367108339827
1.311073245E8	397.97195922018864	0.0
1.340535565E8	398.8552201281639	0.0
1.369997885E8	397.8686767980768	416.63367108339827
1.399460205E8	397.60427524155403	0.0
1.428922525E8	397.898833372066	0.0
1.458384845E8	398.35532908383135	416.63367108339827
1.487847165E8	398.68603973558174	0.0
1.517309485E8	398.35352310796054	0.0
1.546771805E8	397.92996513023763	416.63367108339827
1.576234125E8	398.13377164431716	0.0
1.605696445E8	397.72851223228236	0.0
1.635158765E8	398.1115151772177	416.63367108339827
1.664621085E8	397.60518758973717	0.0
1.694083405E8	398.067483652216	0.0
1.723545725E8	397.59263394969435	416.63367108339827
1.753008045E8	397.54482568638855	0.0
1.782470365E8	398.2013025924143	0.0
1.811932685E8	398.26994029393757	416.63367108339827
1.841395005E8	398.48799984645945	0.0
1.870857325E8	398.8778797704692	0.0
1.900319645E8	397.6281560264147	416.63367108339827
1.929781965E8	398.26560494852976	0.0
1.959244285E8	397.8307445099089	0.0
1.988706605E8	395.28986740934704	416.63367108339827
2.018168925E8	398.1846808431747	0.0
2.047631245E8	388.509076006373	0.0
2.077093565E8	398.8295622681023	416.63367108339827
2.106555885E8	397.880582593395	0.0
2.136018205E8	398.1729392513806	0.0
2.154737165E8	391.9160297125633	416.63367108339827
2.169468325E8	398.92899408284023	0.0
2.194942845E8	399.0409847489348	0.0
2.224405165E8	398.54424242424244	416.63367108339827
2.253867485E8	397.9566917875822	0.0
2.283329805E8	398.0773647627682	0.0
2.312792125E8	398.34658774309645	416.63367108339827
2.342254445E8	398.53168618051075	0.0
2.371716765E8	398.3108690328257	0.0
2.401179085E8	398.1945656450055	416.63367108339827
2.430641405E8	398.3300306979651	0.0
2.460103725E8	397.91741769528284	0.0
2.489566045E8	397.7404555573954	416.63367108339827
2.519028365E8	398.37013824697556	0.0
2.548490685E8	397.8722817400517	0.0
2.577953005E8	398.14726849663026	416.63367108339827
2.607415325E8	398.3132340623546	0.0
2.636877645E8	398.51418302460604	0.0
2.666339965E8	398.72148009491667	416.63367108339827
2.695802285E8	397.8611569780059	0.0
2.725264605E8	398.33784316671046	0.0
2.754726925E8	397.4833964870364	416.63367108339827
2.784189245E8	397.77342830597706	0.0
2.813651565E8	398.6876122962334	0.0
2.843113885E8	398.53754245340707	416.63367108339827
2.872576205E8	398.9736832126199	0.0
2.902038525E8	398.5172209973261	0.0
2.931500845E8	398.52005923788187	416.63367108339827
2.960963165E8	397.2370238151158	0.0
2.990425485E8	397.6365856719473	0.0
3.019887805E8	398.038979269313	416.63367108339827
3.049350125E8	398.27436270872835	0.0
3.078812445E8	397.9660605381375	0.0
3.108274765E8	397.6540807790279	416.63367108339827
3.137737085E8	397.92747468753475	0.0
3.167199405E8	398.2061783487061	0.0
3.196661725E8	397.35525118528807	416.63367108339827
3.226124045E8	397.3957055504626	0.0
3.255586365E8	398.03242885506285	0.0
3.285048685E8	398.0294423276758	416.63367108339827
3.314511005E8	398.4567930692706	0.0
3.343973325E8	398.0501935460199	0.0
3.373435645E8	397.83418552330664	416.63367108339827
3.402897965E8	398.15125459806313	0.0
3.432360285E8	397.82328553673784	0.0
3.461822605E8	398.17797886974665	416.63367108339827
3.491284925E8	397.5417615582588	0.0
3.520747245E8	398.01506642035594	0.0
3.550209565E8	398.6008781680747	416.63367108339827
3.579671885E8	397.99765926032626	0.0
3.609134205E8	398.02662269250146	0.0
3.638596525E8	397.6879320999575	416.63367108339827
3.668058845E8	398.3808851093691	0.0
3.697521165E8	398.26147044102106	0.0
3.726983485E8	398.952756832021	416.63367108339827
3.756445805E8	398.29718642439764	0.0
3.785908125E8	399.49167707258806	0.0
3.804938555E8	396.2426884496551	416.63367108339827
3.819669715E8	392.4516696327966	0.0
3.844832765E8	397.8996148783698	0.0
3.874295085E8	398.58524262375033	416.63367108339827
3.903757405E8	398.6533423167621	0.0
3.933219725E8	398.1924887799774	0.0
3.962682045E8	398.654603844126	416.63367108339827
3.992144365E8	398.55245584830567	0.0
4.021606685E8	381.9583807783633	0.0
4.051069005E8	398.16143624798946	416.63367108339827
4.080531325E8	398.218478467084	0.0
4.109993645E8	397.8952390821056	0.0
4.139455965E8	398.49484240952285	416.63367108339827
4.168918285E8	398.3641635891123	0.0
4.198380605E8	397.78462345759993	0.0
4.227842925E8	397.46712289389006	416.63367108339827
4.257305245E8	398.52559232794283	0.0
4.286767565E8	398.39975543378324	0.0
4.316229885E8	397.9124446902655	416.63367108339827
4.345692205E8	398.00797008850395	0.0
4.375154525E8	397.85126280179804	0.0
4.404616845E8	398.1175809668268	416.63367108339827
4.434079165E8	398.15808661998824	0.0
4.463541485E8	398.2646833633135	0.0
4.493003805E8	398.01362093727414	416.63367108339827
4.522466125E8	398.37005772741173	0.0
4.551928445E8	397.87707672557013	0.0
4.581390765E8	398.01754850421696	416.63367108339827
4.610853085E8	397.6377506167938	0.0
4.640315405E8	398.2026575886098	0.0
4.669777725E8	398.4712006208476	416.63367108339827
4.699240045E8	398.34685328786964	0.0
4.728702365E8	397.77619283689864	0.0
4.758164685E8	397.6947830372884	416.63367108339827
4.787627005E8	397.90837051739317	0.0
4.817089325E8	397.8335221872944	0.0
4.846551645E8	398.0249096682361	416.63367108339827
4.876013965E8	398.58006555784874	0.0
4.905476285E8	398.2490492170022	0.0
4.934938605E8	398.3983111230935	416.63367108339827
4.964400925E8	398.31023670400833	0.0
4.993863245E8	398.2250172467231	0.0
5.023325565E8	398.8933241643117	416.63367108339827
5.05119797E8	397.73702566964283	0.0
5.06592913E8	398.34487640204725	0.0
5.082250205E8	398.22756767466626	416.63367108339827
5.111712525E8	397.79528291395815	0.0
5.141174845E8	397.5327326385144	0.0
5.170637165E8	395.9122644958913	416.63367108339827
5.200099485E8	396.94569185038876	0.0
5.229561805E8	396.9320508634102	0.0
5.259024125E8	390.83235943976774	416.63367108339827
5.288486445E8	398.86001860217914	0.0
5.317948765E8	398.1161833524404	0.0
5.347411085E8	397.9590164685613	416.63367108339827
5.376873405E8	397.9808250962046	0.0
5.406335725E8	398.19704496592107	0.0
5.435798045E8	397.30562762482504	416.63367108339827
5.465260365E8	398.4833589301768	0.0
5.494722685E8	396.46739790422095	0.0
5.524185005E8	398.4034148540516	416.63367108339827
5.553647325E8	398.4360966542751	0.0
5.583109645E8	398.18889397127435	0.0
5.612571965E8	398.1453089848144	416.63367108339827
5.642034285E8	398.0427209256647	0.0
5.671496605E8	398.14973357015987	0.0
5.700958925E8	397.52894326451803	416.63367108339827
5.730421245E8	398.17265052935966	0.0
5.759883565E8	397.9804038837129	0.0
5.789345885E8	397.99442312710823	416.63367108339827
5.818808205E8	398.3348610444115	0.0
5.848270525E8	397.5977841443689	0.0
5.875864595E8	397.0808425100507	416.63367108339827
5.890595755E8	398.38417140358547	0.0
5.907195165E8	399.05169342353616	0.0
5.936657485E8	398.78074971319904	416.63367108339827
5.966119805E8	398.2214077887198	0.0
5.995582125E8	398.4168231172702	0.0
6.025044445E8	398.79721840020824	416.63367108339827
6.054506765E8	398.1517112273796	0.0
6.083969085E8	384.9327646717453	0.0
6.113431405E8	398.0627303892657	416.63367108339827
6.142893725E8	398.81552713078855	0.0
6.172356045E8	398.739597437412	0.0
6.201818365E8	398.5492765468246	416.63367108339827
6.231280685E8	397.37923127320374	0.0
6.260743005E8	397.7017900621005	0.0
6.290205325E8	397.6998743857834	416.63367108339827
6.319667645E8	399.3687999707265	0.0
6.349129965E8	397.8133051742344	0.0
6.378592285E8	398.112949317124	416.63367108339827
6.408054605E8	398.1639458955224	0.0
6.437516925E8	397.91829272707525	0.0
6.466979245E8	397.5239039158092	416.63367108339827
6.496441565E8	397.23675423791	0.0
6.525903885E8	396.9616550519778	0.0
6.555366205E8	397.5116785431512	416.63367108339827
6.58437679E8	397.8629886018517	0.0
6.59910795E8	398.5037132709073	0.0
6.614290845E8	398.4959343873438	416.63367108339827
6.643753165E8	398.10109445828397	0.0
6.673215485E8	398.2332627401599	0.0
6.702677805E8	398.5908434187072	416.63367108339827
6.732140125E8	399.45661773706064	0.0
6.761602445E8	397.9753641365546	0.0
6.791064765E8	397.92727552414647	416.63367108339827
6.820527085E8	397.4750228154758	0.0
6.849989405E8	398.85051010815675	0.0
6.879451725E8	399.4623356502805	416.63367108339827
6.908914045E8	358.51744972186566	0.0
6.938376365E8	398.1256011368663	0.0
6.967838685E8	397.4972184280274	416.63367108339827
6.997301005E8	398.7667897750474	0.0
7.026763325E8	399.0680998720583	0.0
7.056225645E8	398.32739995923635	416.63367108339827
7.085687965E8	398.8379948322452	0.0
7.112236495E8	399.012199747929	0.0
7.126967655E8	400.8571497631248	416.63367108339827
7.144612605E8	398.4896276891644	0.0
7.174074925E8	399.7052250043022	0.0
7.203537245E8	397.5467165170246	416.63367108339827
7.232999565E8	398.09185086081146	0.0
7.262461885E8	397.84969850841003	0.0
7.291924205E8	397.16586483807305	416.63367108339827
7.321386525E8	398.24025670945156	0.0
7.350848845E8	398.9785260332373	0.0
7.380311165E8	297.305287556135	416.63367108339827
7.409773485E8	397.73766282098995	0.0
7.439235805E8	397.6200050973039	0.0
7.468698125E8	397.68133097816536	416.63367108339827
7.498160445E8	397.5079993550352	0.0
7.527622765E8	397.75715460452005	0.0
7.557085085E8	397.7693315060149	416.63367108339827
7.586547405E8	399.13591284823957	0.0
7.601416665E8	405.7943779281624	0.0
7.616147825E8	398.23074585012404	416.63367108339827
7.645472045E8	399.3244526264622	0.0
7.674934365E8	399.6085074183692	0.0
7.704396685E8	398.03509508829626	416.63367108339827
7.733859005E8	397.74853311735063	0.0
7.763321325E8	398.46880669655286	0.0
7.792783645E8	377.65937021001963	416.63367108339827
7.822245965E8	398.86935011287767	0.0
7.851708285E8	398.1044869437293	0.0
7.881170605E8	397.47148906968135	416.63367108339827
7.910632925E8	397.6016834619815	0.0
7.940095245E8	398.6164366776006	0.0
7.969557565E8	398.49909336342023	416.63367108339827
7.999019885E8	398.62136967325887	0.0
8.026961355E8	398.78266302041584	0.0
8.041692515E8	396.8981628275669	416.63367108339827
8.057944525E8	397.72077202974214	0.0
8.087406845E8	398.03827647893405	0.0
8.116869165E8	398.14076598239393	416.63367108339827
8.146331485E8	398.30618417897784	0.0
8.175793805E8	398.581309109463
8.205256125E8	398.9591575312584
8.234718445E8	398.3771957756196
8.264180765E8	397.15252580726235
8.293643085E8	396.6709895318244
8.323105405E8	397.8512260195655
8.352567725E8	398.162315234346
8.382030045E8	397.7614738382594
8.411492365E8	398.1243558448603
8.440954685E8	398.64695423540695
8.466781495E8	398.9024857778877
8.481512655E8	400.01954537627
8.499879325E8	397.99555746193204
8.529341645E8	398.19018135464313
8.558803965E8	398.160541856755
8.588266285E8	397.7734626633594
8.617728605E8	397.60746926467175
8.647190925E8	397.9100431709284
8.676653245E8	398.7066939663918
8.706115565E8	397.79088271171406
8.735577885E8	399.49239988443725
8.765040205E8	398.00726631264337
8.794502525E8	397.93521329210284
8.823964845E8	398.3593550878548
8.853427165E8	398.35878187722943
8.88046739E8	397.8661096804054
8.89519855E8	398.7996963452988
8.912351805E8	398.0097878960947
8.941814125E8	399.3826886617282
8.971276445E8	398.5444514177056
9.000738765E8	398.34085111207696
9.030201085E8	398.4825602730175
9.059663405E8	399.4354444949828
9.089125725E8	398.358195546037
9.118588045E8	397.45345539906106
9.148050365E8	356.41917346311646
9.177512685E8	399.00879867763166
9.206975005E8	399.42041671923374
9.236437325E8	399.4766128190778
9.265899645E8	398.1475200869302
9.281577005E8	398.8743593498316
9.296308165E8	397.90031876337275
9.324824285E8	399.313815867409
9.354286605E8	397.7967268943336
9.383748925E8	397.12867145341835
9.413211245E8	397.60829113073095
9.442673565E8	397.39182299884175
9.472135885E8	397.76998423579005
9.501598205E8	398.27549724174077
9.531060525E8	399.08087961947973
9.560522845E8	397.8093807255405
9.589985165E8	398.36340178156547
9.619447485E8	397.88153346601024
9.63608251E8	398.5382105331854
9.65081367E8	398.4095950922896
9.678372125E8	399.11647847864845
9.707834445E8	399.0576715047644
9.737296765E8	398.59947034463147
9.766759085E8	399.17019374068553
9.796221405E8	379.2632508214984
9.825683725E8	396.2970487884804
9.855146045E8	398.8248763653882
9.884608365E8	398.752841715746
9.914070685E8	398.3602524531257
9.943533005E8	398.8794359526832
9.96973979E8	398.8831054096575
9.98447095E8	378.15993826943986
1.0002457645E9	399.091943847224
1.0031919965E9	398.4454848436756
1.0061382285E9	398.787454926137
1.0090844605E9	398.8721769214284
1.0109513325E9	398.20556603114744
1.0124244485E9	399.20803932450644
1.0149769245E9	398.67090256469635
1.0179231565E9	398.96174664107485
1.0208693885E9	399.2962417174662
1.023418539E9	400.14697302216035
1.024891655E9	398.4092425888561
1.0267618525E9	398.13127167221006
1.0297080845E9	399.01230161894887
1.0326543165E9	399.15996889074614
1.034194805E9	402.41028260129383
1.035667921E9	399.92786481508307
1.0385467805E9	398.67446613573895
1.0414841345E9	393.3371502291027
1.0429572505E9	397.70921305182344
1.0444392445E9	398.5464043583535
1.0473854765E9	399.0695755779609
1.0500931455E9	399.38041152453764
1.0515662615E9	399.0981269939282
1.0532779405E9	399.2816575389865
1.0562241725E9	398.9626293827562
1.0585794415E9	398.70553316086074
1.0600525575E9	398.7766352098926
1.0621166365E9	399.5070970611126
1.0650628685E9	399.26131074763964
1.0668876105E9	399.00080422794116
1.0683607265E9	392.95710675850745
1.0709553325E9	399.4316639029951
1.0733928775E9	398.37388875169773
1.0748659935E9	343.27116511263307
1.0768477965E9	397.99712325483165
1.0794745915E9	394.8210037903542
1.0809477075E9	389.65728900255755
1.082564658E9	396.73465675976706
1.084037774E9	395.66948051948054
1.085319423E9	396.0072174869398
1.086792539E9	394.88128018926824
1.087255665E9	396.0541215653622
1.088728781E9	397.40871418990133
1.0915789565E9	398.52890887779023
1.0945251885E9	397.5443322109989
1.0974714205E9	399.7050249769949
1.1004176525E9	398.66299797921477
1.1033638845E9	398.381938631952
1.1063101165E9	397.48305988723524
1.1092563485E9	397.5257742444019
1.1122025805E9	397.99696577177633
1.1151488125E9	398.24170926263287
1.1180950445E9	398.2112398370167
1.1210412765E9	397.59377615460704
1.1239875085E9	398.481484186692
1.1269337405E9	398.42216972287844
1.1298799725E9	397.7946523088155
1.1328262045E9	397.58100537295167
1.1357724365E9	398.0163476147068
1.1387186685E9	397.9540861118894
1.1416649005E9	398.3199168941215
1.1446111325E9	398.25323016686866
1.1475573645E9	397.31672712158996
1.1505035965E9	398.14491220254666
1.1534498285E9	398.3287312862817
1.1563960605E9	398.5890689814104
1.1593422925E9	397.62979240154976
1.1622885245E9	398.8742214185252
1.1652347565E9	397.42807602660554
1.1681809885E9	398.2004205046055
1.1707663265E9	398.44693460314176
1.1718881035E9	397.84432722014066
1.171912573E9	372.7482269503546
1.1719423915E9	265.719298245614
1.1719716865E9	395.9525645969919
1.1719998695E9	373.7225806451613
1.1720271865E9	381.07974137931035
1.172053963E9	396.9342105263158
1.172080324E9	377.202479338843
1.172105473E9	416.63367108339827
1.1721293445E9	392.2972972972973
1.1721530725E9	369.83009708737865
1.1721767445E9	396.73026315789474
1.1722002915E9	348.30263157894734
1.1722236575E9	330.24074074074076
1.172246207E9	380.0459492140266
1.1722677735E9	335.06060606060606
1.1722889615E9	367.5487804878049
1.1723099925E9	415.67058823529413
1.1723290745E9	399.56437864513236
1.172344497E9	388.0
1.1724758145E9	388.4019807748325
1.172785965E9	397.1755053507729
1.173312376E9	398.0141445456307
1.173847659E9	399.77278106508874
1.1742281915E9	343.6787360657112
1.1745383545E9	369.5601515629934
1.1747839385E9	395.4551139324459
1.175021832E9	341.3335380206734
1.1752406195E9	309.34995574509173
1.1754447675E9	393.36731443134755
1.1756302895E9	275.1556948798328
1.1758017095E9	397.29103088946783
1.1759743985E9	394.66614024005054
1.1761449175E9	399.47919043901265
1.1763080145E9	394.5518334087823
1.176454614E9	366.0339331619537
1.1765908095E9	300.57267441860466
1.1767148905E9	378.0607094133697
1.176828827E9	378.7827027027027
1.1769415455E9	399.6307961504812
1.1770466005E9	377.968622100955
1.1771437885E9	104.2627840909091
1.177227665E9	382.99844720496895
1.1772982075E9	398.27430555555554
1.1773658055E9	400.660726488987
1.1774300485E9	300.4798815107381
1.1774925145E9	387.84806034482756
1.17755326E9	388.7931034482759
1.1776102095E9	114.89398767792649
1.177664105E9	370.96026490066225
1.177715901E9	398.60753532182105
1.1777667665E9	398.9125
1.177815724E9	392.22415865384613
1.1778623185E9	389.02832244008715
1.177908416E9	396.7866728366497
1.1779522895E9	322.6604774535809
1.1779928755E9	381.56363636363636
1.178031512E9	268.72477064220186
1.178069269E9	397.45191062176167
1.1781066915E9	360.0
1.178143855E9	402.64613343442
1.178180591E9	402.93247588424435
1.178216752E9	390.8333333333333
1.178252379E9	325.86684782608694
1.178286871E9	403.7121212121212
1.1783202805E9	376.08469055374593
1.1783530415E9	401.4716088328076
1.1783849895E9	298.3490566037736
1.1784162885E9	266.3208852005533
1.178447326E9	269.8974358974359
1.1784776715E9	399.4226275292106
