#Coverage	Number of genomic locations
0.0	2.9785245E7
1.0	1.1274494E7
2.0	1.4046963E7
3.0	2.0024069E7
4.0	2.9276432E7
5.0	4.1278223E7
6.0	5.4763991E7
7.0	6.7835277E7
8.0	7.8957812E7
9.0	8.6627996E7
10.0	9.0203741E7
11.0	8.9763987E7
12.0	8.5719121E7
13.0	7.8990335E7
14.0	7.0672311E7
15.0	6.1569617E7
16.0	5.2434308E7
17.0	4.3740307E7
18.0	3.5911409E7
19.0	2.9054761E7
20.0	2.3170345E7
21.0	1.8344119E7
22.0	1.4372862E7
23.0	1.1189304E7
24.0	8650971.0
25.0	6655587.0
26.0	5116470.0
27.0	3900014.0
28.0	2962873.0
29.0	2249926.0
30.0	1705294.0
31.0	1288437.0
32.0	979123.0
33.0	744281.0
34.0	564279.0
35.0	434335.0
36.0	338523.0
37.0	267161.0
38.0	213284.0
39.0	174681.0
40.0	144391.0
41.0	123047.0
42.0	107312.0
43.0	94993.0
44.0	84885.0
45.0	76869.0
46.0	71170.0
47.0	65722.0
48.0	61244.0
49.0	57559.0
50.0	54853.0
51.0	52567.0
52.0	48902.0
53.0	47091.0
54.0	45621.0
55.0	42817.0
56.0	40719.0
57.0	39482.0
58.0	37255.0
59.0	35819.0
60.0	35018.0
61.0	34172.0
62.0	32773.0
63.0	31630.0
64.0	30291.0
65.0	29936.0
66.0	28759.0
67.0	28102.0
68.0	26960.0
69.0	26263.0
70.0	25385.0
71.0	24705.0
72.0	23848.0
73.0	23438.0
74.0	22958.0
75.0	22266.0
76.0	21684.0
77.0	21215.0
78.0	20187.0
79.0	19713.0
80.0	19523.0
81.0	18970.0
82.0	18632.0
83.0	18111.0
84.0	17975.0
85.0	17491.0
86.0	16539.0
87.0	16030.0
88.0	15581.0
89.0	15286.0
90.0	14801.0
91.0	14516.0
92.0	14275.0
93.0	14143.0
94.0	13859.0
95.0	13229.0
96.0	12877.0
97.0	12801.0
98.0	12332.0
99.0	12130.0
100.0	11718.0
101.0	11170.0
102.0	11173.0
103.0	10910.0
104.0	10640.0
105.0	10580.0
106.0	10339.0
107.0	10136.0
108.0	10040.0
109.0	9896.0
110.0	9513.0
111.0	9235.0
112.0	8946.0
113.0	8912.0
114.0	8557.0
115.0	8314.0
116.0	8247.0
117.0	8428.0
118.0	8000.0
119.0	7861.0
120.0	7768.0
121.0	7790.0
122.0	7549.0
123.0	7329.0
124.0	7074.0
125.0	6972.0
126.0	6969.0
127.0	6812.0
128.0	7010.0
129.0	6945.0
130.0	6783.0
131.0	6559.0
132.0	6371.0
133.0	6319.0
134.0	6210.0
135.0	6185.0
136.0	5906.0
137.0	5780.0
138.0	5907.0
139.0	5841.0
140.0	5718.0
141.0	5632.0
142.0	5563.0
143.0	5472.0
144.0	5337.0
145.0	5310.0
146.0	5188.0
147.0	5293.0
148.0	5090.0
149.0	5049.0
150.0	5059.0
151.0	5071.0
152.0	5038.0
153.0	4805.0
154.0	4878.0
155.0	4667.0
156.0	4651.0
157.0	4633.0
158.0	4401.0
159.0	4345.0
160.0	4470.0
161.0	4355.0
162.0	4212.0
163.0	4350.0
164.0	4221.0
165.0	4163.0
166.0	4230.0
167.0	4219.0
168.0	4217.0
169.0	4088.0
170.0	3927.0
171.0	3992.0
172.0	3831.0
173.0	3817.0
174.0	3733.0
175.0	3820.0
176.0	3674.0
177.0	3626.0
178.0	3592.0
179.0	3693.0
180.0	3432.0
181.0	3617.0
182.0	3500.0
183.0	3443.0
184.0	3441.0
185.0	3481.0
186.0	3198.0
187.0	3251.0
188.0	3274.0
189.0	3166.0
190.0	3050.0
191.0	3101.0
192.0	3152.0
193.0	3015.0
194.0	2953.0
195.0	2819.0
196.0	2859.0
197.0	2883.0
198.0	2800.0
199.0	2864.0
200.0	2729.0
201.0	2696.0
202.0	2850.0
203.0	2683.0
204.0	2702.0
205.0	2682.0
206.0	2688.0
207.0	2534.0
208.0	2483.0
209.0	2444.0
210.0	2419.0
211.0	2348.0
212.0	2353.0
213.0	2383.0
214.0	2253.0
215.0	2183.0
216.0	2181.0
217.0	2207.0
218.0	2089.0
219.0	2092.0
220.0	2099.0
221.0	2111.0
222.0	2152.0
223.0	2220.0
224.0	2136.0
225.0	2092.0
226.0	2187.0
227.0	2013.0
228.0	2027.0
229.0	1895.0
230.0	2003.0
231.0	1965.0
232.0	1924.0
233.0	1835.0
234.0	1839.0
235.0	1771.0
236.0	1688.0
237.0	1730.0
238.0	1733.0
239.0	1660.0
240.0	1674.0
241.0	1604.0
242.0	1592.0
243.0	1584.0
244.0	1612.0
245.0	1623.0
246.0	1523.0
247.0	1604.0
248.0	1567.0
249.0	1577.0
250.0	1550.0
251.0	1477.0
252.0	1520.0
253.0	1520.0
254.0	1474.0
255.0	1417.0
256.0	1422.0
257.0	1422.0
258.0	1433.0
259.0	1388.0
260.0	1348.0
261.0	1434.0
262.0	1463.0
263.0	1473.0
264.0	1452.0
265.0	1466.0
266.0	1346.0
267.0	1367.0
268.0	1405.0
269.0	1399.0
270.0	1405.0
271.0	1347.0
272.0	1470.0
273.0	1341.0
274.0	1401.0
275.0	1310.0
276.0	1294.0
277.0	1358.0
278.0	1318.0
279.0	1260.0
280.0	1285.0
281.0	1261.0
282.0	1381.0
283.0	1170.0
284.0	1170.0
285.0	1185.0
286.0	1170.0
287.0	1196.0
288.0	1183.0
289.0	1132.0
290.0	1175.0
291.0	1069.0
292.0	1164.0
293.0	1131.0
294.0	1103.0
295.0	1083.0
296.0	1166.0
297.0	1087.0
298.0	1028.0
299.0	1024.0
300.0	1071.0
301.0	1088.0
302.0	1038.0
303.0	982.0
304.0	945.0
305.0	992.0
306.0	1001.0
307.0	999.0
308.0	1024.0
309.0	1054.0
310.0	1012.0
311.0	1002.0
312.0	971.0
313.0	964.0
314.0	930.0
315.0	943.0
316.0	937.0
317.0	906.0
318.0	914.0
319.0	918.0
320.0	972.0
321.0	905.0
322.0	974.0
323.0	881.0
324.0	871.0
325.0	878.0
326.0	879.0
327.0	923.0
328.0	949.0
329.0	979.0
330.0	966.0
331.0	908.0
332.0	914.0
333.0	885.0
334.0	967.0
335.0	869.0
336.0	883.0
337.0	894.0
338.0	834.0
339.0	776.0
340.0	863.0
341.0	877.0
342.0	880.0
343.0	818.0
344.0	777.0
345.0	791.0
346.0	864.0
347.0	829.0
348.0	843.0
349.0	834.0
350.0	835.0
351.0	859.0
352.0	830.0
353.0	819.0
354.0	822.0
355.0	843.0
356.0	821.0
357.0	811.0
358.0	835.0
359.0	804.0
360.0	810.0
361.0	793.0
362.0	795.0
363.0	803.0
364.0	820.0
365.0	764.0
366.0	811.0
367.0	734.0
368.0	758.0
369.0	713.0
370.0	730.0
371.0	768.0
372.0	644.0
373.0	664.0
374.0	703.0
375.0	714.0
376.0	683.0
377.0	679.0
378.0	653.0
379.0	667.0
380.0	679.0
381.0	639.0
382.0	702.0
383.0	703.0
384.0	656.0
385.0	671.0
386.0	640.0
387.0	623.0
388.0	599.0
389.0	641.0
390.0	592.0
391.0	624.0
392.0	616.0
393.0	607.0
394.0	615.0
395.0	592.0
396.0	608.0
397.0	637.0
398.0	641.0
399.0	682.0
400.0	593.0
401.0	546.0
402.0	609.0
403.0	578.0
404.0	615.0
405.0	637.0
406.0	688.0
407.0	615.0
408.0	623.0
409.0	614.0
410.0	612.0
411.0	592.0
412.0	589.0
413.0	556.0
414.0	540.0
415.0	545.0
416.0	558.0
417.0	590.0
418.0	584.0
419.0	579.0
420.0	620.0
421.0	588.0
422.0	595.0
423.0	566.0
424.0	618.0
425.0	571.0
426.0	529.0
427.0	568.0
428.0	521.0
429.0	579.0
430.0	529.0
431.0	574.0
432.0	592.0
433.0	557.0
434.0	580.0
435.0	588.0
436.0	535.0
437.0	546.0
438.0	588.0
439.0	567.0
440.0	556.0
441.0	548.0
442.0	501.0
443.0	479.0
444.0	514.0
445.0	523.0
446.0	550.0
447.0	520.0
448.0	528.0
449.0	485.0
450.0	510.0
451.0	506.0
452.0	546.0
453.0	507.0
454.0	524.0
455.0	519.0
456.0	529.0
457.0	543.0
458.0	550.0
459.0	541.0
460.0	559.0
461.0	533.0
462.0	540.0
463.0	558.0
464.0	541.0
465.0	535.0
466.0	524.0
467.0	523.0
468.0	471.0
469.0	529.0
470.0	531.0
471.0	506.0
472.0	476.0
473.0	535.0
474.0	531.0
475.0	578.0
476.0	501.0
477.0	528.0
478.0	520.0
479.0	526.0
480.0	504.0
481.0	510.0
482.0	534.0
483.0	463.0
484.0	582.0
485.0	535.0
486.0	576.0
487.0	557.0
488.0	514.0
489.0	519.0
490.0	481.0
491.0	459.0
492.0	474.0
493.0	510.0
494.0	460.0
495.0	468.0
496.0	493.0
497.0	441.0
498.0	479.0
499.0	498.0
500.0	461.0
501.0	451.0
502.0	481.0
503.0	481.0
504.0	423.0
505.0	481.0
506.0	464.0
507.0	451.0
508.0	501.0
509.0	465.0
510.0	490.0
511.0	490.0
512.0	467.0
513.0	457.0
514.0	472.0
515.0	458.0
516.0	436.0
517.0	434.0
518.0	477.0
519.0	426.0
520.0	458.0
521.0	483.0
522.0	454.0
523.0	438.0
524.0	405.0
525.0	406.0
526.0	490.0
527.0	447.0
528.0	430.0
529.0	435.0
530.0	410.0
531.0	426.0
532.0	393.0
533.0	438.0
534.0	406.0
535.0	432.0
536.0	439.0
537.0	347.0
538.0	412.0
539.0	427.0
540.0	398.0
541.0	390.0
542.0	433.0
543.0	388.0
544.0	421.0
545.0	405.0
546.0	423.0
547.0	417.0
548.0	420.0
549.0	404.0
550.0	426.0
551.0	371.0
552.0	395.0
553.0	395.0
554.0	391.0
555.0	382.0
556.0	349.0
557.0	342.0
558.0	411.0
559.0	342.0
560.0	339.0
561.0	370.0
562.0	355.0
563.0	336.0
564.0	317.0
565.0	328.0
566.0	339.0
567.0	286.0
568.0	313.0
569.0	385.0
570.0	365.0
571.0	328.0
572.0	317.0
573.0	352.0
574.0	340.0
575.0	330.0
576.0	359.0
577.0	355.0
578.0	342.0
579.0	339.0
580.0	344.0
581.0	319.0
582.0	345.0
583.0	334.0
584.0	343.0
585.0	323.0
586.0	344.0
587.0	340.0
588.0	318.0
589.0	306.0
590.0	320.0
591.0	314.0
592.0	293.0
593.0	287.0
594.0	309.0
595.0	337.0
596.0	313.0
597.0	325.0
598.0	275.0
599.0	334.0
600.0	318.0
601.0	348.0
602.0	283.0
603.0	334.0
604.0	336.0
605.0	359.0
606.0	346.0
607.0	339.0
608.0	353.0
609.0	381.0
610.0	349.0
611.0	336.0
612.0	324.0
613.0	331.0
614.0	376.0
615.0	324.0
616.0	340.0
617.0	373.0
618.0	345.0
619.0	303.0
620.0	305.0
621.0	329.0
622.0	307.0
623.0	340.0
624.0	334.0
625.0	312.0
626.0	307.0
627.0	316.0
628.0	299.0
629.0	299.0
630.0	294.0
631.0	290.0
632.0	303.0
633.0	298.0
634.0	321.0
635.0	278.0
636.0	270.0
637.0	293.0
638.0	308.0
639.0	252.0
640.0	300.0
641.0	286.0
642.0	291.0
643.0	256.0
644.0	278.0
645.0	315.0
646.0	301.0
647.0	289.0
648.0	300.0
649.0	333.0
650.0	303.0
651.0	325.0
652.0	277.0
653.0	321.0
654.0	274.0
655.0	311.0
656.0	285.0
657.0	254.0
658.0	304.0
659.0	260.0
660.0	299.0
661.0	242.0
662.0	241.0
663.0	286.0
664.0	286.0
665.0	290.0
666.0	247.0
667.0	287.0
668.0	277.0
669.0	258.0
670.0	261.0
671.0	258.0
672.0	265.0
673.0	269.0
674.0	266.0
675.0	226.0
676.0	241.0
677.0	248.0
678.0	247.0
679.0	284.0
680.0	256.0
681.0	261.0
682.0	246.0
683.0	274.0
684.0	251.0
685.0	246.0
686.0	250.0
687.0	218.0
688.0	247.0
689.0	247.0
690.0	242.0
691.0	220.0
692.0	206.0
693.0	223.0
694.0	228.0
695.0	247.0
696.0	249.0
697.0	218.0
698.0	241.0
699.0	228.0
700.0	239.0
701.0	212.0
702.0	227.0
703.0	225.0
704.0	227.0
705.0	212.0
706.0	208.0
707.0	260.0
708.0	217.0
709.0	211.0
710.0	212.0
711.0	214.0
712.0	219.0
713.0	208.0
714.0	235.0
715.0	212.0
716.0	196.0
717.0	238.0
718.0	185.0
719.0	223.0
720.0	205.0
721.0	180.0
722.0	209.0
723.0	225.0
724.0	185.0
725.0	218.0
726.0	236.0
727.0	204.0
728.0	200.0
729.0	190.0
730.0	220.0
731.0	206.0
732.0	230.0
733.0	203.0
734.0	212.0
735.0	204.0
736.0	213.0
737.0	225.0
738.0	202.0
739.0	218.0
740.0	226.0
741.0	227.0
742.0	214.0
743.0	199.0
744.0	210.0
745.0	189.0
746.0	208.0
747.0	175.0
748.0	190.0
749.0	195.0
750.0	240.0
751.0	172.0
752.0	207.0
753.0	183.0
754.0	214.0
755.0	185.0
756.0	199.0
757.0	188.0
758.0	220.0
759.0	218.0
760.0	202.0
761.0	199.0
762.0	172.0
763.0	208.0
764.0	202.0
765.0	176.0
766.0	191.0
767.0	181.0
768.0	164.0
769.0	171.0
770.0	172.0
771.0	180.0
772.0	198.0
773.0	179.0
774.0	203.0
775.0	212.0
776.0	196.0
777.0	213.0
778.0	211.0
779.0	212.0
780.0	216.0
781.0	196.0
782.0	197.0
783.0	205.0
784.0	229.0
785.0	212.0
786.0	191.0
787.0	175.0
788.0	202.0
789.0	197.0
790.0	170.0
791.0	168.0
792.0	188.0
793.0	186.0
794.0	169.0
795.0	161.0
796.0	167.0
797.0	162.0
798.0	167.0
799.0	165.0
800.0	170.0
801.0	178.0
802.0	181.0
803.0	169.0
804.0	187.0
805.0	167.0
806.0	169.0
807.0	184.0
808.0	190.0
809.0	156.0
810.0	156.0
811.0	195.0
812.0	138.0
813.0	182.0
814.0	161.0
815.0	163.0
816.0	152.0
817.0	150.0
818.0	163.0
819.0	159.0
820.0	151.0
821.0	159.0
822.0	144.0
823.0	169.0
824.0	138.0
825.0	139.0
826.0	160.0
827.0	170.0
828.0	149.0
829.0	160.0
830.0	170.0
831.0	178.0
832.0	136.0
833.0	149.0
834.0	158.0
835.0	145.0
836.0	151.0
837.0	153.0
838.0	125.0
839.0	169.0
840.0	134.0
841.0	146.0
842.0	156.0
843.0	166.0
844.0	131.0
845.0	154.0
846.0	181.0
847.0	143.0
848.0	152.0
849.0	145.0
850.0	164.0
851.0	149.0
852.0	167.0
853.0	149.0
854.0	151.0
855.0	151.0
856.0	149.0
857.0	129.0
858.0	144.0
859.0	165.0
860.0	139.0
861.0	162.0
862.0	158.0
863.0	152.0
864.0	167.0
865.0	144.0
866.0	139.0
867.0	145.0
868.0	141.0
869.0	161.0
870.0	148.0
871.0	165.0
872.0	131.0
873.0	126.0
874.0	138.0
875.0	154.0
876.0	141.0
877.0	168.0
878.0	156.0
879.0	165.0
880.0	154.0
881.0	150.0
882.0	148.0
883.0	139.0
884.0	172.0
885.0	161.0
886.0	159.0
887.0	155.0
888.0	147.0
889.0	141.0
890.0	147.0
891.0	137.0
892.0	132.0
893.0	138.0
894.0	130.0
895.0	112.0
896.0	139.0
897.0	138.0
898.0	110.0
899.0	136.0
900.0	137.0
901.0	116.0
902.0	127.0
903.0	121.0
904.0	110.0
905.0	99.0
906.0	116.0
907.0	120.0
908.0	109.0
909.0	127.0
910.0	115.0
911.0	125.0
912.0	115.0
913.0	124.0
914.0	111.0
915.0	125.0
916.0	110.0
917.0	126.0
918.0	136.0
919.0	123.0
920.0	119.0
921.0	133.0
922.0	124.0
923.0	134.0
924.0	149.0
925.0	138.0
926.0	130.0
927.0	143.0
928.0	108.0
929.0	124.0
930.0	146.0
931.0	147.0
932.0	135.0
933.0	134.0
934.0	116.0
935.0	132.0
936.0	133.0
937.0	121.0
938.0	103.0
939.0	118.0
940.0	117.0
941.0	101.0
942.0	132.0
943.0	128.0
944.0	134.0
945.0	126.0
946.0	112.0
947.0	132.0
948.0	121.0
949.0	124.0
950.0	132.0
951.0	96.0
952.0	135.0
953.0	119.0
954.0	114.0
955.0	112.0
956.0	103.0
957.0	104.0
958.0	118.0
959.0	91.0
960.0	104.0
961.0	105.0
962.0	107.0
963.0	106.0
964.0	95.0
965.0	96.0
966.0	79.0
967.0	93.0
968.0	93.0
969.0	88.0
970.0	93.0
971.0	80.0
972.0	80.0
973.0	86.0
974.0	89.0
975.0	112.0
976.0	100.0
977.0	98.0
978.0	102.0
979.0	84.0
980.0	96.0
981.0	92.0
982.0	99.0
983.0	88.0
984.0	93.0
985.0	94.0
986.0	93.0
987.0	99.0
988.0	104.0
989.0	106.0
990.0	103.0
991.0	100.0
992.0	83.0
993.0	90.0
994.0	96.0
995.0	85.0
996.0	86.0
997.0	93.0
998.0	100.0
999.0	85.0
1000.0	106.0
1001.0	88.0
1002.0	93.0
1003.0	92.0
1004.0	98.0
1005.0	84.0
1006.0	103.0
1007.0	108.0
1008.0	107.0
1009.0	80.0
1010.0	117.0
1011.0	113.0
1012.0	108.0
1013.0	91.0
1014.0	109.0
1015.0	106.0
1016.0	113.0
1017.0	131.0
1018.0	107.0
1019.0	99.0
1020.0	107.0
1021.0	124.0
1022.0	120.0
1023.0	129.0
1024.0	127.0
1025.0	119.0
1026.0	90.0
1027.0	92.0
1028.0	108.0
1029.0	102.0
1030.0	126.0
1031.0	115.0
1032.0	119.0
1033.0	103.0
1034.0	99.0
1035.0	90.0
1036.0	106.0
1037.0	83.0
1038.0	118.0
1039.0	108.0
1040.0	115.0
1041.0	93.0
1042.0	104.0
1043.0	99.0
1044.0	112.0
1045.0	88.0
1046.0	99.0
1047.0	118.0
1048.0	102.0
1049.0	99.0
1050.0	114.0
1051.0	93.0
1052.0	106.0
1053.0	99.0
1054.0	110.0
1055.0	102.0
1056.0	88.0
1057.0	115.0
1058.0	123.0
1059.0	101.0
1060.0	90.0
1061.0	117.0
1062.0	78.0
1063.0	98.0
1064.0	89.0
1065.0	99.0
1066.0	88.0
1067.0	91.0
1068.0	82.0
1069.0	72.0
1070.0	94.0
1071.0	102.0
1072.0	92.0
1073.0	93.0
1074.0	101.0
1075.0	88.0
1076.0	108.0
1077.0	103.0
1078.0	101.0
1079.0	98.0
1080.0	87.0
1081.0	97.0
1082.0	73.0
1083.0	81.0
1084.0	80.0
1085.0	77.0
1086.0	85.0
1087.0	76.0
1088.0	88.0
1089.0	85.0
1090.0	109.0
1091.0	74.0
1092.0	93.0
1093.0	85.0
1094.0	80.0
1095.0	76.0
1096.0	72.0
1097.0	88.0
1098.0	88.0
1099.0	61.0
1100.0	85.0
1101.0	71.0
1102.0	90.0
1103.0	65.0
1104.0	73.0
1105.0	68.0
1106.0	100.0
1107.0	85.0
1108.0	82.0
1109.0	77.0
1110.0	75.0
1111.0	80.0
1112.0	80.0
1113.0	88.0
1114.0	73.0
1115.0	73.0
1116.0	74.0
1117.0	99.0
1118.0	83.0
1119.0	93.0
1120.0	108.0
1121.0	94.0
1122.0	74.0
1123.0	91.0
1124.0	102.0
1125.0	94.0
1126.0	78.0
1127.0	79.0
1128.0	83.0
1129.0	112.0
1130.0	83.0
1131.0	89.0
1132.0	86.0
1133.0	83.0
1134.0	98.0
1135.0	85.0
1136.0	75.0
1137.0	87.0
1138.0	72.0
1139.0	74.0
1140.0	83.0
1141.0	76.0
1142.0	88.0
1143.0	70.0
1144.0	75.0
1145.0	96.0
1146.0	81.0
1147.0	88.0
1148.0	70.0
1149.0	77.0
1150.0	77.0
1151.0	71.0
1152.0	92.0
1153.0	86.0
1154.0	84.0
1155.0	85.0
1156.0	85.0
1157.0	77.0
1158.0	102.0
1159.0	91.0
1160.0	88.0
1161.0	75.0
1162.0	76.0
1163.0	67.0
1164.0	81.0
1165.0	77.0
1166.0	68.0
1167.0	73.0
1168.0	69.0
1169.0	72.0
1170.0	74.0
1171.0	71.0
1172.0	65.0
1173.0	73.0
1174.0	67.0
1175.0	74.0
1176.0	57.0
1177.0	73.0
1178.0	59.0
1179.0	76.0
1180.0	65.0
1181.0	84.0
1182.0	90.0
1183.0	74.0
1184.0	66.0
1185.0	86.0
1186.0	67.0
1187.0	61.0
1188.0	67.0
1189.0	59.0
1190.0	75.0
1191.0	73.0
1192.0	82.0
1193.0	62.0
1194.0	73.0
1195.0	74.0
1196.0	61.0
1197.0	70.0
1198.0	65.0
1199.0	80.0
1200.0	65.0
1201.0	73.0
1202.0	74.0
1203.0	58.0
1204.0	61.0
1205.0	76.0
1206.0	64.0
1207.0	53.0
1208.0	68.0
1209.0	64.0
1210.0	86.0
1211.0	70.0
1212.0	70.0
1213.0	71.0
1214.0	86.0
1215.0	82.0
1216.0	65.0
1217.0	63.0
1218.0	82.0
1219.0	63.0
1220.0	65.0
1221.0	70.0
1222.0	57.0
1223.0	75.0
1224.0	67.0
1225.0	88.0
1226.0	78.0
1227.0	68.0
1228.0	80.0
1229.0	65.0
1230.0	84.0
1231.0	83.0
1232.0	65.0
1233.0	91.0
1234.0	63.0
1235.0	75.0
1236.0	73.0
1237.0	72.0
1238.0	76.0
1239.0	76.0
1240.0	78.0
1241.0	67.0
1242.0	82.0
1243.0	79.0
1244.0	89.0
1245.0	60.0
1246.0	62.0
1247.0	69.0
1248.0	73.0
1249.0	64.0
1250.0	93.0
1251.0	77.0
1252.0	66.0
1253.0	72.0
1254.0	61.0
1255.0	70.0
1256.0	66.0
1257.0	59.0
1258.0	61.0
1259.0	71.0
1260.0	59.0
1261.0	67.0
1262.0	67.0
1263.0	80.0
1264.0	51.0
1265.0	67.0
1266.0	56.0
1267.0	64.0
1268.0	71.0
1269.0	61.0
1270.0	64.0
1271.0	91.0
1272.0	76.0
1273.0	80.0
1274.0	61.0
1275.0	65.0
1276.0	73.0
1277.0	59.0
1278.0	73.0
1279.0	74.0
1280.0	64.0
1281.0	82.0
1282.0	75.0
1283.0	69.0
1284.0	73.0
1285.0	73.0
1286.0	81.0
1287.0	73.0
1288.0	87.0
1289.0	64.0
1290.0	82.0
1291.0	75.0
1292.0	72.0
1293.0	71.0
1294.0	61.0
1295.0	74.0
1296.0	77.0
1297.0	81.0
1298.0	97.0
1299.0	55.0
1300.0	72.0
1301.0	67.0
1302.0	61.0
1303.0	70.0
1304.0	49.0
1305.0	51.0
1306.0	64.0
1307.0	65.0
1308.0	67.0
1309.0	57.0
1310.0	65.0
1311.0	52.0
1312.0	59.0
1313.0	57.0
1314.0	58.0
1315.0	54.0
1316.0	58.0
1317.0	48.0
1318.0	53.0
1319.0	60.0
1320.0	45.0
1321.0	58.0
1322.0	50.0
1323.0	64.0
1324.0	65.0
1325.0	54.0
1326.0	55.0
1327.0	47.0
1328.0	58.0
1329.0	58.0
1330.0	68.0
1331.0	51.0
1332.0	47.0
1333.0	62.0
1334.0	57.0
1335.0	70.0
1336.0	46.0
1337.0	50.0
1338.0	48.0
1339.0	54.0
1340.0	59.0
1341.0	60.0
1342.0	41.0
1343.0	55.0
1344.0	54.0
1345.0	45.0
1346.0	52.0
1347.0	56.0
1348.0	36.0
1349.0	46.0
1350.0	59.0
1351.0	37.0
1352.0	52.0
1353.0	44.0
1354.0	57.0
1355.0	54.0
1356.0	54.0
1357.0	58.0
1358.0	51.0
1359.0	54.0
1360.0	43.0
1361.0	45.0
1362.0	50.0
1363.0	41.0
1364.0	54.0
1365.0	63.0
1366.0	47.0
1367.0	47.0
1368.0	43.0
1369.0	45.0
1370.0	39.0
1371.0	50.0
1372.0	54.0
1373.0	50.0
1374.0	54.0
1375.0	52.0
1376.0	46.0
1377.0	54.0
1378.0	60.0
1379.0	61.0
1380.0	52.0
1381.0	67.0
1382.0	54.0
1383.0	53.0
1384.0	44.0
1385.0	55.0
1386.0	59.0
1387.0	46.0
1388.0	55.0
1389.0	65.0
1390.0	58.0
1391.0	43.0
1392.0	55.0
1393.0	35.0
1394.0	46.0
1395.0	57.0
1396.0	39.0
1397.0	53.0
1398.0	46.0
1399.0	41.0
1400.0	47.0
1401.0	60.0
1402.0	59.0
1403.0	51.0
1404.0	53.0
1405.0	47.0
1406.0	52.0
1407.0	42.0
1408.0	56.0
1409.0	43.0
1410.0	41.0
1411.0	47.0
1412.0	45.0
1413.0	56.0
1414.0	55.0
1415.0	47.0
1416.0	55.0
1417.0	53.0
1418.0	46.0
1419.0	51.0
1420.0	64.0
1421.0	48.0
1422.0	59.0
1423.0	49.0
1424.0	43.0
1425.0	54.0
1426.0	44.0
1427.0	50.0
1428.0	43.0
1429.0	57.0
1430.0	59.0
1431.0	61.0
1432.0	70.0
1433.0	58.0
1434.0	55.0
1435.0	66.0
1436.0	44.0
1437.0	49.0
1438.0	37.0
1439.0	61.0
1440.0	60.0
1441.0	57.0
1442.0	49.0
1443.0	58.0
1444.0	57.0
1445.0	49.0
1446.0	60.0
1447.0	46.0
1448.0	61.0
1449.0	55.0
1450.0	43.0
1451.0	47.0
1452.0	56.0
1453.0	54.0
1454.0	58.0
1455.0	53.0
1456.0	46.0
1457.0	42.0
1458.0	56.0
1459.0	57.0
1460.0	58.0
1461.0	54.0
1462.0	47.0
1463.0	41.0
1464.0	49.0
1465.0	49.0
1466.0	49.0
1467.0	61.0
1468.0	51.0
1469.0	37.0
1470.0	47.0
1471.0	40.0
1472.0	48.0
1473.0	33.0
1474.0	60.0
1475.0	59.0
1476.0	51.0
1477.0	48.0
1478.0	46.0
1479.0	46.0
1480.0	52.0
1481.0	36.0
1482.0	49.0
1483.0	50.0
1484.0	38.0
1485.0	44.0
1486.0	44.0
1487.0	49.0
1488.0	49.0
1489.0	51.0
1490.0	43.0
1491.0	43.0
1492.0	45.0
1493.0	41.0
1494.0	35.0
1495.0	22.0
1496.0	41.0
1497.0	50.0
1498.0	47.0
1499.0	59.0
1500.0	40.0
1501.0	39.0
1502.0	40.0
1503.0	44.0
1504.0	36.0
1505.0	45.0
1506.0	46.0
1507.0	46.0
1508.0	42.0
1509.0	47.0
1510.0	20.0
1511.0	41.0
1512.0	31.0
1513.0	48.0
1514.0	51.0
1515.0	41.0
1516.0	47.0
1517.0	49.0
1518.0	45.0
1519.0	38.0
1520.0	33.0
1521.0	54.0
1522.0	53.0
1523.0	38.0
1524.0	46.0
1525.0	35.0
1526.0	49.0
1527.0	46.0
1528.0	51.0
1529.0	47.0
1530.0	52.0
1531.0	43.0
1532.0	52.0
1533.0	45.0
1534.0	34.0
1535.0	29.0
1536.0	38.0
1537.0	51.0
1538.0	44.0
1539.0	36.0
1540.0	38.0
1541.0	57.0
1542.0	30.0
1543.0	31.0
1544.0	38.0
1545.0	49.0
1546.0	45.0
1547.0	34.0
1548.0	42.0
1549.0	47.0
1550.0	51.0
1551.0	41.0
1552.0	58.0
1553.0	49.0
1554.0	31.0
1555.0	48.0
1556.0	38.0
1557.0	45.0
1558.0	43.0
1559.0	46.0
1560.0	41.0
1561.0	36.0
1562.0	43.0
1563.0	45.0
1564.0	49.0
1565.0	56.0
1566.0	65.0
1567.0	53.0
1568.0	46.0
1569.0	51.0
1570.0	59.0
1571.0	48.0
1572.0	57.0
1573.0	54.0
1574.0	47.0
1575.0	53.0
1576.0	49.0
1577.0	47.0
1578.0	53.0
1579.0	41.0
1580.0	55.0
1581.0	50.0
1582.0	47.0
1583.0	51.0
1584.0	56.0
1585.0	50.0
1586.0	38.0
1587.0	40.0
1588.0	52.0
1589.0	38.0
1590.0	52.0
1591.0	56.0
1592.0	57.0
1593.0	42.0
1594.0	56.0
1595.0	46.0
1596.0	48.0
1597.0	44.0
1598.0	51.0
1599.0	50.0
1600.0	36.0
1601.0	44.0
1602.0	49.0
1603.0	54.0
1604.0	49.0
1605.0	44.0
1606.0	43.0
1607.0	51.0
1608.0	51.0
1609.0	56.0
1610.0	41.0
1611.0	40.0
1612.0	57.0
1613.0	57.0
1614.0	53.0
1615.0	45.0
1616.0	42.0
1617.0	50.0
1618.0	44.0
1619.0	39.0
1620.0	40.0
1621.0	44.0
1622.0	46.0
1623.0	51.0
1624.0	38.0
1625.0	46.0
1626.0	40.0
1627.0	47.0
1628.0	33.0
1629.0	46.0
1630.0	39.0
1631.0	51.0
1632.0	47.0
1633.0	48.0
1634.0	38.0
1635.0	42.0
1636.0	36.0
1637.0	46.0
1638.0	37.0
1639.0	45.0
1640.0	31.0
1641.0	47.0
1642.0	33.0
1643.0	53.0
1644.0	28.0
1645.0	46.0
1646.0	35.0
1647.0	48.0
1648.0	36.0
1649.0	38.0
1650.0	52.0
1651.0	37.0
1652.0	37.0
1653.0	45.0
1654.0	48.0
1655.0	39.0
1656.0	42.0
1657.0	37.0
1658.0	34.0
1659.0	45.0
1660.0	41.0
1661.0	47.0
1662.0	35.0
1663.0	41.0
1664.0	36.0
1665.0	26.0
1666.0	37.0
1667.0	48.0
1668.0	46.0
1669.0	32.0
1670.0	42.0
1671.0	47.0
1672.0	30.0
1673.0	27.0
1674.0	43.0
1675.0	42.0
1676.0	34.0
1677.0	45.0
1678.0	44.0
1679.0	28.0
1680.0	40.0
1681.0	44.0
1682.0	43.0
1683.0	36.0
1684.0	31.0
1685.0	40.0
1686.0	43.0
1687.0	38.0
1688.0	41.0
1689.0	40.0
1690.0	37.0
1691.0	37.0
1692.0	31.0
1693.0	47.0
1694.0	39.0
1695.0	35.0
1696.0	42.0
1697.0	44.0
1698.0	37.0
1699.0	38.0
1700.0	30.0
1701.0	35.0
1702.0	34.0
1703.0	30.0
1704.0	29.0
1705.0	31.0
1706.0	40.0
1707.0	27.0
1708.0	44.0
1709.0	29.0
1710.0	31.0
1711.0	31.0
1712.0	31.0
1713.0	39.0
1714.0	37.0
1715.0	41.0
1716.0	42.0
1717.0	32.0
1718.0	41.0
1719.0	48.0
1720.0	43.0
1721.0	35.0
1722.0	32.0
1723.0	31.0
1724.0	38.0
1725.0	36.0
1726.0	31.0
1727.0	33.0
1728.0	30.0
1729.0	43.0
1730.0	38.0
1731.0	31.0
1732.0	34.0
1733.0	36.0
1734.0	40.0
1735.0	31.0
1736.0	27.0
1737.0	34.0
1738.0	38.0
1739.0	48.0
1740.0	50.0
1741.0	41.0
1742.0	23.0
1743.0	36.0
1744.0	39.0
1745.0	28.0
1746.0	31.0
1747.0	32.0
1748.0	44.0
1749.0	36.0
1750.0	46.0
1751.0	33.0
1752.0	36.0
1753.0	31.0
1754.0	34.0
1755.0	32.0
1756.0	24.0
1757.0	29.0
1758.0	36.0
1759.0	34.0
1760.0	24.0
1761.0	27.0
1762.0	34.0
1763.0	36.0
1764.0	29.0
1765.0	28.0
1766.0	30.0
1767.0	49.0
1768.0	41.0
1769.0	30.0
1770.0	31.0
1771.0	24.0
1772.0	24.0
1773.0	28.0
1774.0	21.0
1775.0	30.0
1776.0	31.0
1777.0	40.0
1778.0	39.0
1779.0	25.0
1780.0	32.0
1781.0	40.0
1782.0	30.0
1783.0	30.0
1784.0	36.0
1785.0	32.0
1786.0	33.0
1787.0	32.0
1788.0	30.0
1789.0	34.0
1790.0	37.0
1791.0	31.0
1792.0	23.0
1793.0	38.0
1794.0	38.0
1795.0	41.0
1796.0	36.0
1797.0	25.0
1798.0	43.0
1799.0	27.0
1800.0	41.0
1801.0	30.0
1802.0	36.0
1803.0	40.0
1804.0	30.0
1805.0	25.0
1806.0	40.0
1807.0	28.0
1808.0	35.0
1809.0	34.0
1810.0	38.0
1811.0	30.0
1812.0	43.0
1813.0	44.0
1814.0	33.0
1815.0	34.0
1816.0	34.0
1817.0	34.0
1818.0	30.0
1819.0	33.0
1820.0	32.0
1821.0	32.0
1822.0	34.0
1823.0	32.0
1824.0	30.0
1825.0	38.0
1826.0	40.0
1827.0	34.0
1828.0	27.0
1829.0	31.0
1830.0	37.0
1831.0	33.0
1832.0	31.0
1833.0	41.0
1834.0	28.0
1835.0	26.0
1836.0	28.0
1837.0	38.0
1838.0	36.0
1839.0	27.0
1840.0	40.0
1841.0	40.0
1842.0	32.0
1843.0	41.0
1844.0	29.0
1845.0	37.0
1846.0	32.0
1847.0	35.0
1848.0	33.0
1849.0	30.0
1850.0	38.0
1851.0	34.0
1852.0	26.0
1853.0	29.0
1854.0	37.0
1855.0	38.0
1856.0	26.0
1857.0	26.0
1858.0	31.0
1859.0	27.0
1860.0	31.0
1861.0	24.0
1862.0	25.0
1863.0	34.0
1864.0	27.0
1865.0	29.0
1866.0	34.0
1867.0	27.0
1868.0	27.0
1869.0	26.0
1870.0	26.0
1871.0	21.0
1872.0	25.0
1873.0	33.0
1874.0	19.0
1875.0	28.0
1876.0	26.0
1877.0	33.0
1878.0	28.0
1879.0	24.0
1880.0	18.0
1881.0	29.0
1882.0	19.0
1883.0	31.0
1884.0	27.0
1885.0	21.0
1886.0	29.0
1887.0	29.0
1888.0	22.0
1889.0	18.0
1890.0	23.0
1891.0	25.0
1892.0	23.0
1893.0	21.0
1894.0	24.0
1895.0	24.0
1896.0	21.0
1897.0	17.0
1898.0	25.0
1899.0	30.0
1900.0	26.0
1901.0	23.0
1902.0	26.0
1903.0	30.0
1904.0	31.0
1905.0	20.0
1906.0	33.0
1907.0	31.0
1908.0	20.0
1909.0	28.0
1910.0	30.0
1911.0	22.0
1912.0	32.0
1913.0	31.0
1914.0	24.0
1915.0	32.0
1916.0	25.0
1917.0	29.0
1918.0	33.0
1919.0	23.0
1920.0	21.0
1921.0	21.0
1922.0	30.0
1923.0	18.0
1924.0	28.0
1925.0	29.0
1926.0	32.0
1927.0	26.0
1928.0	30.0
1929.0	34.0
1930.0	24.0
1931.0	26.0
1932.0	25.0
1933.0	20.0
1934.0	28.0
1935.0	30.0
1936.0	30.0
1937.0	20.0
1938.0	21.0
1939.0	17.0
1940.0	25.0
1941.0	22.0
1942.0	31.0
1943.0	21.0
1944.0	26.0
1945.0	23.0
1946.0	24.0
1947.0	33.0
1948.0	33.0
1949.0	31.0
1950.0	26.0
1951.0	26.0
1952.0	28.0
1953.0	23.0
1954.0	36.0
1955.0	26.0
1956.0	22.0
1957.0	24.0
1958.0	20.0
1959.0	23.0
1960.0	25.0
1961.0	20.0
1962.0	22.0
1963.0	17.0
1964.0	18.0
1965.0	21.0
1966.0	25.0
1967.0	25.0
1968.0	24.0
1969.0	25.0
1970.0	25.0
1971.0	20.0
1972.0	23.0
1973.0	27.0
1974.0	16.0
1975.0	17.0
1976.0	30.0
1977.0	32.0
1978.0	31.0
1979.0	29.0
1980.0	32.0
1981.0	19.0
1982.0	21.0
1983.0	22.0
1984.0	27.0
1985.0	24.0
1986.0	21.0
1987.0	32.0
1988.0	29.0
1989.0	29.0
1990.0	14.0
1991.0	23.0
1992.0	22.0
1993.0	31.0
1994.0	25.0
1995.0	20.0
1996.0	21.0
1997.0	22.0
1998.0	24.0
1999.0	21.0
2000.0	32.0
2001.0	17.0
2002.0	16.0
2003.0	19.0
2004.0	19.0
2005.0	21.0
2006.0	27.0
2007.0	19.0
2008.0	25.0
2009.0	29.0
2010.0	29.0
2011.0	26.0
2012.0	19.0
2013.0	23.0
2014.0	28.0
2015.0	35.0
2016.0	24.0
2017.0	18.0
2018.0	24.0
2019.0	24.0
2020.0	21.0
2021.0	20.0
2022.0	19.0
2023.0	18.0
2024.0	27.0
2025.0	32.0
2026.0	26.0
2027.0	21.0
2028.0	19.0
2029.0	12.0
2030.0	19.0
2031.0	25.0
2032.0	17.0
2033.0	19.0
2034.0	20.0
2035.0	15.0
2036.0	21.0
2037.0	25.0
2038.0	14.0
2039.0	19.0
2040.0	22.0
2041.0	17.0
2042.0	13.0
2043.0	21.0
2044.0	23.0
2045.0	20.0
2046.0	14.0
2047.0	14.0
2048.0	18.0
2049.0	17.0
2050.0	15.0
2051.0	21.0
2052.0	16.0
2053.0	21.0
2054.0	19.0
2055.0	19.0
2056.0	21.0
2057.0	13.0
2058.0	17.0
2059.0	17.0
2060.0	17.0
2061.0	19.0
2062.0	25.0
2063.0	22.0
2064.0	19.0
2065.0	29.0
2066.0	21.0
2067.0	21.0
2068.0	17.0
2069.0	16.0
2070.0	23.0
2071.0	13.0
2072.0	19.0
2073.0	16.0
2074.0	19.0
2075.0	19.0
2076.0	18.0
2077.0	27.0
2078.0	14.0
2079.0	22.0
2080.0	15.0
2081.0	29.0
2082.0	26.0
2083.0	16.0
2084.0	19.0
2085.0	23.0
2086.0	25.0
2087.0	15.0
2088.0	17.0
2089.0	16.0
2090.0	24.0
2091.0	18.0
2092.0	17.0
2093.0	23.0
2094.0	17.0
2095.0	21.0
2096.0	18.0
2097.0	21.0
2098.0	23.0
2099.0	23.0
2100.0	27.0
2101.0	29.0
2102.0	20.0
2103.0	29.0
2104.0	18.0
2105.0	26.0
2106.0	17.0
2107.0	16.0
2108.0	25.0
2109.0	19.0
2110.0	19.0
2111.0	15.0
2112.0	21.0
2113.0	20.0
2114.0	23.0
2115.0	30.0
2116.0	18.0
2117.0	27.0
2118.0	16.0
2119.0	27.0
2120.0	21.0
2121.0	17.0
2122.0	28.0
2123.0	30.0
2124.0	16.0
2125.0	24.0
2126.0	26.0
2127.0	17.0
2128.0	19.0
2129.0	24.0
2130.0	23.0
2131.0	20.0
2132.0	24.0
2133.0	16.0
2134.0	30.0
2135.0	23.0
2136.0	33.0
2137.0	34.0
2138.0	18.0
2139.0	29.0
2140.0	15.0
2141.0	15.0
2142.0	18.0
2143.0	17.0
2144.0	24.0
2145.0	20.0
2146.0	20.0
2147.0	22.0
2148.0	18.0
2149.0	24.0
2150.0	23.0
2151.0	22.0
2152.0	18.0
2153.0	17.0
2154.0	12.0
2155.0	21.0
2156.0	22.0
2157.0	20.0
2158.0	27.0
2159.0	25.0
2160.0	20.0
2161.0	10.0
2162.0	19.0
2163.0	24.0
2164.0	22.0
2165.0	18.0
2166.0	12.0
2167.0	17.0
2168.0	15.0
2169.0	19.0
2170.0	20.0
2171.0	22.0
2172.0	25.0
2173.0	14.0
2174.0	14.0
2175.0	21.0
2176.0	20.0
2177.0	15.0
2178.0	13.0
2179.0	19.0
2180.0	17.0
2181.0	26.0
2182.0	19.0
2183.0	19.0
2184.0	23.0
2185.0	20.0
2186.0	14.0
2187.0	20.0
2188.0	22.0
2189.0	21.0
2190.0	19.0
2191.0	28.0
2192.0	18.0
2193.0	26.0
2194.0	25.0
2195.0	20.0
2196.0	18.0
2197.0	21.0
2198.0	19.0
2199.0	30.0
2200.0	21.0
2201.0	23.0
2202.0	15.0
2203.0	27.0
2204.0	18.0
2205.0	14.0
2206.0	33.0
2207.0	21.0
2208.0	33.0
2209.0	32.0
2210.0	25.0
2211.0	30.0
2212.0	30.0
2213.0	31.0
2214.0	28.0
2215.0	29.0
2216.0	28.0
2217.0	28.0
2218.0	27.0
2219.0	21.0
2220.0	35.0
2221.0	21.0
2222.0	15.0
2223.0	19.0
2224.0	19.0
2225.0	22.0
2226.0	19.0
2227.0	28.0
2228.0	22.0
2229.0	25.0
2230.0	15.0
2231.0	21.0
2232.0	24.0
2233.0	27.0
2234.0	25.0
2235.0	19.0
2236.0	24.0
2237.0	21.0
2238.0	24.0
2239.0	24.0
2240.0	17.0
2241.0	23.0
2242.0	28.0
2243.0	24.0
2244.0	25.0
2245.0	29.0
2246.0	18.0
2247.0	26.0
2248.0	21.0
2249.0	26.0
2250.0	20.0
2251.0	16.0
2252.0	20.0
2253.0	24.0
2254.0	16.0
2255.0	23.0
2256.0	14.0
2257.0	18.0
2258.0	13.0
2259.0	21.0
2260.0	19.0
2261.0	21.0
2262.0	22.0
2263.0	24.0
2264.0	17.0
2265.0	23.0
2266.0	24.0
2267.0	20.0
2268.0	21.0
2269.0	20.0
2270.0	21.0
2271.0	19.0
2272.0	19.0
2273.0	17.0
2274.0	33.0
2275.0	17.0
2276.0	22.0
2277.0	19.0
2278.0	21.0
2279.0	20.0
2280.0	11.0
2281.0	21.0
2282.0	15.0
2283.0	21.0
2284.0	19.0
2285.0	20.0
2286.0	26.0
2287.0	29.0
2288.0	21.0
2289.0	14.0
2290.0	14.0
2291.0	28.0
2292.0	14.0
2293.0	12.0
2294.0	15.0
2295.0	17.0
2296.0	18.0
2297.0	18.0
2298.0	19.0
2299.0	18.0
2300.0	18.0
2301.0	18.0
2302.0	16.0
2303.0	21.0
2304.0	20.0
2305.0	17.0
2306.0	14.0
2307.0	28.0
2308.0	23.0
2309.0	29.0
2310.0	13.0
2311.0	16.0
2312.0	23.0
2313.0	23.0
2314.0	14.0
2315.0	18.0
2316.0	20.0
2317.0	19.0
2318.0	21.0
2319.0	21.0
2320.0	15.0
2321.0	13.0
2322.0	15.0
2323.0	15.0
2324.0	12.0
2325.0	17.0
2326.0	15.0
2327.0	21.0
2328.0	16.0
2329.0	23.0
2330.0	21.0
2331.0	19.0
2332.0	26.0
2333.0	23.0
2334.0	13.0
2335.0	25.0
2336.0	21.0
2337.0	18.0
2338.0	23.0
2339.0	20.0
2340.0	22.0
2341.0	16.0
2342.0	25.0
2343.0	13.0
2344.0	42.0
2345.0	21.0
2346.0	28.0
2347.0	22.0
2348.0	19.0
2349.0	21.0
2350.0	20.0
2351.0	23.0
2352.0	19.0
2353.0	18.0
2354.0	18.0
2355.0	16.0
2356.0	20.0
2357.0	20.0
2358.0	15.0
2359.0	20.0
2360.0	18.0
2361.0	22.0
2362.0	27.0
2363.0	21.0
2364.0	18.0
2365.0	18.0
2366.0	21.0
2367.0	20.0
2368.0	17.0
2369.0	25.0
2370.0	19.0
2371.0	16.0
2372.0	21.0
2373.0	22.0
2374.0	15.0
2375.0	20.0
2376.0	18.0
2377.0	13.0
2378.0	24.0
2379.0	18.0
2380.0	20.0
2381.0	22.0
2382.0	14.0
2383.0	13.0
2384.0	30.0
2385.0	20.0
2386.0	24.0
2387.0	23.0
2388.0	23.0
2389.0	20.0
2390.0	21.0
2391.0	24.0
2392.0	16.0
2393.0	20.0
2394.0	16.0
2395.0	17.0
2396.0	14.0
2397.0	11.0
2398.0	18.0
2399.0	16.0
2400.0	26.0
2401.0	21.0
2402.0	20.0
2403.0	11.0
2404.0	16.0
2405.0	17.0
2406.0	12.0
2407.0	20.0
2408.0	27.0
2409.0	23.0
2410.0	13.0
2411.0	19.0
2412.0	18.0
2413.0	22.0
2414.0	23.0
2415.0	14.0
2416.0	9.0
2417.0	15.0
2418.0	21.0
2419.0	27.0
2420.0	18.0
2421.0	24.0
2422.0	26.0
2423.0	24.0
2424.0	17.0
2425.0	24.0
2426.0	17.0
2427.0	25.0
2428.0	20.0
2429.0	31.0
2430.0	20.0
2431.0	14.0
2432.0	17.0
2433.0	28.0
2434.0	18.0
2435.0	22.0
2436.0	12.0
2437.0	20.0
2438.0	12.0
2439.0	16.0
2440.0	25.0
2441.0	11.0
2442.0	23.0
2443.0	18.0
2444.0	15.0
2445.0	24.0
2446.0	14.0
2447.0	20.0
2448.0	18.0
2449.0	20.0
2450.0	14.0
2451.0	12.0
2452.0	19.0
2453.0	24.0
2454.0	19.0
2455.0	12.0
2456.0	14.0
2457.0	18.0
2458.0	19.0
2459.0	21.0
2460.0	19.0
2461.0	17.0
2462.0	19.0
2463.0	23.0
2464.0	11.0
2465.0	21.0
2466.0	26.0
2467.0	22.0
2468.0	12.0
2469.0	14.0
2470.0	21.0
2471.0	15.0
2472.0	11.0
2473.0	17.0
2474.0	14.0
2475.0	19.0
2476.0	18.0
2477.0	21.0
2478.0	18.0
2479.0	18.0
2480.0	13.0
2481.0	11.0
2482.0	17.0
2483.0	13.0
2484.0	12.0
2485.0	15.0
2486.0	19.0
2487.0	21.0
2488.0	21.0
2489.0	23.0
2490.0	14.0
2491.0	14.0
2492.0	14.0
2493.0	15.0
2494.0	17.0
2495.0	17.0
2496.0	15.0
2497.0	10.0
2498.0	13.0
2499.0	15.0
2500.0	10.0
2501.0	27.0
2502.0	16.0
2503.0	19.0
2504.0	15.0
2505.0	10.0
2506.0	11.0
2507.0	11.0
2508.0	14.0
2509.0	11.0
2510.0	19.0
2511.0	12.0
2512.0	15.0
2513.0	14.0
2514.0	18.0
2515.0	10.0
2516.0	13.0
2517.0	12.0
2518.0	9.0
2519.0	11.0
2520.0	11.0
2521.0	15.0
2522.0	15.0
2523.0	11.0
2524.0	12.0
2525.0	12.0
2526.0	11.0
2527.0	12.0
2528.0	10.0
2529.0	13.0
2530.0	11.0
2531.0	17.0
2532.0	10.0
2533.0	18.0
2534.0	5.0
2535.0	16.0
2536.0	15.0
2537.0	16.0
2538.0	10.0
2539.0	10.0
2540.0	11.0
2541.0	9.0
2542.0	10.0
2543.0	9.0
2544.0	11.0
2545.0	16.0
2546.0	13.0
2547.0	17.0
2548.0	5.0
2549.0	12.0
2550.0	12.0
2551.0	17.0
2552.0	7.0
2553.0	11.0
2554.0	15.0
2555.0	13.0
2556.0	7.0
2557.0	8.0
2558.0	10.0
2559.0	9.0
2560.0	13.0
2561.0	7.0
2562.0	14.0
2563.0	11.0
2564.0	13.0
2565.0	11.0
2566.0	7.0
2567.0	8.0
2568.0	9.0
2569.0	6.0
2570.0	11.0
2571.0	8.0
2572.0	9.0
2573.0	13.0
2574.0	13.0
2575.0	4.0
2576.0	8.0
2577.0	10.0
2578.0	8.0
2579.0	13.0
2580.0	2.0
2581.0	9.0
2582.0	14.0
2583.0	5.0
2584.0	10.0
2585.0	10.0
2586.0	15.0
2587.0	8.0
2588.0	12.0
2589.0	6.0
2590.0	12.0
2591.0	10.0
2592.0	11.0
2593.0	9.0
2594.0	12.0
2595.0	16.0
2596.0	6.0
2597.0	9.0
2598.0	14.0
2599.0	7.0
2600.0	13.0
2601.0	17.0
2602.0	9.0
2603.0	9.0
2604.0	5.0
2605.0	8.0
2606.0	7.0
2607.0	10.0
2608.0	9.0
2609.0	17.0
2610.0	7.0
2611.0	10.0
2612.0	10.0
2613.0	16.0
2614.0	17.0
2615.0	7.0
2616.0	10.0
2617.0	9.0
2618.0	15.0
2619.0	11.0
2620.0	9.0
2621.0	8.0
2622.0	11.0
2623.0	14.0
2624.0	16.0
2625.0	9.0
2626.0	14.0
2627.0	9.0
2628.0	8.0
2629.0	11.0
2630.0	10.0
2631.0	14.0
2632.0	9.0
2633.0	6.0
2634.0	12.0
2635.0	9.0
2636.0	11.0
2637.0	13.0
2638.0	14.0
2639.0	16.0
2640.0	14.0
2641.0	11.0
2642.0	13.0
2643.0	13.0
2644.0	12.0
2645.0	11.0
2646.0	10.0
2647.0	9.0
2648.0	9.0
2649.0	18.0
2650.0	9.0
2651.0	7.0
2652.0	10.0
2653.0	13.0
2654.0	12.0
2655.0	13.0
2656.0	7.0
2657.0	9.0
2658.0	15.0
2659.0	8.0
2660.0	9.0
2661.0	5.0
2662.0	7.0
2663.0	9.0
2664.0	12.0
2665.0	5.0
2666.0	10.0
2667.0	10.0
2668.0	16.0
2669.0	6.0
2670.0	12.0
2671.0	7.0
2672.0	13.0
2673.0	11.0
2674.0	6.0
2675.0	8.0
2676.0	7.0
2677.0	12.0
2678.0	12.0
2679.0	7.0
2680.0	7.0
2681.0	6.0
2682.0	10.0
2683.0	5.0
2684.0	5.0
2685.0	10.0
2686.0	12.0
2687.0	8.0
2688.0	7.0
2689.0	15.0
2690.0	15.0
2691.0	10.0
2692.0	9.0
2693.0	14.0
2694.0	8.0
2695.0	3.0
2696.0	13.0
2697.0	6.0
2698.0	11.0
2699.0	8.0
2700.0	11.0
2701.0	7.0
2702.0	8.0
2703.0	7.0
2704.0	17.0
2705.0	8.0
2706.0	11.0
2707.0	8.0
2708.0	9.0
2709.0	9.0
2710.0	11.0
2711.0	10.0
2712.0	7.0
2713.0	7.0
2714.0	8.0
2715.0	7.0
2716.0	11.0
2717.0	8.0
2718.0	9.0
2719.0	6.0
2720.0	11.0
2721.0	11.0
2722.0	10.0
2723.0	4.0
2724.0	14.0
2725.0	7.0
2726.0	9.0
2727.0	9.0
2728.0	6.0
2729.0	15.0
2730.0	9.0
2731.0	8.0
2732.0	11.0
2733.0	6.0
2734.0	6.0
2735.0	12.0
2736.0	9.0
2737.0	11.0
2738.0	7.0
2739.0	4.0
2740.0	5.0
2741.0	11.0
2742.0	7.0
2743.0	7.0
2744.0	6.0
2745.0	7.0
2746.0	6.0
2747.0	10.0
2748.0	8.0
2749.0	6.0
2750.0	5.0
2751.0	7.0
2752.0	8.0
2753.0	9.0
2754.0	11.0
2755.0	7.0
2756.0	6.0
2757.0	7.0
2758.0	10.0
2759.0	14.0
2760.0	3.0
2761.0	8.0
2762.0	7.0
2763.0	5.0
2764.0	14.0
2765.0	7.0
2766.0	8.0
2767.0	11.0
2768.0	6.0
2769.0	6.0
2770.0	11.0
2771.0	8.0
2772.0	11.0
2773.0	9.0
2774.0	9.0
2775.0	10.0
2776.0	11.0
2777.0	7.0
2778.0	12.0
2779.0	6.0
2780.0	10.0
2781.0	13.0
2782.0	8.0
2783.0	5.0
2784.0	6.0
2785.0	4.0
2786.0	7.0
2787.0	10.0
2788.0	8.0
2789.0	8.0
2790.0	11.0
2791.0	4.0
2792.0	13.0
2793.0	7.0
2794.0	3.0
2795.0	7.0
2796.0	9.0
2797.0	9.0
2798.0	9.0
2799.0	9.0
2800.0	8.0
2801.0	10.0
2802.0	11.0
2803.0	8.0
2804.0	9.0
2805.0	3.0
2806.0	11.0
2807.0	10.0
2808.0	6.0
2809.0	6.0
2810.0	5.0
2811.0	15.0
2812.0	8.0
2813.0	6.0
2814.0	8.0
2815.0	10.0
2816.0	16.0
2817.0	9.0
2818.0	9.0
2819.0	11.0
2820.0	8.0
2821.0	10.0
2822.0	12.0
2823.0	10.0
2824.0	8.0
2825.0	7.0
2826.0	9.0
2827.0	12.0
2828.0	5.0
2829.0	11.0
2830.0	4.0
2831.0	9.0
2832.0	6.0
2833.0	6.0
2834.0	7.0
2835.0	12.0
2836.0	5.0
2837.0	8.0
2838.0	5.0
2839.0	6.0
2840.0	6.0
2841.0	5.0
2842.0	10.0
2843.0	7.0
2844.0	10.0
2845.0	6.0
2846.0	8.0
2847.0	11.0
2848.0	10.0
2849.0	8.0
2850.0	6.0
2851.0	9.0
2852.0	7.0
2853.0	5.0
2854.0	1.0
2855.0	9.0
2856.0	9.0
2857.0	9.0
2858.0	6.0
2859.0	8.0
2860.0	3.0
2861.0	7.0
2862.0	6.0
2863.0	10.0
2864.0	9.0
2865.0	9.0
2866.0	6.0
2867.0	6.0
2868.0	11.0
2869.0	13.0
2870.0	10.0
2871.0	8.0
2872.0	6.0
2873.0	9.0
2874.0	6.0
2875.0	14.0
2876.0	10.0
2877.0	8.0
2878.0	10.0
2879.0	10.0
2880.0	10.0
2881.0	7.0
2882.0	13.0
2883.0	8.0
2884.0	11.0
2885.0	11.0
2886.0	10.0
2887.0	10.0
2888.0	10.0
2889.0	4.0
2890.0	11.0
2891.0	4.0
2892.0	8.0
2893.0	6.0
2894.0	11.0
2895.0	7.0
2896.0	8.0
2897.0	11.0
2898.0	9.0
2899.0	10.0
2900.0	13.0
2901.0	13.0
2902.0	4.0
2903.0	9.0
2904.0	7.0
2905.0	13.0
2906.0	11.0
2907.0	11.0
2908.0	11.0
2909.0	3.0
2910.0	5.0
2911.0	10.0
2912.0	6.0
2913.0	9.0
2914.0	10.0
2915.0	15.0
2916.0	5.0
2917.0	7.0
2918.0	14.0
2919.0	5.0
2920.0	10.0
2921.0	16.0
2922.0	13.0
2923.0	8.0
2924.0	8.0
2925.0	6.0
2926.0	9.0
2927.0	8.0
2928.0	6.0
2929.0	5.0
2930.0	9.0
2931.0	12.0
2932.0	8.0
2933.0	9.0
2934.0	10.0
2935.0	14.0
2936.0	4.0
2937.0	8.0
2938.0	7.0
2939.0	11.0
2940.0	9.0
2941.0	11.0
2942.0	6.0
2943.0	10.0
2944.0	7.0
2945.0	14.0
2946.0	8.0
2947.0	14.0
2948.0	9.0
2949.0	13.0
2950.0	9.0
2951.0	13.0
2952.0	8.0
2953.0	12.0
2954.0	14.0
2955.0	10.0
2956.0	5.0
2957.0	8.0
2958.0	6.0
2959.0	8.0
2960.0	8.0
2961.0	13.0
2962.0	10.0
2963.0	13.0
2964.0	13.0
2965.0	11.0
2966.0	6.0
2967.0	17.0
2968.0	16.0
2969.0	8.0
2970.0	13.0
2971.0	6.0
2972.0	13.0
2973.0	6.0
2974.0	7.0
2975.0	8.0
2976.0	6.0
2977.0	14.0
2978.0	18.0
2979.0	7.0
2980.0	16.0
2981.0	12.0
2982.0	15.0
2983.0	11.0
2984.0	9.0
2985.0	12.0
2986.0	7.0
2987.0	10.0
2988.0	10.0
2989.0	6.0
2990.0	9.0
2991.0	16.0
2992.0	9.0
2993.0	7.0
2994.0	10.0
2995.0	7.0
2996.0	10.0
2997.0	11.0
2998.0	8.0
2999.0	12.0
3000.0	13.0
3001.0	11.0
3002.0	12.0
3003.0	11.0
3004.0	7.0
3005.0	12.0
3006.0	8.0
3007.0	11.0
3008.0	9.0
3009.0	10.0
3010.0	7.0
3011.0	13.0
3012.0	7.0
3013.0	7.0
3014.0	14.0
3015.0	10.0
3016.0	10.0
3017.0	3.0
3018.0	10.0
3019.0	7.0
3020.0	10.0
3021.0	4.0
3022.0	14.0
3023.0	6.0
3024.0	7.0
3025.0	6.0
3026.0	8.0
3027.0	10.0
3028.0	8.0
3029.0	7.0
3030.0	10.0
3031.0	7.0
3032.0	4.0
3033.0	8.0
3034.0	12.0
3035.0	13.0
3036.0	9.0
3037.0	6.0
3038.0	12.0
3039.0	6.0
3040.0	6.0
3041.0	9.0
3042.0	10.0
3043.0	8.0
3044.0	7.0
3045.0	12.0
3046.0	9.0
3047.0	8.0
3048.0	14.0
3049.0	11.0
3050.0	5.0
3051.0	9.0
3052.0	10.0
3053.0	5.0
3054.0	10.0
3055.0	8.0
3056.0	7.0
3057.0	4.0
3058.0	10.0
3059.0	6.0
3060.0	8.0
3061.0	13.0
3062.0	14.0
3063.0	9.0
3064.0	7.0
3065.0	7.0
3066.0	8.0
3067.0	14.0
3068.0	9.0
3069.0	9.0
3070.0	9.0
3071.0	3.0
3072.0	7.0
3073.0	4.0
3074.0	11.0
3075.0	8.0
3076.0	9.0
3077.0	3.0
3078.0	6.0
3079.0	7.0
3080.0	9.0
3081.0	5.0
3082.0	6.0
3083.0	3.0
3084.0	8.0
3085.0	5.0
3086.0	5.0
3087.0	7.0
3088.0	5.0
3089.0	8.0
3090.0	7.0
3091.0	5.0
3092.0	7.0
3093.0	6.0
3094.0	8.0
3095.0	7.0
3096.0	6.0
3097.0	7.0
3098.0	9.0
3099.0	4.0
3100.0	9.0
3101.0	2.0
3102.0	13.0
3103.0	2.0
3104.0	11.0
3105.0	5.0
3106.0	4.0
3107.0	7.0
3108.0	8.0
3109.0	9.0
3110.0	10.0
3111.0	7.0
3112.0	8.0
3113.0	4.0
3114.0	2.0
3115.0	7.0
3116.0	4.0
3117.0	3.0
3118.0	8.0
3119.0	6.0
3120.0	8.0
3121.0	10.0
3122.0	5.0
3123.0	5.0
3124.0	3.0
3125.0	9.0
3126.0	8.0
3127.0	7.0
3128.0	7.0
3129.0	7.0
3130.0	11.0
3131.0	7.0
3132.0	3.0
3133.0	13.0
3134.0	6.0
3135.0	9.0
3136.0	7.0
3137.0	5.0
3138.0	3.0
3139.0	5.0
3140.0	5.0
3141.0	2.0
3142.0	4.0
3143.0	2.0
3144.0	8.0
3145.0	10.0
3146.0	4.0
3147.0	8.0
3148.0	6.0
3149.0	4.0
3150.0	6.0
3151.0	5.0
3152.0	4.0
3153.0	9.0
3154.0	6.0
3155.0	5.0
3156.0	5.0
3157.0	7.0
3158.0	7.0
3159.0	7.0
3160.0	10.0
3161.0	8.0
3162.0	6.0
3163.0	4.0
3164.0	8.0
3165.0	8.0
3166.0	9.0
3167.0	4.0
3168.0	6.0
3169.0	9.0
3170.0	7.0
3171.0	6.0
3172.0	8.0
3173.0	11.0
3174.0	9.0
3175.0	8.0
3176.0	7.0
3177.0	4.0
3178.0	7.0
3179.0	9.0
3180.0	7.0
3181.0	4.0
3182.0	6.0
3183.0	9.0
3184.0	4.0
3185.0	8.0
3186.0	11.0
3187.0	10.0
3188.0	7.0
3189.0	9.0
3190.0	10.0
3191.0	6.0
3192.0	6.0
3193.0	6.0
3194.0	7.0
3195.0	9.0
3196.0	5.0
3197.0	12.0
3198.0	5.0
3199.0	7.0
3200.0	6.0
3201.0	3.0
3202.0	4.0
3203.0	9.0
3204.0	14.0
3205.0	7.0
3206.0	4.0
3207.0	8.0
3208.0	7.0
3209.0	2.0
3210.0	5.0
3211.0	9.0
3212.0	3.0
3213.0	7.0
3214.0	5.0
3215.0	9.0
3216.0	13.0
3217.0	4.0
3218.0	7.0
3219.0	3.0
3220.0	8.0
3221.0	8.0
3222.0	6.0
3223.0	8.0
3224.0	6.0
3225.0	6.0
3226.0	6.0
3227.0	3.0
3228.0	6.0
3229.0	4.0
3230.0	5.0
3231.0	7.0
3232.0	7.0
3233.0	1.0
3234.0	5.0
3235.0	10.0
3236.0	7.0
3237.0	7.0
3238.0	3.0
3239.0	13.0
3240.0	6.0
3241.0	5.0
3242.0	7.0
3243.0	9.0
3244.0	8.0
3245.0	5.0
3246.0	9.0
3247.0	8.0
3248.0	6.0
3249.0	7.0
3250.0	3.0
3251.0	5.0
3252.0	12.0
3253.0	4.0
3254.0	7.0
3255.0	8.0
3256.0	5.0
3257.0	8.0
3258.0	6.0
3259.0	4.0
3260.0	4.0
3261.0	5.0
3262.0	6.0
3263.0	9.0
3264.0	7.0
3265.0	2.0
3266.0	10.0
3267.0	8.0
3268.0	13.0
3269.0	6.0
3270.0	7.0
3271.0	6.0
3272.0	9.0
3273.0	10.0
3274.0	8.0
3275.0	8.0
3276.0	4.0
3277.0	11.0
3278.0	5.0
3279.0	13.0
3280.0	3.0
3281.0	7.0
3282.0	12.0
3283.0	10.0
3284.0	8.0
3285.0	3.0
3286.0	5.0
3287.0	6.0
3288.0	6.0
3289.0	7.0
3290.0	7.0
3291.0	8.0
3292.0	6.0
3293.0	4.0
3294.0	5.0
3295.0	3.0
3296.0	6.0
3297.0	2.0
3298.0	11.0
3299.0	6.0
3300.0	6.0
3302.0	2.0
3303.0	3.0
3304.0	3.0
3305.0	5.0
3306.0	4.0
3307.0	6.0
3308.0	5.0
3309.0	8.0
3310.0	4.0
3311.0	2.0
3312.0	5.0
3313.0	7.0
3314.0	3.0
3315.0	3.0
3316.0	6.0
3317.0	4.0
3318.0	3.0
3319.0	3.0
3320.0	8.0
3321.0	4.0
3322.0	6.0
3323.0	4.0
3324.0	2.0
3325.0	6.0
3326.0	2.0
3327.0	3.0
3328.0	4.0
3329.0	6.0
3330.0	3.0
3331.0	6.0
3332.0	7.0
3333.0	3.0
3334.0	2.0
3335.0	8.0
3336.0	8.0
3337.0	8.0
3338.0	7.0
3339.0	2.0
3340.0	7.0
3341.0	5.0
3342.0	7.0
3343.0	7.0
3344.0	5.0
3345.0	2.0
3346.0	6.0
3348.0	1.0
3349.0	7.0
3350.0	7.0
3351.0	3.0
3352.0	5.0
3353.0	7.0
3354.0	13.0
3355.0	8.0
3356.0	3.0
3357.0	9.0
3358.0	5.0
3359.0	5.0
3360.0	5.0
3361.0	3.0
3362.0	4.0
3363.0	6.0
3364.0	5.0
3365.0	4.0
3366.0	3.0
3367.0	6.0
3368.0	4.0
3369.0	6.0
3370.0	4.0
3371.0	5.0
3372.0	1.0
3373.0	5.0
3374.0	5.0
3375.0	3.0
3376.0	6.0
3378.0	6.0
3379.0	2.0
3380.0	3.0
3381.0	6.0
3382.0	8.0
3383.0	5.0
3384.0	8.0
3385.0	9.0
3386.0	2.0
3387.0	3.0
3388.0	4.0
3389.0	5.0
3390.0	5.0
3391.0	7.0
3392.0	6.0
3393.0	4.0
3394.0	5.0
3395.0	2.0
3396.0	2.0
3397.0	3.0
3398.0	6.0
3399.0	4.0
3400.0	6.0
3401.0	6.0
3402.0	3.0
3403.0	10.0
3404.0	6.0
3405.0	6.0
3406.0	4.0
3407.0	6.0
3408.0	1.0
3409.0	7.0
3410.0	8.0
3411.0	3.0
3412.0	4.0
3413.0	4.0
3414.0	4.0
3415.0	7.0
3416.0	8.0
3417.0	7.0
3418.0	4.0
3419.0	12.0
3420.0	4.0
3421.0	5.0
3422.0	3.0
3423.0	2.0
3424.0	7.0
3425.0	4.0
3426.0	5.0
3427.0	8.0
3428.0	5.0
3429.0	8.0
3430.0	3.0
3431.0	6.0
3432.0	8.0
3433.0	2.0
3434.0	4.0
3435.0	5.0
3436.0	3.0
3437.0	8.0
3438.0	2.0
3439.0	5.0
3440.0	6.0
3441.0	2.0
3442.0	4.0
3443.0	4.0
3444.0	4.0
3445.0	6.0
3446.0	3.0
3447.0	5.0
3448.0	4.0
3449.0	5.0
3450.0	4.0
3451.0	8.0
3452.0	8.0
3453.0	4.0
3454.0	4.0
3455.0	3.0
3456.0	2.0
3457.0	3.0
3458.0	2.0
3459.0	2.0
3460.0	4.0
3461.0	5.0
3462.0	4.0
3463.0	6.0
3464.0	5.0
3465.0	5.0
3466.0	5.0
3467.0	3.0
3468.0	7.0
3469.0	4.0
3470.0	5.0
3471.0	7.0
3472.0	9.0
3473.0	3.0
3474.0	2.0
3475.0	5.0
3476.0	3.0
3477.0	2.0
3478.0	5.0
3479.0	3.0
3480.0	2.0
3481.0	2.0
3482.0	4.0
3483.0	4.0
3484.0	6.0
3485.0	5.0
3486.0	2.0
3487.0	4.0
3488.0	2.0
3489.0	3.0
3490.0	3.0
3491.0	4.0
3492.0	4.0
3493.0	1.0
3494.0	5.0
3495.0	3.0
3496.0	3.0
3497.0	4.0
3498.0	3.0
3499.0	5.0
3500.0	4.0
3501.0	6.0
3502.0	4.0
3503.0	4.0
3504.0	3.0
3505.0	4.0
3506.0	5.0
3507.0	3.0
3508.0	2.0
3509.0	5.0
3510.0	3.0
3511.0	5.0
3512.0	5.0
3513.0	4.0
3514.0	4.0
3515.0	5.0
3516.0	4.0
3517.0	5.0
3518.0	6.0
3520.0	4.0
3521.0	5.0
3522.0	9.0
3523.0	3.0
3524.0	4.0
3525.0	4.0
3526.0	3.0
3527.0	6.0
3528.0	1.0
3529.0	5.0
3530.0	1.0
3531.0	4.0
3532.0	5.0
3533.0	2.0
3534.0	2.0
3535.0	5.0
3536.0	3.0
3537.0	4.0
3538.0	4.0
3539.0	3.0
3540.0	3.0
3541.0	3.0
3542.0	2.0
3543.0	1.0
3544.0	8.0
3545.0	6.0
3547.0	7.0
3548.0	2.0
3549.0	5.0
3550.0	5.0
3551.0	1.0
3552.0	2.0
3553.0	6.0
3554.0	3.0
3555.0	10.0
3556.0	3.0
3557.0	1.0
3559.0	1.0
3560.0	2.0
3561.0	5.0
3562.0	5.0
3563.0	4.0
3564.0	3.0
3565.0	3.0
3566.0	2.0
3567.0	2.0
3568.0	3.0
3569.0	3.0
3570.0	3.0
3571.0	2.0
3572.0	4.0
3573.0	7.0
3574.0	6.0
3575.0	2.0
3576.0	5.0
3577.0	5.0
3578.0	2.0
3579.0	2.0
3580.0	6.0
3581.0	4.0
3582.0	4.0
3583.0	4.0
3584.0	5.0
3585.0	4.0
3586.0	5.0
3587.0	8.0
3588.0	4.0
3589.0	3.0
3590.0	8.0
3591.0	3.0
3592.0	2.0
3593.0	1.0
3594.0	5.0
3595.0	2.0
3596.0	1.0
3597.0	4.0
3598.0	1.0
3599.0	2.0
3600.0	1.0
3601.0	2.0
3602.0	1.0
3603.0	6.0
3604.0	2.0
3605.0	8.0
3606.0	7.0
3607.0	7.0
3608.0	3.0
3609.0	4.0
3610.0	3.0
3611.0	4.0
3612.0	7.0
3613.0	6.0
3614.0	2.0
3615.0	3.0
3616.0	6.0
3617.0	2.0
3618.0	2.0
3619.0	4.0
3620.0	4.0
3621.0	1.0
3622.0	7.0
3623.0	6.0
3624.0	3.0
3625.0	8.0
3626.0	6.0
3627.0	3.0
3628.0	3.0
3629.0	1.0
3630.0	5.0
3631.0	3.0
3632.0	1.0
3633.0	2.0
3634.0	4.0
3635.0	3.0
3636.0	4.0
3637.0	3.0
3638.0	5.0
3639.0	4.0
3640.0	1.0
3641.0	3.0
3642.0	2.0
3643.0	3.0
3645.0	1.0
3646.0	4.0
3647.0	3.0
3648.0	3.0
3649.0	3.0
3650.0	5.0
3651.0	4.0
3652.0	2.0
3653.0	6.0
3654.0	5.0
3655.0	2.0
3656.0	5.0
3657.0	6.0
3658.0	3.0
3659.0	4.0
3660.0	1.0
3661.0	3.0
3662.0	3.0
3663.0	5.0
3664.0	2.0
3665.0	3.0
3666.0	1.0
3667.0	3.0
3668.0	1.0
3669.0	2.0
3671.0	3.0
3672.0	2.0
3673.0	2.0
3674.0	2.0
3675.0	2.0
3676.0	2.0
3677.0	3.0
3678.0	2.0
3679.0	3.0
3680.0	3.0
3681.0	1.0
3682.0	3.0
3683.0	5.0
3684.0	5.0
3685.0	2.0
3686.0	6.0
3687.0	2.0
3688.0	2.0
3689.0	6.0
3690.0	6.0
3691.0	1.0
3692.0	3.0
3693.0	3.0
3694.0	3.0
3695.0	7.0
3696.0	2.0
3697.0	6.0
3698.0	2.0
3699.0	5.0
3700.0	1.0
3701.0	5.0
3702.0	2.0
3703.0	2.0
3704.0	2.0
3705.0	4.0
3706.0	3.0
3707.0	5.0
3708.0	2.0
3709.0	6.0
3710.0	4.0
3711.0	8.0
3712.0	3.0
3713.0	7.0
3714.0	4.0
3715.0	6.0
3716.0	4.0
3717.0	3.0
3718.0	8.0
3719.0	2.0
3720.0	3.0
3721.0	7.0
3722.0	4.0
3723.0	4.0
3724.0	6.0
3725.0	4.0
3726.0	1.0
3727.0	4.0
3728.0	2.0
3729.0	5.0
3730.0	2.0
3731.0	5.0
3732.0	3.0
3733.0	3.0
3734.0	6.0
3735.0	4.0
3737.0	5.0
3738.0	2.0
3739.0	2.0
3740.0	6.0
3741.0	3.0
3742.0	3.0
3743.0	7.0
3744.0	5.0
3745.0	3.0
3746.0	8.0
3747.0	5.0
3748.0	4.0
3749.0	4.0
3750.0	1.0
3751.0	2.0
3752.0	3.0
3753.0	5.0
3754.0	9.0
3755.0	1.0
3756.0	2.0
3757.0	5.0
3758.0	7.0
3759.0	3.0
3760.0	3.0
3761.0	3.0
3762.0	6.0
3763.0	6.0
3764.0	3.0
3765.0	6.0
3766.0	2.0
3767.0	2.0
3768.0	5.0
3769.0	1.0
3770.0	5.0
3771.0	2.0
3772.0	5.0
3773.0	6.0
3774.0	4.0
3775.0	6.0
3777.0	3.0
3778.0	5.0
3779.0	2.0
3780.0	5.0
3781.0	4.0
3782.0	5.0
3783.0	3.0
3784.0	3.0
3785.0	4.0
3786.0	3.0
3787.0	7.0
3788.0	7.0
3789.0	5.0
3790.0	5.0
3791.0	3.0
3792.0	5.0
3793.0	3.0
3794.0	4.0
3795.0	3.0
3796.0	3.0
3798.0	2.0
3799.0	3.0
3800.0	2.0
3801.0	1.0
3802.0	2.0
3803.0	2.0
3804.0	2.0
3805.0	1.0
3806.0	4.0
3808.0	3.0
3809.0	2.0
3810.0	2.0
3811.0	3.0
3812.0	8.0
3813.0	4.0
3814.0	1.0
3815.0	4.0
3817.0	1.0
3819.0	3.0
3820.0	4.0
3821.0	4.0
3822.0	4.0
3824.0	2.0
3825.0	3.0
3826.0	1.0
3827.0	1.0
3828.0	2.0
3829.0	3.0
3830.0	2.0
3831.0	1.0
3833.0	4.0
3834.0	1.0
3835.0	4.0
3836.0	2.0
3837.0	1.0
3838.0	4.0
3839.0	2.0
3840.0	1.0
3841.0	2.0
3842.0	3.0
3844.0	3.0
3845.0	5.0
3847.0	2.0
3848.0	3.0
3849.0	3.0
3850.0	3.0
3852.0	2.0
3853.0	1.0
3854.0	3.0
3855.0	2.0
3857.0	4.0
3858.0	1.0
3859.0	2.0
3860.0	2.0
3861.0	1.0
3862.0	4.0
3863.0	3.0
3864.0	2.0
3865.0	1.0
3866.0	2.0
3867.0	1.0
3868.0	2.0
3869.0	2.0
3870.0	3.0
3871.0	2.0
3872.0	2.0
3873.0	3.0
3874.0	2.0
3875.0	6.0
3876.0	6.0
3877.0	4.0
3878.0	2.0
3880.0	3.0
3881.0	8.0
3883.0	3.0
3884.0	5.0
3885.0	5.0
3886.0	6.0
3887.0	2.0
3888.0	2.0
3889.0	6.0
3890.0	7.0
3893.0	8.0
3894.0	2.0
3895.0	3.0
3896.0	3.0
3897.0	5.0
3898.0	6.0
3899.0	6.0
3900.0	3.0
3901.0	1.0
3902.0	1.0
3903.0	4.0
3904.0	3.0
3905.0	2.0
3906.0	1.0
3907.0	4.0
3908.0	1.0
3909.0	3.0
3911.0	2.0
3912.0	1.0
3913.0	4.0
3914.0	5.0
3916.0	2.0
3918.0	3.0
3924.0	3.0
3925.0	4.0
3926.0	5.0
3927.0	3.0
3928.0	4.0
3929.0	3.0
3930.0	1.0
3931.0	1.0
3932.0	4.0
3933.0	1.0
3934.0	1.0
3935.0	1.0
3936.0	2.0
3939.0	1.0
3940.0	3.0
3941.0	3.0
3942.0	4.0
3943.0	2.0
3944.0	1.0
3945.0	2.0
3946.0	2.0
3947.0	1.0
3948.0	5.0
3949.0	6.0
3950.0	1.0
3951.0	1.0
3952.0	3.0
3953.0	1.0
3954.0	4.0
3956.0	1.0
3957.0	3.0
3961.0	1.0
3962.0	4.0
3965.0	1.0
3966.0	1.0
3967.0	2.0
3969.0	4.0
3970.0	1.0
3971.0	1.0
3972.0	1.0
3973.0	1.0
3976.0	3.0
3978.0	2.0
3980.0	2.0
3981.0	1.0
3983.0	2.0
3984.0	1.0
3985.0	1.0
3986.0	3.0
3987.0	2.0
3989.0	2.0
3991.0	2.0
3992.0	3.0
3993.0	2.0
3994.0	1.0
3995.0	1.0
3996.0	4.0
3997.0	2.0
3999.0	2.0
4001.0	4.0
4002.0	3.0
4003.0	3.0
4004.0	1.0
4005.0	2.0
4007.0	4.0
4008.0	3.0
4009.0	2.0
4011.0	1.0
4012.0	2.0
4013.0	3.0
4014.0	3.0
4016.0	8.0
4019.0	1.0
4020.0	1.0
4022.0	4.0
4023.0	5.0
4025.0	3.0
4026.0	2.0
4027.0	4.0
4028.0	2.0
4029.0	2.0
4030.0	1.0
4031.0	1.0
4033.0	2.0
4034.0	3.0
4035.0	2.0
4036.0	1.0
4038.0	2.0
4040.0	1.0
4041.0	3.0
4042.0	2.0
4043.0	1.0
4045.0	3.0
4046.0	3.0
4047.0	5.0
4049.0	2.0
4050.0	4.0
4051.0	4.0
4052.0	3.0
4053.0	2.0
4054.0	2.0
4055.0	3.0
4056.0	1.0
4057.0	1.0
4059.0	5.0
4060.0	1.0
4063.0	3.0
4065.0	1.0
4066.0	1.0
4067.0	4.0
4068.0	6.0
4069.0	2.0
4070.0	3.0
4071.0	1.0
4072.0	2.0
4073.0	2.0
4074.0	2.0
4075.0	1.0
4076.0	1.0
4078.0	2.0
4079.0	4.0
4080.0	4.0
4081.0	1.0
4082.0	5.0
4083.0	1.0
4084.0	2.0
4085.0	1.0
4086.0	4.0
4087.0	3.0
4088.0	1.0
4090.0	2.0
4091.0	4.0
4092.0	4.0
4093.0	4.0
4094.0	5.0
4095.0	3.0
4096.0	2.0
4097.0	4.0
4098.0	1.0
4099.0	1.0
4100.0	1.0
4101.0	1.0
4102.0	1.0
4104.0	3.0
4105.0	4.0
4106.0	2.0
4107.0	4.0
4108.0	4.0
4109.0	2.0
4110.0	1.0
4111.0	3.0
4112.0	3.0
4113.0	3.0
4114.0	3.0
4116.0	4.0
4117.0	2.0
4120.0	1.0
4121.0	1.0
4122.0	2.0
4123.0	4.0
4124.0	2.0
4125.0	2.0
4126.0	1.0
4127.0	1.0
4128.0	3.0
4130.0	2.0
4131.0	1.0
4132.0	2.0
4133.0	1.0
4135.0	1.0
4136.0	3.0
4137.0	1.0
4138.0	3.0
4139.0	1.0
4140.0	1.0
4141.0	3.0
4142.0	2.0
4144.0	2.0
4145.0	3.0
4146.0	1.0
4147.0	2.0
4148.0	3.0
4149.0	1.0
4150.0	1.0
4151.0	1.0
4152.0	1.0
4153.0	3.0
4154.0	3.0
4155.0	1.0
4156.0	1.0
4157.0	1.0
4158.0	2.0
4159.0	1.0
4161.0	3.0
4162.0	1.0
4163.0	2.0
4164.0	3.0
4165.0	1.0
4166.0	1.0
4167.0	1.0
4168.0	1.0
4169.0	7.0
4170.0	2.0
4171.0	1.0
4172.0	1.0
4173.0	3.0
4174.0	3.0
4175.0	2.0
4176.0	2.0
4177.0	4.0
4178.0	3.0
4179.0	3.0
4180.0	2.0
4181.0	2.0
4182.0	1.0
4183.0	3.0
4184.0	3.0
4185.0	3.0
4187.0	1.0
4188.0	2.0
4189.0	2.0
4191.0	6.0
4192.0	5.0
4193.0	3.0
4194.0	1.0
4195.0	2.0
4196.0	1.0
4197.0	1.0
4198.0	2.0
4199.0	3.0
4200.0	1.0
4201.0	3.0
4202.0	2.0
4203.0	1.0
4204.0	1.0
4205.0	2.0
4206.0	1.0
4207.0	1.0
4208.0	1.0
4209.0	1.0
4210.0	1.0
4211.0	1.0
4212.0	7.0
4213.0	1.0
4218.0	3.0
4219.0	2.0
4220.0	2.0
4221.0	1.0
4222.0	3.0
4223.0	4.0
4224.0	2.0
4225.0	2.0
4226.0	3.0
4227.0	3.0
4228.0	2.0
4230.0	2.0
4231.0	1.0
4232.0	2.0
4233.0	2.0
4234.0	1.0
4235.0	2.0
4236.0	1.0
4238.0	3.0
4239.0	1.0
4240.0	1.0
4241.0	2.0
4242.0	1.0
4243.0	2.0
4244.0	2.0
4245.0	2.0
4246.0	1.0
4247.0	1.0
4248.0	4.0
4249.0	1.0
4250.0	5.0
4251.0	2.0
4252.0	1.0
4254.0	3.0
4255.0	2.0
4256.0	1.0
4257.0	3.0
4258.0	1.0
4259.0	1.0
4260.0	1.0
4262.0	2.0
4265.0	4.0
4266.0	2.0
4268.0	2.0
4269.0	3.0
4270.0	4.0
4272.0	3.0
4273.0	1.0
4274.0	3.0
4277.0	1.0
4278.0	4.0
4279.0	3.0
4280.0	2.0
4281.0	5.0
4282.0	2.0
4283.0	1.0
4284.0	1.0
4285.0	5.0
4286.0	1.0
4287.0	4.0
4288.0	3.0
4289.0	3.0
4290.0	4.0
4291.0	4.0
4294.0	5.0
4295.0	4.0
4297.0	2.0
4298.0	3.0
4300.0	1.0
4301.0	2.0
4302.0	2.0
4305.0	1.0
4306.0	3.0
4307.0	3.0
4308.0	1.0
4310.0	3.0
4311.0	1.0
4312.0	3.0
4313.0	3.0
4314.0	1.0
4315.0	3.0
4316.0	1.0
4318.0	1.0
4319.0	2.0
4321.0	1.0
4322.0	1.0
4324.0	3.0
4325.0	4.0
4327.0	2.0
4328.0	1.0
4329.0	1.0
4330.0	2.0
4331.0	3.0
4332.0	1.0
4333.0	3.0
4334.0	4.0
4335.0	3.0
4337.0	1.0
4338.0	1.0
4339.0	2.0
4340.0	2.0
4341.0	4.0
4342.0	1.0
4343.0	2.0
4344.0	1.0
4345.0	1.0
4346.0	1.0
4347.0	2.0
4350.0	2.0
4353.0	2.0
4354.0	3.0
4355.0	1.0
4358.0	1.0
4359.0	3.0
4360.0	3.0
4361.0	3.0
4362.0	1.0
4363.0	2.0
4364.0	5.0
4365.0	2.0
4366.0	4.0
4367.0	1.0
4368.0	1.0
4372.0	4.0
4374.0	4.0
4376.0	3.0
4378.0	1.0
4379.0	5.0
4380.0	4.0
4381.0	4.0
4382.0	1.0
4383.0	2.0
4384.0	2.0
4385.0	3.0
4386.0	2.0
4387.0	1.0
4389.0	3.0
4390.0	2.0
4391.0	2.0
4392.0	1.0
4393.0	4.0
4395.0	4.0
4396.0	2.0
4398.0	3.0
4399.0	1.0
4400.0	3.0
4401.0	2.0
4403.0	1.0
4404.0	1.0
4405.0	2.0
4406.0	3.0
4408.0	2.0
4409.0	2.0
4410.0	2.0
4411.0	1.0
4412.0	5.0
4414.0	2.0
4415.0	1.0
4416.0	1.0
4417.0	2.0
4418.0	1.0
4419.0	1.0
4420.0	1.0
4421.0	2.0
4422.0	5.0
4423.0	1.0
4424.0	2.0
4425.0	4.0
4426.0	2.0
4427.0	3.0
4428.0	4.0
4430.0	2.0
4432.0	2.0
4433.0	2.0
4434.0	1.0
4435.0	1.0
4437.0	1.0
4438.0	1.0
4439.0	2.0
4441.0	1.0
4442.0	1.0
4443.0	1.0
4445.0	1.0
4446.0	1.0
4447.0	2.0
4448.0	1.0
4449.0	1.0
4451.0	1.0
4452.0	1.0
4453.0	2.0
4456.0	1.0
4457.0	2.0
4458.0	2.0
4459.0	1.0
4460.0	1.0
4461.0	1.0
4462.0	2.0
4466.0	1.0
4467.0	1.0
4468.0	3.0
4469.0	1.0
4470.0	1.0
4471.0	4.0
4472.0	2.0
4473.0	3.0
4475.0	3.0
4476.0	1.0
4480.0	1.0
4481.0	1.0
4482.0	1.0
4483.0	1.0
4485.0	4.0
4486.0	1.0
4487.0	3.0
4488.0	2.0
4489.0	2.0
4490.0	1.0
4491.0	5.0
4492.0	1.0
4493.0	2.0
4494.0	1.0
4495.0	1.0
4496.0	1.0
4497.0	5.0
4498.0	1.0
4499.0	4.0
4500.0	3.0
4501.0	2.0
4502.0	6.0
4503.0	5.0
4504.0	1.0
4505.0	5.0
4506.0	2.0
4507.0	1.0
4508.0	4.0
4509.0	3.0
4510.0	5.0
4511.0	4.0
4512.0	5.0
4513.0	4.0
4514.0	1.0
4515.0	1.0
4516.0	1.0
4517.0	1.0
4518.0	3.0
4521.0	4.0
4522.0	1.0
4523.0	3.0
4524.0	2.0
4525.0	1.0
4526.0	2.0
4527.0	1.0
4528.0	1.0
4530.0	1.0
4533.0	3.0
4535.0	2.0
4536.0	6.0
4538.0	4.0
4539.0	2.0
4540.0	1.0
4541.0	1.0
4542.0	2.0
4543.0	2.0
4544.0	3.0
4545.0	1.0
4546.0	1.0
4547.0	2.0
4548.0	3.0
4549.0	2.0
4550.0	5.0
4551.0	3.0
4552.0	2.0
4553.0	5.0
4554.0	3.0
4555.0	1.0
4556.0	1.0
4557.0	3.0
4558.0	1.0
4559.0	4.0
4560.0	1.0
4561.0	2.0
4562.0	3.0
4563.0	2.0
4564.0	5.0
4565.0	3.0
4566.0	1.0
4567.0	2.0
4568.0	2.0
4569.0	4.0
4570.0	2.0
4571.0	2.0
4572.0	4.0
4573.0	2.0
4574.0	3.0
4575.0	2.0
4576.0	4.0
4577.0	1.0
4579.0	3.0
4580.0	1.0
4581.0	1.0
4582.0	4.0
4583.0	4.0
4584.0	1.0
4585.0	1.0
4586.0	1.0
4587.0	3.0
4588.0	6.0
4589.0	2.0
4590.0	5.0
4591.0	3.0
4592.0	1.0
4593.0	1.0
4594.0	2.0
4595.0	1.0
4596.0	1.0
4597.0	1.0
4598.0	2.0
4600.0	3.0
4601.0	3.0
4602.0	3.0
4603.0	4.0
4604.0	2.0
4605.0	3.0
4607.0	3.0
4608.0	3.0
4609.0	3.0
4610.0	2.0
4611.0	4.0
4612.0	4.0
4613.0	1.0
4614.0	5.0
4615.0	4.0
4616.0	5.0
4617.0	2.0
4618.0	2.0
4619.0	2.0
4620.0	5.0
4621.0	2.0
4622.0	2.0
4623.0	6.0
4624.0	6.0
4625.0	1.0
4626.0	2.0
4627.0	1.0
4628.0	3.0
4629.0	5.0
4630.0	3.0
4632.0	3.0
4633.0	5.0
4634.0	4.0
4635.0	3.0
4636.0	4.0
4637.0	4.0
4639.0	2.0
4640.0	5.0
4642.0	2.0
4643.0	3.0
4644.0	1.0
4645.0	2.0
4646.0	5.0
4647.0	1.0
4648.0	2.0
4649.0	2.0
4650.0	1.0
4651.0	4.0
4652.0	2.0
4653.0	2.0
4654.0	2.0
4655.0	2.0
4656.0	1.0
4657.0	2.0
4658.0	3.0
4659.0	6.0
4660.0	4.0
4661.0	2.0
4662.0	3.0
4663.0	3.0
4664.0	1.0
4665.0	1.0
4666.0	5.0
4667.0	3.0
4668.0	2.0
4669.0	1.0
4670.0	1.0
4671.0	3.0
4672.0	3.0
4673.0	1.0
4674.0	3.0
4675.0	3.0
4676.0	2.0
4677.0	3.0
4678.0	6.0
4679.0	3.0
4680.0	4.0
4681.0	5.0
4682.0	1.0
4683.0	2.0
4684.0	1.0
4685.0	4.0
4686.0	2.0
4687.0	4.0
4688.0	4.0
4689.0	6.0
4690.0	5.0
4691.0	1.0
4692.0	3.0
4693.0	2.0
4694.0	3.0
4695.0	1.0
4696.0	5.0
4697.0	6.0
4698.0	2.0
4699.0	3.0
4700.0	3.0
4701.0	2.0
4702.0	2.0
4703.0	7.0
4704.0	1.0
4705.0	2.0
4706.0	3.0
4707.0	2.0
4708.0	3.0
4709.0	5.0
4711.0	2.0
4712.0	5.0
4713.0	1.0
4714.0	2.0
4715.0	2.0
4716.0	1.0
4717.0	7.0
4718.0	2.0
4720.0	2.0
4721.0	2.0
4722.0	3.0
4723.0	4.0
4724.0	2.0
4725.0	3.0
4726.0	3.0
4727.0	3.0
4728.0	1.0
4729.0	4.0
4730.0	2.0
4731.0	6.0
4732.0	6.0
4733.0	2.0
4734.0	5.0
4735.0	6.0
4736.0	4.0
4737.0	1.0
4738.0	3.0
4739.0	7.0
4740.0	2.0
4741.0	5.0
4742.0	2.0
4743.0	2.0
4744.0	3.0
4746.0	3.0
4747.0	4.0
4748.0	3.0
4750.0	1.0
4751.0	2.0
4752.0	1.0
4753.0	4.0
4754.0	3.0
4755.0	4.0
4756.0	5.0
4757.0	9.0
4758.0	6.0
4759.0	3.0
4761.0	3.0
4762.0	2.0
4763.0	3.0
4764.0	3.0
4765.0	1.0
4766.0	1.0
4767.0	5.0
4768.0	3.0
4769.0	2.0
4770.0	3.0
4771.0	2.0
4772.0	2.0
4773.0	2.0
4774.0	4.0
4775.0	2.0
4776.0	3.0
4777.0	4.0
4778.0	2.0
4779.0	3.0
4780.0	2.0
4781.0	1.0
4782.0	1.0
4783.0	6.0
4784.0	1.0
4785.0	1.0
4786.0	7.0
4787.0	4.0
4788.0	1.0
4789.0	6.0
4790.0	4.0
4791.0	1.0
4792.0	3.0
4793.0	4.0
4794.0	2.0
4795.0	4.0
4796.0	5.0
4797.0	2.0
4798.0	1.0
4799.0	2.0
4800.0	1.0
4801.0	5.0
4802.0	1.0
4803.0	6.0
4804.0	3.0
4805.0	1.0
4806.0	3.0
4807.0	3.0
4810.0	5.0
4811.0	3.0
4812.0	7.0
4813.0	1.0
4814.0	2.0
4815.0	4.0
4816.0	4.0
4817.0	2.0
4818.0	2.0
4819.0	5.0
4820.0	4.0
4821.0	2.0
4822.0	1.0
4823.0	3.0
4824.0	4.0
4825.0	3.0
4826.0	7.0
4827.0	1.0
4828.0	3.0
4829.0	1.0
4830.0	3.0
4831.0	5.0
4832.0	3.0
4833.0	3.0
4834.0	3.0
4835.0	6.0
4836.0	4.0
4837.0	1.0
4838.0	2.0
4839.0	1.0
4840.0	7.0
4841.0	4.0
4842.0	1.0
4843.0	4.0
4844.0	3.0
4845.0	3.0
4846.0	3.0
4847.0	2.0
4848.0	6.0
4849.0	4.0
4850.0	2.0
4851.0	1.0
4852.0	1.0
4853.0	1.0
4854.0	5.0
4855.0	3.0
4857.0	5.0
4858.0	2.0
4859.0	3.0
4860.0	5.0
4861.0	4.0
4863.0	1.0
4864.0	3.0
4865.0	2.0
4866.0	2.0
4867.0	1.0
4868.0	1.0
4869.0	1.0
4870.0	3.0
4871.0	2.0
4872.0	3.0
4873.0	1.0
4874.0	4.0
4875.0	1.0
4876.0	1.0
4877.0	1.0
4878.0	1.0
4879.0	1.0
4880.0	2.0
4881.0	4.0
4882.0	1.0
4883.0	2.0
4884.0	1.0
4886.0	3.0
4887.0	3.0
4888.0	3.0
4889.0	1.0
4890.0	3.0
4891.0	1.0
4892.0	4.0
4893.0	2.0
4895.0	1.0
4896.0	2.0
4897.0	2.0
4898.0	1.0
4899.0	3.0
4900.0	3.0
4901.0	2.0
4903.0	1.0
4904.0	1.0
4905.0	2.0
4906.0	1.0
4907.0	1.0
4908.0	2.0
4909.0	1.0
4910.0	2.0
4912.0	1.0
4913.0	1.0
4914.0	2.0
4915.0	1.0
4916.0	1.0
4917.0	1.0
4919.0	3.0
4920.0	1.0
4921.0	1.0
4922.0	2.0
4923.0	2.0
4924.0	1.0
4925.0	2.0
4926.0	1.0
4927.0	3.0
4928.0	2.0
4929.0	1.0
4930.0	1.0
4931.0	4.0
4933.0	2.0
4935.0	2.0
4936.0	3.0
4938.0	1.0
4939.0	1.0
4940.0	3.0
4942.0	1.0
4943.0	1.0
4944.0	3.0
4945.0	1.0
4946.0	2.0
4947.0	2.0
4949.0	1.0
4950.0	1.0
4951.0	3.0
4952.0	2.0
4953.0	1.0
4954.0	1.0
4955.0	1.0
4956.0	4.0
4957.0	2.0
4958.0	1.0
4959.0	3.0
4960.0	2.0
4961.0	2.0
4964.0	1.0
4968.0	2.0
4969.0	1.0
4970.0	2.0
4971.0	5.0
4972.0	1.0
4973.0	2.0
4975.0	4.0
4976.0	3.0
4977.0	1.0
4978.0	1.0
4979.0	3.0
4982.0	1.0
4983.0	3.0
4985.0	3.0
4986.0	2.0
4987.0	2.0
4990.0	1.0
4991.0	4.0
4992.0	3.0
4993.0	2.0
4995.0	1.0
4996.0	1.0
4997.0	3.0
4998.0	2.0
5001.0	2.0
5002.0	1.0
5003.0	2.0
5004.0	1.0
5007.0	2.0
5008.0	1.0
5009.0	1.0
5011.0	1.0
5013.0	2.0
5014.0	3.0
5016.0	1.0
5017.0	2.0
5018.0	2.0
5020.0	2.0
5022.0	1.0
5023.0	1.0
5024.0	2.0
5026.0	1.0
5027.0	3.0
5028.0	2.0
5031.0	1.0
5033.0	1.0
5034.0	1.0
5035.0	1.0
5039.0	3.0
5040.0	1.0
5041.0	2.0
5046.0	1.0
5048.0	2.0
5049.0	2.0
5050.0	1.0
5052.0	2.0
5055.0	1.0
5056.0	3.0
5058.0	3.0
5059.0	1.0
5060.0	1.0
5061.0	1.0
5062.0	1.0
5064.0	2.0
5066.0	2.0
5067.0	1.0
5068.0	2.0
5069.0	1.0
5070.0	2.0
5071.0	1.0
5072.0	3.0
5073.0	1.0
5074.0	1.0
5075.0	1.0
5078.0	1.0
5084.0	2.0
5085.0	2.0
5087.0	1.0
5089.0	3.0
5090.0	1.0
5091.0	2.0
5092.0	1.0
5093.0	2.0
5094.0	1.0
5095.0	2.0
5097.0	3.0
5099.0	2.0
5100.0	1.0
5101.0	4.0
5102.0	3.0
5104.0	2.0
5105.0	2.0
5106.0	4.0
5107.0	1.0
5108.0	2.0
5109.0	3.0
5110.0	1.0
5111.0	3.0
5112.0	3.0
5113.0	3.0
5114.0	5.0
5115.0	1.0
5116.0	3.0
5117.0	2.0
5118.0	1.0
5119.0	3.0
5120.0	3.0
5121.0	4.0
5122.0	3.0
5124.0	3.0
5125.0	2.0
5126.0	3.0
5127.0	2.0
5128.0	6.0
5129.0	3.0
5130.0	2.0
5131.0	2.0
5132.0	2.0
5133.0	4.0
5134.0	2.0
5135.0	1.0
5136.0	7.0
5137.0	1.0
5138.0	6.0
5139.0	1.0
5140.0	3.0
5141.0	3.0
5142.0	3.0
5143.0	5.0
5144.0	4.0
5145.0	6.0
5146.0	2.0
5147.0	2.0
5148.0	2.0
5149.0	6.0
5150.0	3.0
5152.0	6.0
5154.0	3.0
5155.0	5.0
5156.0	2.0
5157.0	2.0
5158.0	2.0
5159.0	1.0
5160.0	2.0
5162.0	3.0
5163.0	2.0
5165.0	1.0
5166.0	1.0
5167.0	1.0
5168.0	2.0
5169.0	1.0
5170.0	3.0
5171.0	1.0
5172.0	1.0
5173.0	3.0
5174.0	1.0
5175.0	1.0
5178.0	1.0
5179.0	2.0
5180.0	1.0
5181.0	1.0
5182.0	2.0
5183.0	2.0
5184.0	1.0
5187.0	2.0
5188.0	1.0
5189.0	3.0
5190.0	3.0
5194.0	3.0
5195.0	6.0
5196.0	2.0
5197.0	1.0
5198.0	4.0
5199.0	2.0
5200.0	2.0
5201.0	1.0
5202.0	2.0
5203.0	4.0
5204.0	2.0
5205.0	2.0
5206.0	4.0
5207.0	1.0
5208.0	1.0
5209.0	1.0
5210.0	2.0
5211.0	2.0
5213.0	1.0
5214.0	1.0
5215.0	7.0
5216.0	1.0
5217.0	3.0
5218.0	1.0
5219.0	1.0
5220.0	2.0
5221.0	3.0
5223.0	2.0
5224.0	2.0
5225.0	2.0
5226.0	1.0
5228.0	3.0
5229.0	2.0
5232.0	1.0
5233.0	3.0
5235.0	1.0
5236.0	1.0
5237.0	1.0
5238.0	3.0
5239.0	1.0
5240.0	4.0
5242.0	1.0
5243.0	3.0
5244.0	1.0
5245.0	1.0
5246.0	1.0
5247.0	1.0
5248.0	4.0
5251.0	3.0
5253.0	1.0
5254.0	1.0
5255.0	3.0
5256.0	2.0
5257.0	4.0
5258.0	3.0
5259.0	5.0
5260.0	3.0
5263.0	3.0
5265.0	4.0
5266.0	4.0
5267.0	3.0
5268.0	2.0
5269.0	1.0
5273.0	1.0
5274.0	2.0
5275.0	4.0
5276.0	1.0
5277.0	4.0
5278.0	2.0
5279.0	4.0
5280.0	1.0
5281.0	5.0
5282.0	3.0
5283.0	5.0
5284.0	1.0
5285.0	3.0
5286.0	1.0
5287.0	4.0
5288.0	4.0
5289.0	4.0
5290.0	4.0
5291.0	5.0
5292.0	3.0
5293.0	5.0
5294.0	3.0
5295.0	7.0
5296.0	2.0
5297.0	3.0
5298.0	3.0
5299.0	2.0
5300.0	2.0
5301.0	5.0
5302.0	2.0
5303.0	2.0
5305.0	3.0
5306.0	6.0
5307.0	6.0
5308.0	1.0
5309.0	4.0
5310.0	2.0
5311.0	3.0
5312.0	6.0
5313.0	4.0
5314.0	2.0
5315.0	1.0
5316.0	2.0
5317.0	1.0
5318.0	5.0
5319.0	2.0
5320.0	2.0
5321.0	5.0
5322.0	1.0
5323.0	1.0
5325.0	3.0
5326.0	3.0
5327.0	1.0
5328.0	4.0
5329.0	2.0
5330.0	4.0
5331.0	3.0
5333.0	3.0
5334.0	1.0
5335.0	3.0
5336.0	2.0
5337.0	3.0
5338.0	1.0
5339.0	4.0
5340.0	3.0
5341.0	9.0
5342.0	3.0
5343.0	3.0
5344.0	2.0
5345.0	3.0
5346.0	3.0
5347.0	2.0
5348.0	5.0
5349.0	1.0
5350.0	4.0
5351.0	1.0
5352.0	1.0
5353.0	1.0
5354.0	2.0
5355.0	3.0
5357.0	3.0
5359.0	5.0
5360.0	2.0
5361.0	3.0
5362.0	3.0
5363.0	2.0
5364.0	1.0
5366.0	1.0
5368.0	1.0
5370.0	1.0
5371.0	2.0
5372.0	1.0
5374.0	1.0
5375.0	3.0
5376.0	3.0
5378.0	2.0
5379.0	1.0
5381.0	2.0
5382.0	1.0
5383.0	1.0
5384.0	1.0
5386.0	1.0
5387.0	3.0
5391.0	4.0
5392.0	3.0
5393.0	1.0
5395.0	1.0
5398.0	4.0
5399.0	1.0
5401.0	1.0
5402.0	1.0
5403.0	1.0
5404.0	1.0
5406.0	1.0
5407.0	3.0
5409.0	1.0
5410.0	1.0
5411.0	2.0
5412.0	3.0
5416.0	4.0
5417.0	1.0
5418.0	2.0
5419.0	2.0
5420.0	2.0
5421.0	1.0
5422.0	1.0
5423.0	3.0
5424.0	3.0
5425.0	1.0
5427.0	3.0
5428.0	2.0
5429.0	3.0
5430.0	1.0
5431.0	2.0
5433.0	1.0
5435.0	1.0
5436.0	1.0
5437.0	4.0
5438.0	1.0
5439.0	1.0
5441.0	1.0
5442.0	3.0
5443.0	4.0
5444.0	2.0
5445.0	2.0
5446.0	3.0
5447.0	1.0
5449.0	2.0
5450.0	3.0
5452.0	1.0
5455.0	1.0
5456.0	1.0
5457.0	2.0
5458.0	1.0
5459.0	1.0
5460.0	3.0
5461.0	3.0
5462.0	1.0
5463.0	3.0
5466.0	2.0
5468.0	2.0
5471.0	3.0
5475.0	2.0
5477.0	1.0
5478.0	2.0
5479.0	1.0
5480.0	1.0
5481.0	2.0
5483.0	2.0
5484.0	3.0
5485.0	2.0
5486.0	1.0
5488.0	1.0
5489.0	2.0
5490.0	2.0
5495.0	3.0
5496.0	2.0
5497.0	3.0
5498.0	1.0
5500.0	1.0
5501.0	3.0
5506.0	2.0
5507.0	1.0
5508.0	1.0
5509.0	2.0
5510.0	2.0
5512.0	1.0
5513.0	3.0
5516.0	2.0
5517.0	1.0
5518.0	3.0
5519.0	2.0
5520.0	2.0
5521.0	3.0
5522.0	1.0
5525.0	2.0
5527.0	2.0
5528.0	1.0
5530.0	1.0
5531.0	2.0
5532.0	1.0
5533.0	3.0
5535.0	1.0
5536.0	2.0
5537.0	1.0
5538.0	3.0
5539.0	1.0
5541.0	2.0
5542.0	1.0
5543.0	1.0
5544.0	1.0
5545.0	1.0
5546.0	1.0
5547.0	1.0
5548.0	3.0
5549.0	4.0
5550.0	1.0
5551.0	4.0
5553.0	2.0
5555.0	2.0
5556.0	2.0
5557.0	2.0
5558.0	4.0
5560.0	2.0
5562.0	4.0
5563.0	2.0
5564.0	2.0
5565.0	2.0
5567.0	1.0
5569.0	1.0
5570.0	3.0
5571.0	3.0
5572.0	2.0
5573.0	1.0
5574.0	1.0
5576.0	3.0
5577.0	1.0
5578.0	2.0
5580.0	1.0
5581.0	4.0
5582.0	1.0
5583.0	3.0
5585.0	3.0
5588.0	1.0
5589.0	1.0
5590.0	2.0
5591.0	5.0
5592.0	3.0
5593.0	2.0
5594.0	2.0
5595.0	2.0
5596.0	3.0
5597.0	2.0
5598.0	5.0
5599.0	3.0
5600.0	2.0
5601.0	1.0
5602.0	4.0
5603.0	5.0
5604.0	5.0
5605.0	3.0
5606.0	2.0
5607.0	2.0
5609.0	4.0
5610.0	1.0
5611.0	2.0
5612.0	1.0
5613.0	3.0
5614.0	1.0
5617.0	1.0
5618.0	1.0
5619.0	3.0
5622.0	3.0
5624.0	1.0
5626.0	1.0
5627.0	1.0
5630.0	1.0
5632.0	1.0
5634.0	1.0
5635.0	2.0
5636.0	2.0
5637.0	1.0
5639.0	2.0
5640.0	1.0
5642.0	1.0
5643.0	2.0
5644.0	1.0
5645.0	1.0
5646.0	3.0
5647.0	2.0
5649.0	1.0
5650.0	1.0
5651.0	1.0
5652.0	2.0
5653.0	2.0
5655.0	2.0
5657.0	4.0
5658.0	3.0
5659.0	7.0
5660.0	1.0
5661.0	1.0
5662.0	2.0
5663.0	1.0
5665.0	1.0
5666.0	3.0
5667.0	1.0
5668.0	1.0
5669.0	1.0
5670.0	1.0
5677.0	1.0
5680.0	2.0
5681.0	1.0
5683.0	3.0
5684.0	2.0
5690.0	1.0
5692.0	1.0
5693.0	1.0
5697.0	1.0
5699.0	2.0
5700.0	1.0
5701.0	1.0
5706.0	1.0
5707.0	1.0
5709.0	2.0
5710.0	1.0
5711.0	2.0
5712.0	1.0
5717.0	2.0
5718.0	1.0
5723.0	1.0
5730.0	1.0
5733.0	1.0
5735.0	1.0
5738.0	1.0
5743.0	1.0
5745.0	1.0
5747.0	1.0
5749.0	1.0
5751.0	1.0
5753.0	1.0
5755.0	1.0
5767.0	1.0
5770.0	1.0
5773.0	2.0
5785.0	1.0
5789.0	1.0
5793.0	1.0
5795.0	1.0
5798.0	1.0
5799.0	1.0
5800.0	1.0
5803.0	1.0
5806.0	2.0
5808.0	1.0
5813.0	1.0
5816.0	1.0
5825.0	1.0
5826.0	1.0
5830.0	1.0
5831.0	1.0
5832.0	1.0
5836.0	1.0
5838.0	1.0
5842.0	1.0
5846.0	1.0
5847.0	1.0
5849.0	1.0
5850.0	1.0
5852.0	4.0
5854.0	2.0
5863.0	1.0
5865.0	1.0
5877.0	1.0
5887.0	1.0
5890.0	1.0
5891.0	1.0
5895.0	2.0
5896.0	1.0
5898.0	2.0
5911.0	1.0
5912.0	1.0
5917.0	1.0
5918.0	1.0
5921.0	1.0
5923.0	2.0
5924.0	1.0
5927.0	2.0
5929.0	2.0
5931.0	1.0
5938.0	1.0
5948.0	1.0
5950.0	2.0
5953.0	1.0
5958.0	3.0
5963.0	1.0
5966.0	1.0
5970.0	1.0
5972.0	3.0
5978.0	1.0
5981.0	2.0
5984.0	1.0
5985.0	1.0
5987.0	1.0
5988.0	1.0
5990.0	1.0
6001.0	1.0
6007.0	1.0
6010.0	2.0
6016.0	1.0
6018.0	3.0
6020.0	1.0
6022.0	2.0
6024.0	1.0
6028.0	1.0
6029.0	1.0
6033.0	1.0
6034.0	2.0
6036.0	1.0
6043.0	1.0
6046.0	2.0
6048.0	2.0
6049.0	1.0
6054.0	1.0
6057.0	1.0
6060.0	1.0
6067.0	3.0
6072.0	1.0
6073.0	1.0
6075.0	1.0
6076.0	1.0
6078.0	1.0
6079.0	1.0
6081.0	1.0
6083.0	1.0
6091.0	3.0
6093.0	1.0
6094.0	1.0
6096.0	2.0
6100.0	1.0
6102.0	1.0
6104.0	1.0
6108.0	1.0
6114.0	1.0
6116.0	1.0
6117.0	1.0
6118.0	1.0
6120.0	1.0
6121.0	3.0
6122.0	1.0
6124.0	1.0
6127.0	1.0
6130.0	3.0
6134.0	3.0
6137.0	1.0
6143.0	1.0
6144.0	1.0
6146.0	1.0
6147.0	2.0
6148.0	4.0
6149.0	6.0
6150.0	1.0
6151.0	2.0
6152.0	1.0
6153.0	3.0
6154.0	2.0
6155.0	3.0
6156.0	2.0
6160.0	1.0
6166.0	1.0
6172.0	1.0
6173.0	2.0
6177.0	1.0
6178.0	1.0
6180.0	2.0
6181.0	1.0
6184.0	1.0
6185.0	1.0
6187.0	1.0
6189.0	1.0
6191.0	1.0
6194.0	1.0
6195.0	1.0
6197.0	1.0
6198.0	1.0
6199.0	1.0
6201.0	1.0
6203.0	1.0
6204.0	2.0
6206.0	1.0
6207.0	1.0
6214.0	1.0
6222.0	2.0
6229.0	1.0
6233.0	1.0
6235.0	1.0
6236.0	1.0
6239.0	1.0
6244.0	1.0
6246.0	1.0
6247.0	1.0
6248.0	2.0
6252.0	1.0
6253.0	1.0
6254.0	1.0
6255.0	1.0
6257.0	1.0
6263.0	1.0
6271.0	1.0
6277.0	1.0
6283.0	1.0
6287.0	1.0
6288.0	1.0
6295.0	1.0
6305.0	2.0
6308.0	1.0
6310.0	1.0
6311.0	1.0
6321.0	1.0
6323.0	1.0
6328.0	1.0
6329.0	1.0
6331.0	1.0
6333.0	1.0
6337.0	1.0
6340.0	1.0
6342.0	1.0
6346.0	1.0
6350.0	1.0
6354.0	2.0
6359.0	1.0
6360.0	2.0
6361.0	2.0
6364.0	2.0
6369.0	1.0
6377.0	2.0
6378.0	1.0
6383.0	1.0
6385.0	1.0
6388.0	1.0
6389.0	1.0
6390.0	2.0
6395.0	1.0
6396.0	1.0
6400.0	1.0
6403.0	1.0
6404.0	1.0
6406.0	1.0
6407.0	1.0
6409.0	1.0
6410.0	1.0
6412.0	2.0
6414.0	1.0
6415.0	2.0
6416.0	1.0
6427.0	1.0
6429.0	1.0
6434.0	2.0
6439.0	1.0
6443.0	1.0
6446.0	1.0
6447.0	1.0
6448.0	1.0
6457.0	1.0
6477.0	2.0
6487.0	2.0
6499.0	2.0
6503.0	1.0
6510.0	1.0
6513.0	1.0
6522.0	1.0
6525.0	1.0
6527.0	1.0
6528.0	1.0
6530.0	1.0
6532.0	1.0
6538.0	1.0
6541.0	1.0
6545.0	1.0
6556.0	1.0
6559.0	2.0
6562.0	1.0
6563.0	1.0
6565.0	1.0
6566.0	1.0
6577.0	2.0
6581.0	1.0
6586.0	1.0
6590.0	1.0
6599.0	1.0
6604.0	1.0
6612.0	1.0
6613.0	1.0
6626.0	1.0
6631.0	2.0
6636.0	1.0
6653.0	1.0
6660.0	1.0
6670.0	1.0
6671.0	1.0
6673.0	1.0
6682.0	1.0
6684.0	1.0
6690.0	1.0
6711.0	1.0
6712.0	3.0
6719.0	1.0
6723.0	1.0
6728.0	1.0
6734.0	1.0
6741.0	1.0
6744.0	1.0
6746.0	1.0
6749.0	1.0
6752.0	1.0
6756.0	2.0
6758.0	1.0
6770.0	1.0
6775.0	2.0
6776.0	1.0
6781.0	1.0
6782.0	1.0
6788.0	1.0
6789.0	1.0
6799.0	2.0
6806.0	1.0
6812.0	1.0
6813.0	1.0
6817.0	1.0
6822.0	1.0
6824.0	1.0
6827.0	1.0
6828.0	1.0
6835.0	1.0
6841.0	3.0
6846.0	1.0
6854.0	1.0
6856.0	1.0
6857.0	2.0
6859.0	1.0
6862.0	2.0
6864.0	1.0
6866.0	2.0
6870.0	1.0
6876.0	1.0
6879.0	2.0
6882.0	1.0
6889.0	1.0
6891.0	1.0
6894.0	1.0
6906.0	1.0
6910.0	1.0
6921.0	1.0
6925.0	1.0
6930.0	2.0
6938.0	1.0
6957.0	1.0
6961.0	2.0
6963.0	1.0
6965.0	1.0
6969.0	1.0
6971.0	1.0
6974.0	1.0
6985.0	1.0
6988.0	2.0
6989.0	1.0
6992.0	1.0
6994.0	1.0
6996.0	1.0
6998.0	1.0
7008.0	1.0
7012.0	1.0
7017.0	1.0
7018.0	1.0
7031.0	1.0
7033.0	1.0
7041.0	1.0
7046.0	1.0
7049.0	1.0
7051.0	1.0
7078.0	1.0
7079.0	1.0
7094.0	1.0
7098.0	1.0
7099.0	1.0
7100.0	1.0
7103.0	1.0
7104.0	1.0
7126.0	1.0
7133.0	1.0
7134.0	1.0
7138.0	1.0
7144.0	1.0
7157.0	1.0
7161.0	1.0
7167.0	1.0
7169.0	1.0
7171.0	1.0
7173.0	1.0
7179.0	1.0
7181.0	1.0
7184.0	1.0
7186.0	2.0
7190.0	1.0
7194.0	2.0
7199.0	1.0
7208.0	2.0
7219.0	1.0
7224.0	1.0
7226.0	1.0
7230.0	1.0
7231.0	1.0
7232.0	1.0
7235.0	1.0
7238.0	1.0
7240.0	1.0
7243.0	1.0
7254.0	1.0
7259.0	2.0
7264.0	1.0
7268.0	1.0
7277.0	1.0
7281.0	1.0
7283.0	2.0
7294.0	1.0
7303.0	1.0
7310.0	1.0
7313.0	1.0
7317.0	2.0
7319.0	1.0
7338.0	1.0
7341.0	1.0
7342.0	1.0
7344.0	1.0
7349.0	1.0
7359.0	1.0
7364.0	1.0
7365.0	2.0
7367.0	1.0
7372.0	1.0
7373.0	1.0
7374.0	1.0
7380.0	1.0
7384.0	1.0
7385.0	1.0
7386.0	1.0
7397.0	1.0
7402.0	1.0
7403.0	1.0
7408.0	1.0
7417.0	1.0
7421.0	1.0
7426.0	3.0
7427.0	1.0
7431.0	1.0
7432.0	1.0
7445.0	1.0
7449.0	1.0
7450.0	1.0
7454.0	1.0
7461.0	1.0
7463.0	1.0
7473.0	1.0
7481.0	1.0
7489.0	1.0
7490.0	1.0
7496.0	1.0
7502.0	1.0
7509.0	1.0
7510.0	1.0
7516.0	2.0
7524.0	1.0
7530.0	1.0
7534.0	1.0
7535.0	1.0
7538.0	1.0
7540.0	2.0
7541.0	1.0
7544.0	2.0
7545.0	1.0
7548.0	2.0
7549.0	1.0
7550.0	3.0
7563.0	1.0
7567.0	1.0
7574.0	1.0
7575.0	2.0
7592.0	1.0
7596.0	1.0
7600.0	1.0
7605.0	1.0
7616.0	1.0
7628.0	1.0
7632.0	1.0
7634.0	1.0
7637.0	2.0
7640.0	1.0
7647.0	1.0
7656.0	1.0
7665.0	1.0
7667.0	2.0
7679.0	2.0
7683.0	1.0
7684.0	1.0
7686.0	1.0
7688.0	2.0
7696.0	1.0
7699.0	1.0
7712.0	1.0
7727.0	2.0
7732.0	1.0
7734.0	1.0
7749.0	2.0
7751.0	1.0
7754.0	1.0
7757.0	1.0
7758.0	1.0
7761.0	1.0
7767.0	1.0
7771.0	1.0
7773.0	1.0
7774.0	1.0
7775.0	1.0
7778.0	1.0
7779.0	1.0
7782.0	1.0
7789.0	1.0
7790.0	1.0
7791.0	2.0
7796.0	1.0
7802.0	2.0
7806.0	1.0
7814.0	2.0
7820.0	1.0
7829.0	1.0
7842.0	1.0
7848.0	1.0
7860.0	1.0
7862.0	1.0
7867.0	1.0
7871.0	2.0
7905.0	1.0
7913.0	1.0
7914.0	1.0
7918.0	1.0
7919.0	1.0
7925.0	1.0
7926.0	1.0
7937.0	1.0
7939.0	1.0
7950.0	1.0
7956.0	1.0
7958.0	1.0
7960.0	2.0
7967.0	1.0
7974.0	1.0
7979.0	1.0
7980.0	1.0
7984.0	1.0
7988.0	1.0
7989.0	1.0
7995.0	1.0
8006.0	1.0
8009.0	1.0
8020.0	1.0
8025.0	1.0
8026.0	1.0
8035.0	2.0
8048.0	2.0
8049.0	1.0
8050.0	2.0
8055.0	1.0
8056.0	1.0
8066.0	1.0
8072.0	1.0
8076.0	1.0
8079.0	1.0
8085.0	2.0
8090.0	1.0
8091.0	1.0
8095.0	1.0
8096.0	1.0
8098.0	1.0
8100.0	1.0
8108.0	1.0
8112.0	1.0
8114.0	1.0
8120.0	1.0
8123.0	2.0
8124.0	1.0
8125.0	1.0
8131.0	2.0
8134.0	1.0
8135.0	1.0
8136.0	1.0
8137.0	1.0
8138.0	1.0
8139.0	1.0
8143.0	1.0
8144.0	3.0
8146.0	1.0
8148.0	1.0
8149.0	1.0
8150.0	1.0
8151.0	1.0
8153.0	1.0
8154.0	1.0
8156.0	1.0
8158.0	1.0
8159.0	1.0
8163.0	1.0
8173.0	1.0
8176.0	1.0
8183.0	1.0
8186.0	1.0
8187.0	1.0
8188.0	1.0
8190.0	1.0
8191.0	1.0
8194.0	1.0
8195.0	2.0
8196.0	3.0
8197.0	1.0
8203.0	1.0
8209.0	1.0
8217.0	1.0
8223.0	1.0
8224.0	1.0
8241.0	1.0
8273.0	1.0
8279.0	1.0
8281.0	1.0
8283.0	1.0
8286.0	1.0
8322.0	1.0
8338.0	1.0
8339.0	1.0
8340.0	2.0
8352.0	1.0
8361.0	1.0
8381.0	1.0
8386.0	1.0
8397.0	1.0
8400.0	1.0
8407.0	2.0
8415.0	1.0
8423.0	1.0
8461.0	1.0
8466.0	1.0
8470.0	1.0
8481.0	1.0
8482.0	1.0
8488.0	1.0
8491.0	1.0
8520.0	2.0
8525.0	1.0
8526.0	1.0
8542.0	1.0
8554.0	1.0
8562.0	1.0
8569.0	1.0
8583.0	1.0
8588.0	1.0
8592.0	1.0
8615.0	1.0
8621.0	1.0
8622.0	2.0
8633.0	1.0
8638.0	1.0
8649.0	1.0
8664.0	1.0
8666.0	1.0
8669.0	1.0
8678.0	1.0
8695.0	1.0
8704.0	1.0
8708.0	1.0
8719.0	1.0
8736.0	1.0
8746.0	1.0
8751.0	2.0
8754.0	1.0
8758.0	1.0
8779.0	1.0
8792.0	1.0
8794.0	1.0
8796.0	1.0
8802.0	1.0
8827.0	1.0
8834.0	1.0
8839.0	1.0
8843.0	1.0
8858.0	1.0
8863.0	1.0
8866.0	1.0
8875.0	1.0
8878.0	1.0
8881.0	1.0
8882.0	1.0
8887.0	1.0
8913.0	1.0
8921.0	1.0
8934.0	1.0
8943.0	1.0
8948.0	1.0
8954.0	1.0
8960.0	1.0
8983.0	1.0
8987.0	1.0
8993.0	1.0
9010.0	1.0
9015.0	2.0
9025.0	1.0
9026.0	1.0
9049.0	1.0
9056.0	1.0
9059.0	1.0
9064.0	1.0
9067.0	1.0
9076.0	1.0
9082.0	1.0
9092.0	1.0
9104.0	1.0
9107.0	1.0
9113.0	1.0
9123.0	1.0
9127.0	1.0
9139.0	1.0
9151.0	1.0
9160.0	1.0
9163.0	1.0
9182.0	1.0
9188.0	1.0
9191.0	3.0
9193.0	1.0
9209.0	1.0
9215.0	1.0
9237.0	1.0
9245.0	1.0
9246.0	1.0
9250.0	1.0
9252.0	1.0
9257.0	1.0
9292.0	1.0
9296.0	1.0
9306.0	1.0
9313.0	3.0
9316.0	1.0
9332.0	1.0
9339.0	1.0
9348.0	1.0
9361.0	1.0
9362.0	1.0
9364.0	2.0
9367.0	1.0
9382.0	1.0
9388.0	1.0
9397.0	1.0
9402.0	1.0
9403.0	1.0
9405.0	1.0
9420.0	1.0
9422.0	1.0
9453.0	1.0
9462.0	1.0
9468.0	1.0
9471.0	1.0
9476.0	1.0
9477.0	1.0
9482.0	1.0
9488.0	1.0
9503.0	1.0
9512.0	1.0
9513.0	1.0
9520.0	1.0
9527.0	1.0
9562.0	1.0
9566.0	1.0
9572.0	2.0
9578.0	1.0
9584.0	1.0
9585.0	1.0
9596.0	1.0
9597.0	1.0
9598.0	1.0
9619.0	2.0
9623.0	1.0
9632.0	1.0
9641.0	1.0
9653.0	1.0
9660.0	1.0
9671.0	1.0
9675.0	1.0
9678.0	1.0
9679.0	1.0
9682.0	1.0
9683.0	1.0
9694.0	2.0
9723.0	1.0
9739.0	1.0
9754.0	1.0
9755.0	1.0
9772.0	1.0
9779.0	3.0
9781.0	1.0
9786.0	1.0
9790.0	1.0
9811.0	1.0
9819.0	1.0
9827.0	1.0
9830.0	1.0
9843.0	1.0
9848.0	1.0
9849.0	1.0
9863.0	1.0
9866.0	1.0
9873.0	1.0
9877.0	1.0
9888.0	1.0
9902.0	1.0
9912.0	1.0
9914.0	1.0
9918.0	1.0
9921.0	1.0
9926.0	1.0
9928.0	1.0
9929.0	1.0
9933.0	1.0
9944.0	1.0
9946.0	1.0
9955.0	1.0
9959.0	1.0
9966.0	1.0
9969.0	2.0
9972.0	1.0
9975.0	1.0
9982.0	1.0
9986.0	1.0
9988.0	1.0
9997.0	1.0
9999.0	2.0
10002.0	2.0
10005.0	2.0
10022.0	1.0
10026.0	1.0
10031.0	1.0
10045.0	2.0
10051.0	1.0
10053.0	1.0
10073.0	1.0
10076.0	1.0
10081.0	1.0
10083.0	1.0
10084.0	1.0
10086.0	1.0
10093.0	1.0
10096.0	2.0
10116.0	1.0
10120.0	3.0
10128.0	2.0
10131.0	1.0
10136.0	1.0
10144.0	1.0
10159.0	1.0
10163.0	1.0
10170.0	1.0
10172.0	1.0
10174.0	1.0
10179.0	1.0
10180.0	2.0
10184.0	1.0
10186.0	1.0
10193.0	1.0
10196.0	1.0
10199.0	2.0
10227.0	1.0
10230.0	2.0
10233.0	1.0
10243.0	1.0
10246.0	1.0
10251.0	1.0
10257.0	1.0
10274.0	1.0
10275.0	1.0
10290.0	1.0
10298.0	1.0
10299.0	1.0
10303.0	1.0
10315.0	1.0
10318.0	1.0
10338.0	1.0
10343.0	1.0
10353.0	1.0
10358.0	1.0
10365.0	1.0
10367.0	1.0
10368.0	1.0
10376.0	1.0
10378.0	1.0
10381.0	1.0
10388.0	1.0
10389.0	1.0
10391.0	1.0
10394.0	1.0
10403.0	1.0
10412.0	1.0
10414.0	1.0
10416.0	1.0
10424.0	1.0
10437.0	1.0
10439.0	3.0
10443.0	1.0
10446.0	1.0
10449.0	1.0
10450.0	1.0
10455.0	1.0
10469.0	1.0
10473.0	1.0
10475.0	1.0
10478.0	1.0
10480.0	1.0
10483.0	2.0
10494.0	2.0
10497.0	1.0
10498.0	1.0
10499.0	1.0
10502.0	2.0
10503.0	1.0
10515.0	1.0
10521.0	1.0
10528.0	1.0
10529.0	1.0
10531.0	1.0
10538.0	1.0
10540.0	1.0
10549.0	1.0
10554.0	2.0
10561.0	1.0
10564.0	1.0
10565.0	1.0
10566.0	1.0
10569.0	1.0
10571.0	2.0
10575.0	2.0
10576.0	1.0
10577.0	1.0
10579.0	1.0
10582.0	1.0
10586.0	1.0
10588.0	1.0
10589.0	1.0
10592.0	1.0
10599.0	1.0
10600.0	1.0
10601.0	1.0
10609.0	1.0
10612.0	1.0
10614.0	1.0
10616.0	1.0
10618.0	1.0
10622.0	1.0
10640.0	1.0
10668.0	1.0
10683.0	1.0
10685.0	1.0
10686.0	1.0
10688.0	1.0
10689.0	1.0
10690.0	1.0
10692.0	1.0
10697.0	1.0
10698.0	2.0
10715.0	1.0
10717.0	1.0
10718.0	1.0
10735.0	1.0
10742.0	1.0
10745.0	1.0
10752.0	1.0
10758.0	1.0
10764.0	3.0
10766.0	1.0
10776.0	1.0
10777.0	1.0
10789.0	1.0
10790.0	1.0
10793.0	1.0
10811.0	1.0
10812.0	1.0
10814.0	1.0
10815.0	1.0
10818.0	1.0
10820.0	1.0
10824.0	1.0
10830.0	1.0
10838.0	2.0
10839.0	1.0
10850.0	1.0
10852.0	1.0
10856.0	1.0
10864.0	1.0
10872.0	1.0
10875.0	1.0
10883.0	1.0
10885.0	1.0
10886.0	1.0
10901.0	1.0
10906.0	1.0
10907.0	1.0
10910.0	1.0
10913.0	1.0
10920.0	1.0
10925.0	3.0
10926.0	1.0
10931.0	1.0
10932.0	1.0
10933.0	3.0
10936.0	1.0
10938.0	1.0
10939.0	1.0
10943.0	1.0
10944.0	1.0
10947.0	1.0
10949.0	2.0
10953.0	2.0
10960.0	1.0
10962.0	2.0
10964.0	1.0
10966.0	1.0
10967.0	1.0
10968.0	2.0
10971.0	2.0
10977.0	1.0
10983.0	1.0
10987.0	1.0
10988.0	1.0
10989.0	1.0
10995.0	1.0
10997.0	1.0
11002.0	1.0
11006.0	1.0
11017.0	1.0
11034.0	1.0
11050.0	1.0
11053.0	1.0
11063.0	1.0
11076.0	1.0
11090.0	1.0
11091.0	1.0
11092.0	1.0
11102.0	1.0
11111.0	1.0
11124.0	1.0
11129.0	1.0
11136.0	2.0
11142.0	2.0
11145.0	1.0
11147.0	1.0
11160.0	1.0
11176.0	1.0
11185.0	1.0
11192.0	1.0
11196.0	1.0
11210.0	1.0
11219.0	1.0
11221.0	1.0
11230.0	1.0
11248.0	1.0
11251.0	1.0
11261.0	1.0
11271.0	1.0
11283.0	1.0
11285.0	1.0
11293.0	1.0
11301.0	1.0
11304.0	1.0
11313.0	1.0
11318.0	1.0
11324.0	1.0
11335.0	1.0
11339.0	1.0
11346.0	1.0
11352.0	1.0
11361.0	1.0
11376.0	1.0
11385.0	1.0
11386.0	1.0
11388.0	1.0
11396.0	1.0
11398.0	1.0
11413.0	1.0
11414.0	1.0
11419.0	1.0
11423.0	1.0
11437.0	1.0
11442.0	1.0
11445.0	1.0
11450.0	1.0
11451.0	1.0
11457.0	3.0
11472.0	1.0
11480.0	1.0
11486.0	1.0
11501.0	1.0
11503.0	1.0
11525.0	1.0
11528.0	1.0
11540.0	1.0
11564.0	1.0
11566.0	1.0
11567.0	1.0
11586.0	1.0
11593.0	1.0
11594.0	1.0
11599.0	1.0
11613.0	1.0
11630.0	1.0
11637.0	1.0
11638.0	1.0
11649.0	1.0
11650.0	1.0
11665.0	1.0
11675.0	1.0
11676.0	1.0
11686.0	1.0
11692.0	1.0
11693.0	1.0
11694.0	1.0
11699.0	1.0
11730.0	1.0
11739.0	1.0
11744.0	1.0
11746.0	1.0
11762.0	2.0
11766.0	1.0
11767.0	1.0
11769.0	2.0
11775.0	1.0
11777.0	1.0
11781.0	1.0
11791.0	1.0
11793.0	1.0
11794.0	1.0
11800.0	1.0
11814.0	1.0
11822.0	1.0
11826.0	1.0
11835.0	1.0
11837.0	1.0
11840.0	1.0
11842.0	1.0
11851.0	1.0
11853.0	1.0
11860.0	1.0
11862.0	1.0
11864.0	1.0
11869.0	1.0
11870.0	1.0
11887.0	1.0
11891.0	2.0
11895.0	2.0
11897.0	1.0
11898.0	1.0
11903.0	1.0
11906.0	1.0
11917.0	1.0
11920.0	1.0
11927.0	1.0
11954.0	2.0
11961.0	1.0
12003.0	1.0
12024.0	1.0
12025.0	1.0
12033.0	1.0
12052.0	1.0
12060.0	1.0
12062.0	1.0
12069.0	1.0
12072.0	1.0
12073.0	1.0
12093.0	1.0
12100.0	1.0
12116.0	1.0
12124.0	1.0
12131.0	1.0
12135.0	1.0
12156.0	1.0
12165.0	1.0
12168.0	2.0
12172.0	1.0
12188.0	1.0
12191.0	1.0
12204.0	1.0
12238.0	1.0
12245.0	1.0
12251.0	1.0
12252.0	1.0
12267.0	1.0
12269.0	1.0
12273.0	1.0
12274.0	1.0
12288.0	1.0
12300.0	1.0
12309.0	1.0
12311.0	1.0
12314.0	1.0
12319.0	1.0
12330.0	1.0
12360.0	1.0
12367.0	1.0
12368.0	1.0
12381.0	1.0
12392.0	1.0
12397.0	1.0
12398.0	1.0
12400.0	2.0
12416.0	1.0
12422.0	1.0
12424.0	1.0
12436.0	1.0
12443.0	1.0
12445.0	1.0
12483.0	1.0
12484.0	1.0
12524.0	1.0
12526.0	1.0
12527.0	1.0
12531.0	1.0
12533.0	1.0
12560.0	1.0
12563.0	1.0
12564.0	1.0
12568.0	1.0
12570.0	1.0
12584.0	1.0
12585.0	1.0
12589.0	1.0
12605.0	1.0
12608.0	1.0
12614.0	1.0
12615.0	1.0
12618.0	1.0
12621.0	2.0
12624.0	1.0
12640.0	1.0
12643.0	1.0
12645.0	1.0
12648.0	1.0
12657.0	1.0
12664.0	1.0
12681.0	1.0
12694.0	1.0
12711.0	1.0
12712.0	1.0
12714.0	1.0
12720.0	1.0
12724.0	1.0
12754.0	1.0
12755.0	1.0
12764.0	1.0
12768.0	1.0
12772.0	1.0
12775.0	1.0
12779.0	2.0
12781.0	1.0
12785.0	1.0
12787.0	1.0
12790.0	1.0
12799.0	1.0
12803.0	1.0
12805.0	1.0
12806.0	1.0
12809.0	1.0
12811.0	1.0
12812.0	1.0
12813.0	1.0
12839.0	2.0
12847.0	1.0
12852.0	1.0
12864.0	1.0
12870.0	1.0
12880.0	1.0
12896.0	1.0
12898.0	1.0
12907.0	1.0
12911.0	1.0
12917.0	1.0
12929.0	1.0
12990.0	1.0
13019.0	1.0
13033.0	1.0
13035.0	1.0
13048.0	1.0
13069.0	1.0
13074.0	1.0
13100.0	1.0
13101.0	1.0
13112.0	1.0
13114.0	1.0
13139.0	1.0
13142.0	1.0
13151.0	1.0
13180.0	1.0
13181.0	1.0
13189.0	1.0
13200.0	1.0
13206.0	1.0
13214.0	1.0
13218.0	1.0
13228.0	1.0
13231.0	1.0
13233.0	1.0
13238.0	1.0
13241.0	1.0
13250.0	1.0
13255.0	1.0
13262.0	1.0
13266.0	1.0
13272.0	1.0
13274.0	1.0
13276.0	1.0
13278.0	1.0
13280.0	1.0
13282.0	1.0
13285.0	1.0
13293.0	1.0
13294.0	1.0
13297.0	1.0
13301.0	1.0
13304.0	2.0
13305.0	1.0
13306.0	1.0
13307.0	1.0
13400.0	1.0
13413.0	1.0
13414.0	1.0
13440.0	1.0
13450.0	2.0
13533.0	1.0
13552.0	1.0
13565.0	1.0
13596.0	1.0
13618.0	1.0
13623.0	1.0
13649.0	1.0
13675.0	1.0
13725.0	1.0
13772.0	1.0
13773.0	1.0
13787.0	1.0
13803.0	1.0
13816.0	1.0
13839.0	1.0
13853.0	1.0
13878.0	1.0
13899.0	1.0
13974.0	1.0
14004.0	1.0
14012.0	1.0
14013.0	1.0
14014.0	1.0
14027.0	1.0
14061.0	1.0
14072.0	1.0
14107.0	1.0
14108.0	1.0
14116.0	1.0
14133.0	1.0
14161.0	1.0
14252.0	1.0
14255.0	1.0
14260.0	1.0
14266.0	1.0
14309.0	1.0
14310.0	1.0
14324.0	1.0
14341.0	1.0
14382.0	1.0
14418.0	1.0
14421.0	1.0
14460.0	1.0
14466.0	1.0
14493.0	1.0
14532.0	1.0
14537.0	1.0
14592.0	1.0
14599.0	1.0
14606.0	1.0
14618.0	1.0
14629.0	1.0
14648.0	1.0
14657.0	1.0
14691.0	1.0
14713.0	1.0
14741.0	1.0
14750.0	1.0
14790.0	1.0
14811.0	1.0
14839.0	1.0
14865.0	1.0
14890.0	1.0
14892.0	1.0
14894.0	1.0
14918.0	1.0
14944.0	1.0
14959.0	1.0
15012.0	1.0
15034.0	1.0
15054.0	1.0
15063.0	1.0
15105.0	1.0
15169.0	1.0
15181.0	1.0
15191.0	1.0
15225.0	1.0
15227.0	1.0
15238.0	1.0
15253.0	1.0
15266.0	1.0
15299.0	1.0
15300.0	1.0
15340.0	1.0
15378.0	1.0
15383.0	1.0
15390.0	1.0
15434.0	1.0
15458.0	1.0
15502.0	1.0
15510.0	1.0
15541.0	1.0
15561.0	1.0
15576.0	1.0
15596.0	1.0
15626.0	1.0
15652.0	1.0
15656.0	1.0
15661.0	1.0
15721.0	1.0
15726.0	1.0
15742.0	1.0
15760.0	1.0
15764.0	1.0
15771.0	1.0
15822.0	1.0
15834.0	1.0
15845.0	1.0
15871.0	1.0
15887.0	1.0
15937.0	1.0
15962.0	1.0
15968.0	1.0
15973.0	1.0
16004.0	1.0
16024.0	1.0
16029.0	1.0
16085.0	1.0
16093.0	1.0
16103.0	1.0
16108.0	1.0
16126.0	1.0
16148.0	1.0
16175.0	1.0
16179.0	1.0
16182.0	1.0
16184.0	1.0
16249.0	1.0
16278.0	1.0
16305.0	1.0
16329.0	1.0
16330.0	1.0
16356.0	1.0
16393.0	1.0
16394.0	1.0
16415.0	1.0
16479.0	1.0
16521.0	2.0
16526.0	1.0
16560.0	1.0
16577.0	1.0
16579.0	1.0
16595.0	1.0
16598.0	1.0
16615.0	1.0
16617.0	1.0
16621.0	1.0
16622.0	1.0
16645.0	1.0
16706.0	1.0
16711.0	2.0
16745.0	1.0
16761.0	1.0
16765.0	1.0
16782.0	1.0
16803.0	1.0
16824.0	1.0
16855.0	1.0
16858.0	1.0
16899.0	1.0
16900.0	1.0
16901.0	1.0
16935.0	1.0
16966.0	2.0
16999.0	1.0
17012.0	1.0
17031.0	1.0
17035.0	1.0
17058.0	1.0
17078.0	1.0
17081.0	1.0
17087.0	1.0
17091.0	1.0
17101.0	1.0
17117.0	1.0
17122.0	1.0
17174.0	1.0
17178.0	1.0
17186.0	1.0
17228.0	1.0
17242.0	1.0
17268.0	1.0
17269.0	1.0
17286.0	1.0
17311.0	1.0
17330.0	1.0
17342.0	1.0
17370.0	1.0
17391.0	1.0
17398.0	1.0
17447.0	1.0
17469.0	1.0
17472.0	1.0
17504.0	1.0
17505.0	1.0
17520.0	1.0
17522.0	1.0
17535.0	1.0
17545.0	1.0
17547.0	1.0
17565.0	1.0
17571.0	1.0
17575.0	1.0
17600.0	1.0
17610.0	1.0
17618.0	1.0
17624.0	1.0
17661.0	2.0
17665.0	1.0
17734.0	1.0
17747.0	1.0
17750.0	1.0
17751.0	1.0
17757.0	1.0
17760.0	1.0
17801.0	1.0
17805.0	1.0
17807.0	1.0
17816.0	1.0
17821.0	1.0
17853.0	1.0
17864.0	1.0
17877.0	1.0
17881.0	1.0
17883.0	1.0
17886.0	1.0
17905.0	1.0
17917.0	1.0
17920.0	1.0
17926.0	1.0
17931.0	1.0
17934.0	2.0
17957.0	1.0
17958.0	1.0
17963.0	1.0
17966.0	1.0
17976.0	1.0
17981.0	1.0
18010.0	1.0
18016.0	1.0
18025.0	1.0
18037.0	1.0
18053.0	1.0
18068.0	2.0
18069.0	1.0
18080.0	1.0
18103.0	2.0
18112.0	1.0
18145.0	1.0
18157.0	1.0
18158.0	1.0
18182.0	1.0
18193.0	1.0
18226.0	1.0
18233.0	1.0
18244.0	1.0
18269.0	1.0
18277.0	1.0
18286.0	1.0
18294.0	1.0
18304.0	1.0
18311.0	1.0
18313.0	1.0
18329.0	1.0
18330.0	1.0
18363.0	1.0
18365.0	1.0
18369.0	1.0
18380.0	1.0
18384.0	1.0
18399.0	1.0
18400.0	1.0
18405.0	1.0
18409.0	1.0
18415.0	1.0
18417.0	1.0
18418.0	1.0
18421.0	2.0
18425.0	2.0
18432.0	1.0
18434.0	1.0
18470.0	1.0
18518.0	1.0
18533.0	1.0
18543.0	1.0
18549.0	1.0
18558.0	1.0
18582.0	1.0
18613.0	1.0
18637.0	1.0
18651.0	1.0
18662.0	1.0
18721.0	1.0
18730.0	1.0
18731.0	1.0
18786.0	1.0
18789.0	1.0
18813.0	1.0
18824.0	1.0
18831.0	1.0
18854.0	1.0
18859.0	1.0
18872.0	1.0
18877.0	1.0
18952.0	1.0
18975.0	1.0
19006.0	1.0
19029.0	1.0
19046.0	1.0
19091.0	1.0
19099.0	1.0
19132.0	1.0
19143.0	1.0
19184.0	1.0
19204.0	1.0
19248.0	1.0
19284.0	1.0
19333.0	1.0
19341.0	1.0
19363.0	1.0
19381.0	1.0
19391.0	1.0
19403.0	1.0
19416.0	1.0
19429.0	1.0
19475.0	1.0
19547.0	1.0
19549.0	1.0
19613.0	1.0
19614.0	1.0
19629.0	1.0
19634.0	1.0
19641.0	2.0
19670.0	1.0
19673.0	1.0
19683.0	1.0
19710.0	1.0
19717.0	1.0
19758.0	1.0
19776.0	1.0
19786.0	1.0
19792.0	1.0
19828.0	1.0
19839.0	1.0
19845.0	1.0
19865.0	1.0
19881.0	1.0
19923.0	1.0
19926.0	1.0
19940.0	1.0
19997.0	1.0
20023.0	1.0
20043.0	2.0
20048.0	1.0
20054.0	1.0
20068.0	1.0
20102.0	1.0
20104.0	1.0
20105.0	1.0
20129.0	1.0
20138.0	1.0
20143.0	1.0
20178.0	1.0
20197.0	1.0
20213.0	1.0
20252.0	1.0
20257.0	1.0
20267.0	1.0
20302.0	1.0
20308.0	1.0
20324.0	1.0
20343.0	1.0
20350.0	1.0
20356.0	1.0
20415.0	1.0
20428.0	1.0
20440.0	1.0
20451.0	1.0
20499.0	1.0
20509.0	1.0
20581.0	1.0
20608.0	1.0
20615.0	1.0
20627.0	1.0
20635.0	1.0
20641.0	1.0
20655.0	1.0
20667.0	1.0
20672.0	1.0
20717.0	1.0
20741.0	2.0
20776.0	2.0
20836.0	1.0
20866.0	1.0
20874.0	2.0
20881.0	1.0
20896.0	1.0
20900.0	1.0
20909.0	1.0
20920.0	1.0
20953.0	1.0
20959.0	1.0
20996.0	1.0
21011.0	1.0
21015.0	1.0
21017.0	1.0
21028.0	1.0
21039.0	1.0
21081.0	1.0
21110.0	1.0
21138.0	1.0
21145.0	1.0
21154.0	1.0
21178.0	1.0
21188.0	1.0
21201.0	1.0
21243.0	1.0
21248.0	1.0
21250.0	1.0
21253.0	1.0
21259.0	1.0
21289.0	1.0
21323.0	1.0
21325.0	1.0
21337.0	1.0
21339.0	1.0
21360.0	1.0
21367.0	1.0
21392.0	1.0
21416.0	1.0
21434.0	1.0
21455.0	2.0
21456.0	1.0
21461.0	1.0
21482.0	1.0
21505.0	1.0
21507.0	1.0
21526.0	1.0
21545.0	1.0
21549.0	1.0
21550.0	1.0
21568.0	1.0
21587.0	1.0
21612.0	1.0
21623.0	1.0
21636.0	1.0
21639.0	1.0
21661.0	1.0
21664.0	1.0
21678.0	1.0
21703.0	1.0
21705.0	1.0
21707.0	1.0
21719.0	1.0
21720.0	1.0
21721.0	1.0
21725.0	1.0
21740.0	1.0
21741.0	1.0
21746.0	1.0
21751.0	1.0
21765.0	1.0
21783.0	1.0
21791.0	1.0
21795.0	1.0
21804.0	1.0
21806.0	1.0
21810.0	1.0
21813.0	1.0
21818.0	1.0
21832.0	1.0
21837.0	1.0
21838.0	1.0
21846.0	2.0
21855.0	1.0
21881.0	1.0
21905.0	1.0
21908.0	1.0
21920.0	1.0
21964.0	1.0
21974.0	1.0
21994.0	1.0
21999.0	1.0
22001.0	1.0
22015.0	1.0
22023.0	1.0
22037.0	1.0
22049.0	1.0
22058.0	1.0
22064.0	1.0
22079.0	1.0
22081.0	1.0
22088.0	1.0
22089.0	1.0
22107.0	1.0
22109.0	1.0
22121.0	1.0
22122.0	1.0
22132.0	1.0
22135.0	1.0
22143.0	1.0
22144.0	1.0
22149.0	1.0
22154.0	1.0
22167.0	1.0
22178.0	1.0
22218.0	1.0
22243.0	1.0
22258.0	1.0
22272.0	1.0
22299.0	1.0
22304.0	1.0
22308.0	1.0
22319.0	1.0
22350.0	1.0
22368.0	1.0
22373.0	1.0
22385.0	1.0
22432.0	1.0
22453.0	1.0
22463.0	1.0
22468.0	1.0
22469.0	1.0
22470.0	1.0
22508.0	1.0
22528.0	1.0
22530.0	1.0
22533.0	1.0
22570.0	1.0
22577.0	1.0
22627.0	1.0
22633.0	1.0
22646.0	1.0
22660.0	1.0
22662.0	1.0
22688.0	2.0
22699.0	1.0
22702.0	1.0
22708.0	1.0
22710.0	1.0
22711.0	1.0
22723.0	1.0
22727.0	1.0
22732.0	1.0
22734.0	1.0
22818.0	1.0
22837.0	1.0
22853.0	1.0
22910.0	1.0
22958.0	1.0
22962.0	1.0
23001.0	1.0
23011.0	1.0
23028.0	1.0
23038.0	1.0
23053.0	1.0
23075.0	1.0
23080.0	1.0
23085.0	1.0
23093.0	1.0
23106.0	1.0
23115.0	1.0
23119.0	1.0
23131.0	1.0
23132.0	1.0
23139.0	1.0
23193.0	1.0
23216.0	1.0
23282.0	1.0
23356.0	1.0
23373.0	1.0
23386.0	1.0
23439.0	1.0
23442.0	1.0
23498.0	1.0
23531.0	1.0
23607.0	1.0
23687.0	1.0
23730.0	1.0
23734.0	1.0
23816.0	1.0
23823.0	1.0
23827.0	1.0
23961.0	1.0
24003.0	1.0
24031.0	1.0
24074.0	1.0
24083.0	1.0
24088.0	1.0
24274.0	1.0
24325.0	1.0
24373.0	1.0
24374.0	1.0
24449.0	1.0
24507.0	1.0
24514.0	1.0
24578.0	1.0
24580.0	1.0
24625.0	1.0
24648.0	1.0
24661.0	1.0
24665.0	1.0
24675.0	1.0
24682.0	1.0
25091.0	1.0
25277.0	1.0
25478.0	1.0
25547.0	1.0
25591.0	1.0
25832.0	1.0
25939.0	1.0
26104.0	1.0
26113.0	1.0
26218.0	1.0
26262.0	1.0
26298.0	1.0
26321.0	1.0
26458.0	1.0
26511.0	1.0
26629.0	1.0
26789.0	1.0
26997.0	1.0
27223.0	1.0
27255.0	1.0
27328.0	1.0
27473.0	1.0
27492.0	1.0
27670.0	1.0
27710.0	1.0
27723.0	1.0
27759.0	1.0
27803.0	1.0
27871.0	1.0
27877.0	1.0
27885.0	1.0
28004.0	1.0
28025.0	1.0
28035.0	1.0
28225.0	1.0
28227.0	1.0
28329.0	1.0
28415.0	1.0
28516.0	1.0
28542.0	1.0
28586.0	1.0
28671.0	1.0
28709.0	1.0
28823.0	1.0
28829.0	1.0
28843.0	1.0
28992.0	1.0
29049.0	1.0
29101.0	1.0
29110.0	1.0
29117.0	1.0
29180.0	1.0
29189.0	1.0
29263.0	1.0
29347.0	1.0
29364.0	1.0
29491.0	1.0
29709.0	1.0
29846.0	1.0
29854.0	1.0
29902.0	1.0
29908.0	1.0
29912.0	1.0
29947.0	1.0
29958.0	1.0
29971.0	1.0
30056.0	1.0
30169.0	1.0
30184.0	1.0
30274.0	1.0
30535.0	1.0
32019.0	1.0
33348.0	1.0
35515.0	1.0
36488.0	1.0
37708.0	1.0
38892.0	1.0
38933.0	1.0
40354.0	1.0
41622.0	1.0
41902.0	1.0
44191.0	1.0
44364.0	1.0
47075.0	1.0
47246.0	1.0
48562.0	1.0
50048.0	1.0
50987.0	1.0
51063.0	1.0
52079.0	1.0
53118.0	1.0
53469.0	1.0
55382.0	1.0
56844.0	1.0
58420.0	1.0
59230.0	1.0
59493.0	1.0
60191.0	1.0
62271.0	1.0
62445.0	1.0
63199.0	1.0
64477.0	1.0
64763.0	1.0
66422.0	1.0
67571.0	1.0
68348.0	1.0
70364.0	1.0
70837.0	1.0
72334.0	1.0
73135.0	1.0
74523.0	1.0
75259.0	1.0
76088.0	1.0
76895.0	1.0
77821.0	1.0
78607.0	1.0
79876.0	1.0
80792.0	1.0
81753.0	1.0
83060.0	1.0
84531.0	1.0
85271.0	1.0
87273.0	1.0
87828.0	1.0
88772.0	1.0
89563.0	1.0
90511.0	1.0
91547.0	1.0
92025.0	1.0
93509.0	1.0
93822.0	1.0
94208.0	1.0
95656.0	1.0
96045.0	1.0
97686.0	1.0
98161.0	1.0
99413.0	1.0
100111.0	1.0
100300.0	1.0
101438.0	1.0
102328.0	1.0
102386.0	1.0
103728.0	1.0
104302.0	1.0
105078.0	1.0
105863.0	1.0
106119.0	1.0
106619.0	1.0
107149.0	1.0
107652.0	1.0
107890.0	1.0
108789.0	1.0
110208.0	1.0
110754.0	1.0
111621.0	1.0
112160.0	1.0
112580.0	1.0
113206.0	1.0
113511.0	1.0
113641.0	1.0
114343.0	1.0
115786.0	1.0
116430.0	1.0
116636.0	1.0
117203.0	1.0
117323.0	1.0
117490.0	1.0
117713.0	1.0
117908.0	1.0
117945.0	1.0
118323.0	1.0
118460.0	1.0
118768.0	1.0
119036.0	1.0
119452.0	1.0
119553.0	1.0
119572.0	1.0
119698.0	1.0
119879.0	1.0
120020.0	1.0
120182.0	1.0
120394.0	1.0
120475.0	1.0
120591.0	1.0
120630.0	1.0
120642.0	1.0
120765.0	1.0
120904.0	1.0
120995.0	1.0
121055.0	1.0
121067.0	1.0
121072.0	1.0
121210.0	1.0
121378.0	1.0
121407.0	1.0
121701.0	1.0
121735.0	1.0
121996.0	1.0
122038.0	1.0
122424.0	1.0
122494.0	1.0
122535.0	1.0
122811.0	1.0
122873.0	1.0
123055.0	1.0
123552.0	1.0
124131.0	1.0
124892.0	1.0
124975.0	1.0
125071.0	1.0
125320.0	1.0
125395.0	1.0
125692.0	1.0
125853.0	1.0
125937.0	1.0
126569.0	1.0
126878.0	1.0
127169.0	1.0
127222.0	1.0
127240.0	1.0
127246.0	1.0
127368.0	1.0
127397.0	1.0
127603.0	1.0
128050.0	1.0
128130.0	1.0
128322.0	1.0
128714.0	1.0
128791.0	1.0
